STARTING WITH RETAIL VS AVERAGE 



END OF RETAIL VS AVERAGE 



STARTING WITH RETAIL VS ARRIVAL 



Threshold value for slope based: -1.05738497599
Threshold value for slope based: -1.00143073648
END OF RETAIL VS ARRIVAL 



STARTING WITH RETAIL VS WHOLESALE 



END OF RETAIL VS WHOLESALE 



STARTING WITH WHOLESALE VS ARRIVAL 



Threshold value for slope based: -1.2284247661
input0GBA.csvinput0GBA.csv input1GBA.csv[1] "coverged after 40 iterations"

Threshold value for slope based: -0.914313966621
input0GBA.csvinput0GBA.csv input1GBA.csv[1] "coverged after 31 iterations"

END OF RETAIL VS ARRIVAL 



Center:Mumbai

Anomalies Reported:
,Slope Based,Correlation,Linear Regression,Graph Based,Multi Variate,1 U 2 U 3,4 U 5,(1 U 2 U 3) ^ (4 U 5)
Retail Vs Average,742,1125,353,0,0,1780,0,0
Retail Vs Arrival,420,0,353,0,0,707,0,0
Retail Vs Wholesale,658,825,310,0,0,1502,0,0
Wholesale Vs Arrival,448,900,282,0,0,1452,0,0


News Article Analysis:

,Slope Based,Correlation,Linear Regression,Graph Based,Multi Variate,1 U 2 U 3,4 U 5,(1 U 2 U 3) ^ (4 U 5)
Retail Vs Average,67,118,50,0,0,174,0,0
Retail Vs Arrival,42,0,167,0,0,181,0,0
Retail Vs Wholesale,37,10,40,0,0,82,0,0
Wholesale Vs Arrival,64,14,174,0,0,185,0,0


Total Articles for Mumbai,101


Retail Vs Average
Distribution of All Articles, Articles Present, Slope Based,Correlation,Linear Regression,Graph Based,Multi Variate,1 U 2 U 3,4 U 5,(1 U 2 U 3) ^ (4 U 5)
2010,6,0,11,8,0,0,16,0,0
2011,5,0,4,0,0,0,4,0,0
2012,2,1,10,0,0,0,10,0,0
2013,54,42,71,18,0,0,98,0,0
2014,23,24,22,24,0,0,46,0,0
2015,11,0,0,0,0,0,0,0,0


Retail Vs Arrival
Distribution of All Articles, Articles Present, Slope Based,Correlation,Linear Regression,Graph Based,Multi Variate,1 U 2 U 3,4 U 5,(1 U 2 U 3) ^ (4 U 5)
2010,6,17,0,17,0,0,17,0,0
2011,5,1,0,12,0,0,12,0,0
2012,2,0,0,0,0,0,0,0,0
2013,54,10,0,126,0,0,126,0,0
2014,23,14,0,12,0,0,26,0,0
2015,11,0,0,0,0,0,0,0,0


Retail Vs Wholesale
Distribution of All Articles, Articles Present, Slope Based,Correlation,Linear Regression,Graph Based,Multi Variate,1 U 2 U 3,4 U 5,(1 U 2 U 3) ^ (4 U 5)
2010,6,6,0,2,0,0,6,0,0
2011,5,8,10,0,0,0,18,0,0
2012,2,2,0,0,0,0,2,0,0
2013,54,7,0,18,0,0,25,0,0
2014,23,14,0,20,0,0,31,0,0
2015,11,0,0,0,0,0,0,0,0

\Wholesale Vs Arrival
Distribution of All Articles, Articles Present, Slope Based,Correlation,Linear Regression,Graph Based,Multi Variate,1 U 2 U 3,4 U 5,(1 U 2 U 3) ^ (4 U 5)
2010,6,17,6,17,0,0,17,0,0
2011,5,1,8,12,0,0,12,0,0
2012,2,0,0,0,0,0,0,0,0
2013,54,25,0,125,0,0,129,0,0
2014,23,21,0,20,0,0,27,0,0
2015,11,0,0,0,0,0,0,0,0



Anomalies reported Year Wise: 


Retail Vs Average
Distribution of All Articles, Slope Based,Correlation,Linear Regression,Graph Based,Multi Variate,1 U 2 U 3,4 U 5,(1 U 2 U 3) ^ (4 U 5)
2006,133,95,65,0,0,238,0,0
2007,14,110,30,0,0,143,0,0
2008,42,170,0,0,0,197,0,0
2009,82,171,0,0,0,199,0,0
2010,72,140,28,0,0,197,0,0
2011,56,124,115,0,0,192,0,0
2012,84,127,33,0,0,199,0,0
2013,77,110,56,0,0,179,0,0
2014,140,78,26,0,0,194,0,0
2015,42,0,0,0,0,42,0,0


Retail Vs Arrival
Distribution of All Articles,  Slope Based,Correlation,Linear Regression,Graph Based,Multi Variate,1 U 2 U 3,4 U 5,(1 U 2 U 3) ^ (4 U 5)
2006,35,0,0,0,0,35,0,0
2007,63,0,0,0,0,63,0,0
2008,28,0,0,0,0,28,0,0
2009,28,0,0,0,0,28,0,0
2010,48,0,46,0,0,67,0,0
2011,36,0,40,0,0,75,0,0
2012,77,0,0,0,0,77,0,0
2013,59,0,168,0,0,203,0,0
2014,46,0,99,0,0,131,0,0
2015,0,0,0,0,0,0,0,0


Retail Vs Wholesale
Distribution of All Articles,  Slope Based,Correlation,Linear Regression,Graph Based,Multi Variate,1 U 2 U 3,4 U 5,(1 U 2 U 3) ^ (4 U 5)
2006,126,135,0,0,0,182,0,0
2007,77,85,0,0,0,141,0,0
2008,70,110,0,0,0,158,0,0
2009,63,81,0,0,0,134,0,0
2010,62,129,2,0,0,159,0,0
2011,50,135,67,0,0,211,0,0
2012,72,150,64,0,0,239,0,0
2013,50,0,44,0,0,91,0,0
2014,60,0,99,0,0,128,0,0
2015,28,0,34,0,0,59,0,0

\Wholesale Vs Arrival
Distribution of All Articles,  Slope Based,Correlation,Linear Regression,Graph Based,Multi Variate,1 U 2 U 3,4 U 5,(1 U 2 U 3) ^ (4 U 5)
2006,0,215,0,0,0,215,0,0
2007,42,190,0,0,0,207,0,0
2008,21,151,0,0,0,158,0,0
2009,56,164,0,0,0,201,0,0
2010,83,150,51,0,0,221,0,0
2011,64,30,34,0,0,106,0,0
2012,42,0,0,0,0,42,0,0
2013,80,0,157,0,0,216,0,0
2014,46,0,40,0,0,72,0,0
2015,14,0,0,0,0,14,0,0
Raw Data:::
Retail vs Average data
Slope Result:::
Date,Value
2006-03-05 00:00:00,2.7563263629
2006-03-06 00:00:00,2.7563263629
2006-03-07 00:00:00,2.7563263629
2006-03-08 00:00:00,2.7563263629
2006-03-09 00:00:00,2.7563263629
2006-03-10 00:00:00,2.7563263629
2006-03-11 00:00:00,2.7563263629
2006-03-12 00:00:00,2.7563263629
2006-03-13 00:00:00,2.7563263629
2006-03-14 00:00:00,2.7563263629
2006-03-15 00:00:00,2.7563263629
2006-03-16 00:00:00,2.7563263629
2006-03-17 00:00:00,2.7563263629
2006-03-18 00:00:00,2.7563263629
2006-03-19 00:00:00,2.7563263629
2006-03-20 00:00:00,2.7563263629
2006-03-21 00:00:00,2.7563263629
2006-03-22 00:00:00,2.7563263629
2006-03-23 00:00:00,2.7563263629
2006-03-24 00:00:00,2.7563263629
2006-03-25 00:00:00,2.7563263629
2006-04-09 00:00:00,6.57864050782
2006-04-10 00:00:00,6.57864050782
2006-04-11 00:00:00,6.57864050782
2006-04-12 00:00:00,6.57864050782
2006-04-13 00:00:00,6.57864050782
2006-04-14 00:00:00,6.57864050782
2006-04-15 00:00:00,6.57864050782
2006-04-16 00:00:00,6.57864050782
2006-04-17 00:00:00,6.57864050782
2006-04-18 00:00:00,6.57864050782
2006-04-19 00:00:00,6.57864050782
2006-04-20 00:00:00,6.57864050782
2006-04-21 00:00:00,6.57864050782
2006-04-22 00:00:00,6.57864050782
2006-04-23 00:00:00,6.57864050782
2006-04-24 00:00:00,6.57864050782
2006-04-25 00:00:00,6.57864050782
2006-04-26 00:00:00,6.57864050782
2006-04-27 00:00:00,6.57864050782
2006-04-28 00:00:00,6.57864050782
2006-04-29 00:00:00,6.57864050782
2006-05-07 00:00:00,2.75517233706
2006-05-08 00:00:00,2.75517233706
2006-05-09 00:00:00,2.75517233706
2006-05-10 00:00:00,2.75517233706
2006-05-11 00:00:00,2.75517233706
2006-05-12 00:00:00,2.75517233706
2006-05-13 00:00:00,2.75517233706
2006-05-14 00:00:00,2.75517233706
2006-05-15 00:00:00,2.75517233706
2006-05-16 00:00:00,2.75517233706
2006-05-17 00:00:00,2.75517233706
2006-05-18 00:00:00,2.75517233706
2006-05-19 00:00:00,2.75517233706
2006-05-20 00:00:00,2.75517233706
2006-05-21 00:00:00,2.75517233706
2006-05-22 00:00:00,2.75517233706
2006-05-23 00:00:00,2.75517233706
2006-05-24 00:00:00,2.75517233706
2006-05-25 00:00:00,2.75517233706
2006-05-26 00:00:00,2.75517233706
2006-05-27 00:00:00,2.75517233706
2006-05-28 00:00:00,2.75517233706
2006-05-29 00:00:00,2.75517233706
2006-05-30 00:00:00,2.75517233706
2006-05-31 00:00:00,2.75517233706
2006-06-01 00:00:00,2.75517233706
2006-06-02 00:00:00,2.75517233706
2006-06-03 00:00:00,2.75517233706
2006-06-04 00:00:00,2.75517233706
2006-06-05 00:00:00,2.75517233706
2006-06-06 00:00:00,2.75517233706
2006-06-07 00:00:00,2.75517233706
2006-06-08 00:00:00,2.75517233706
2006-06-09 00:00:00,2.75517233706
2006-06-10 00:00:00,2.75517233706
2006-09-03 00:00:00,4.42889489822
2006-09-04 00:00:00,4.42889489822
2006-09-05 00:00:00,4.42889489822
2006-09-06 00:00:00,4.42889489822
2006-09-07 00:00:00,4.42889489822
2006-09-08 00:00:00,4.42889489822
2006-09-09 00:00:00,4.42889489822
2006-09-10 00:00:00,4.42889489822
2006-09-11 00:00:00,4.42889489822
2006-09-12 00:00:00,4.42889489822
2006-09-13 00:00:00,4.42889489822
2006-09-14 00:00:00,4.42889489822
2006-09-15 00:00:00,4.42889489822
2006-09-16 00:00:00,4.42889489822
2006-09-17 00:00:00,4.42889489822
2006-09-18 00:00:00,4.42889489822
2006-09-19 00:00:00,4.42889489822
2006-09-20 00:00:00,4.42889489822
2006-09-21 00:00:00,4.42889489822
2006-09-22 00:00:00,4.42889489822
2006-09-23 00:00:00,4.42889489822
2006-10-01 00:00:00,6.02389434341
2006-10-02 00:00:00,6.02389434341
2006-10-03 00:00:00,6.02389434341
2006-10-04 00:00:00,6.02389434341
2006-10-05 00:00:00,6.02389434341
2006-10-06 00:00:00,6.02389434341
2006-10-07 00:00:00,6.02389434341
2006-11-12 00:00:00,3.90111463554
2006-11-13 00:00:00,3.90111463554
2006-11-14 00:00:00,3.90111463554
2006-11-15 00:00:00,3.90111463554
2006-11-16 00:00:00,3.90111463554
2006-11-17 00:00:00,3.90111463554
2006-11-18 00:00:00,3.90111463554
2006-11-19 00:00:00,3.90111463554
2006-11-20 00:00:00,3.90111463554
2006-11-21 00:00:00,3.90111463554
2006-11-22 00:00:00,3.90111463554
2006-11-23 00:00:00,3.90111463554
2006-11-24 00:00:00,3.90111463554
2006-11-25 00:00:00,3.90111463554
2006-11-26 00:00:00,3.90111463554
2006-11-27 00:00:00,3.90111463554
2006-11-28 00:00:00,3.90111463554
2006-11-29 00:00:00,3.90111463554
2006-11-30 00:00:00,3.90111463554
2006-12-01 00:00:00,3.90111463554
2006-12-02 00:00:00,3.90111463554
2006-12-10 00:00:00,2.26212549858
2006-12-11 00:00:00,2.26212549858
2006-12-12 00:00:00,2.26212549858
2006-12-13 00:00:00,2.26212549858
2006-12-14 00:00:00,2.26212549858
2006-12-15 00:00:00,2.26212549858
2006-12-16 00:00:00,2.26212549858
2007-07-01 00:00:00,3.14315597214
2007-07-02 00:00:00,3.14315597214
2007-07-03 00:00:00,3.14315597214
2007-07-04 00:00:00,3.14315597214
2007-07-05 00:00:00,3.14315597214
2007-07-06 00:00:00,3.14315597214
2007-07-07 00:00:00,3.14315597214
2007-08-05 00:00:00,22.4595898375
2007-08-06 00:00:00,22.4595898375
2007-08-07 00:00:00,22.4595898375
2007-08-08 00:00:00,22.4595898375
2007-08-09 00:00:00,22.4595898375
2007-08-10 00:00:00,22.4595898375
2007-08-11 00:00:00,22.4595898375
2008-03-02 00:00:00,9.80744772173
2008-03-03 00:00:00,9.80744772173
2008-03-04 00:00:00,9.80744772173
2008-03-05 00:00:00,9.80744772173
2008-03-06 00:00:00,9.80744772173
2008-03-07 00:00:00,9.80744772173
2008-03-08 00:00:00,9.80744772173
2008-03-09 00:00:00,9.80744772173
2008-03-10 00:00:00,9.80744772173
2008-03-11 00:00:00,9.80744772173
2008-03-12 00:00:00,9.80744772173
2008-03-13 00:00:00,9.80744772173
2008-03-14 00:00:00,9.80744772173
2008-03-15 00:00:00,9.80744772173
2008-05-11 00:00:00,2.93685936936
2008-05-12 00:00:00,2.93685936936
2008-05-13 00:00:00,2.93685936936
2008-05-14 00:00:00,2.93685936936
2008-05-15 00:00:00,2.93685936936
2008-05-16 00:00:00,2.93685936936
2008-05-17 00:00:00,2.93685936936
2008-09-14 00:00:00,2.24736970339
2008-09-15 00:00:00,2.24736970339
2008-09-16 00:00:00,2.24736970339
2008-09-17 00:00:00,2.24736970339
2008-09-18 00:00:00,2.24736970339
2008-09-19 00:00:00,2.24736970339
2008-09-20 00:00:00,2.24736970339
2008-09-21 00:00:00,2.24736970339
2008-09-22 00:00:00,2.24736970339
2008-09-23 00:00:00,2.24736970339
2008-09-24 00:00:00,2.24736970339
2008-09-25 00:00:00,2.24736970339
2008-09-26 00:00:00,2.24736970339
2008-09-27 00:00:00,2.24736970339
2008-10-12 00:00:00,4.16075160667
2008-10-13 00:00:00,4.16075160667
2008-10-14 00:00:00,4.16075160667
2008-10-15 00:00:00,4.16075160667
2008-10-16 00:00:00,4.16075160667
2008-10-17 00:00:00,4.16075160667
2008-10-18 00:00:00,4.16075160667
2009-01-11 00:00:00,1.84725791819
2009-01-12 00:00:00,1.84725791819
2009-01-13 00:00:00,1.84725791819
2009-01-14 00:00:00,1.84725791819
2009-01-15 00:00:00,1.84725791819
2009-01-16 00:00:00,1.84725791819
2009-01-17 00:00:00,1.84725791819
2009-03-08 00:00:00,1.96589887418
2009-03-09 00:00:00,1.96589887418
2009-03-10 00:00:00,1.96589887418
2009-03-11 00:00:00,1.96589887418
2009-03-12 00:00:00,1.96589887418
2009-03-13 00:00:00,1.96589887418
2009-03-14 00:00:00,1.96589887418
2009-07-19 00:00:00,2.12365438368
2009-07-20 00:00:00,2.12365438368
2009-07-21 00:00:00,2.12365438368
2009-07-22 00:00:00,2.12365438368
2009-07-23 00:00:00,2.12365438368
2009-07-24 00:00:00,2.12365438368
2009-07-25 00:00:00,2.12365438368
2009-08-23 00:00:00,3.90315700646
2009-08-24 00:00:00,3.90315700646
2009-08-25 00:00:00,3.90315700646
2009-08-26 00:00:00,3.90315700646
2009-08-27 00:00:00,3.90315700646
2009-08-28 00:00:00,3.90315700646
2009-08-29 00:00:00,3.90315700646
2009-09-06 00:00:00,2.33560092169
2009-09-07 00:00:00,2.33560092169
2009-09-08 00:00:00,2.33560092169
2009-09-09 00:00:00,2.33560092169
2009-09-10 00:00:00,2.33560092169
2009-09-11 00:00:00,2.33560092169
2009-09-12 00:00:00,2.33560092169
2009-09-27 00:00:00,1.93495308256
2009-09-28 00:00:00,1.93495308256
2009-09-29 00:00:00,1.93495308256
2009-09-30 00:00:00,1.93495308256
2009-10-01 00:00:00,1.93495308256
2009-10-02 00:00:00,1.93495308256
2009-10-03 00:00:00,1.93495308256
2009-11-08 00:00:00,8.80034870231
2009-11-09 00:00:00,8.80034870231
2009-11-10 00:00:00,8.80034870231
2009-11-11 00:00:00,8.80034870231
2009-11-12 00:00:00,8.80034870231
2009-11-13 00:00:00,8.80034870231
2009-11-14 00:00:00,8.80034870231
2009-11-15 00:00:00,8.80034870231
2009-11-16 00:00:00,8.80034870231
2009-11-17 00:00:00,8.80034870231
2009-11-18 00:00:00,8.80034870231
2009-11-19 00:00:00,8.80034870231
2009-11-20 00:00:00,8.80034870231
2009-11-21 00:00:00,8.80034870231
2009-11-22 00:00:00,8.80034870231
2009-11-23 00:00:00,8.80034870231
2009-11-24 00:00:00,8.80034870231
2009-11-25 00:00:00,8.80034870231
2009-11-26 00:00:00,8.80034870231
2009-11-27 00:00:00,8.80034870231
2009-11-28 00:00:00,8.80034870231
2009-11-29 00:00:00,8.80034870231
2009-11-30 00:00:00,8.80034870231
2009-12-01 00:00:00,8.80034870231
2009-12-02 00:00:00,8.80034870231
2009-12-03 00:00:00,8.80034870231
2009-12-04 00:00:00,8.80034870231
2009-12-05 00:00:00,8.80034870231
2009-12-06 00:00:00,8.80034870231
2009-12-07 00:00:00,8.80034870231
2009-12-08 00:00:00,8.80034870231
2009-12-09 00:00:00,8.80034870231
2009-12-10 00:00:00,8.80034870231
2009-12-11 00:00:00,8.80034870231
2009-12-12 00:00:00,8.80034870231
2009-12-27 00:00:00,2.89998958734
2009-12-28 00:00:00,2.89998958734
2009-12-29 00:00:00,2.89998958734
2009-12-30 00:00:00,2.89998958734
2009-12-31 00:00:00,2.89998958734
2010-01-01 00:00:00,2.89998958734
2010-01-02 00:00:00,2.89998958734
2010-01-10 00:00:00,7.77624789906
2010-01-11 00:00:00,7.77624789906
2010-01-12 00:00:00,7.77624789906
2010-01-13 00:00:00,7.77624789906
2010-01-14 00:00:00,7.77624789906
2010-01-15 00:00:00,7.77624789906
2010-01-16 00:00:00,7.77624789906
2010-01-17 00:00:00,7.77624789906
2010-01-18 00:00:00,7.77624789906
2010-01-19 00:00:00,7.77624789906
2010-01-20 00:00:00,7.77624789906
2010-01-21 00:00:00,7.77624789906
2010-01-22 00:00:00,7.77624789906
2010-01-23 00:00:00,7.77624789906
2010-01-24 00:00:00,7.77624789906
2010-01-25 00:00:00,7.77624789906
2010-01-26 00:00:00,7.77624789906
2010-01-27 00:00:00,7.77624789906
2010-01-28 00:00:00,7.77624789906
2010-01-29 00:00:00,7.77624789906
2010-01-30 00:00:00,7.77624789906
2010-01-31 00:00:00,7.77624789906
2010-02-01 00:00:00,7.77624789906
2010-02-02 00:00:00,7.77624789906
2010-02-03 00:00:00,7.77624789906
2010-02-04 00:00:00,7.77624789906
2010-02-05 00:00:00,7.77624789906
2010-02-06 00:00:00,7.77624789906
2010-02-07 00:00:00,7.77624789906
2010-02-08 00:00:00,7.77624789906
2010-02-09 00:00:00,7.77624789906
2010-02-10 00:00:00,7.77624789906
2010-02-11 00:00:00,7.77624789906
2010-02-12 00:00:00,7.77624789906
2010-02-13 00:00:00,7.77624789906
2010-02-14 00:00:00,7.77624789906
2010-02-15 00:00:00,7.77624789906
2010-02-16 00:00:00,7.77624789906
2010-02-17 00:00:00,7.77624789906
2010-02-18 00:00:00,7.77624789906
2010-02-19 00:00:00,7.77624789906
2010-02-20 00:00:00,7.77624789906
2010-06-06 00:00:00,10.1294439232
2010-06-07 00:00:00,10.1294439232
2010-06-08 00:00:00,10.1294439232
2010-06-09 00:00:00,10.1294439232
2010-06-10 00:00:00,10.1294439232
2010-06-11 00:00:00,10.1294439232
2010-06-12 00:00:00,10.1294439232
2010-06-13 00:00:00,10.1294439232
2010-06-14 00:00:00,10.1294439232
2010-06-15 00:00:00,10.1294439232
2010-06-16 00:00:00,10.1294439232
2010-06-17 00:00:00,10.1294439232
2010-06-18 00:00:00,10.1294439232
2010-06-19 00:00:00,10.1294439232
2010-06-20 00:00:00,10.1294439232
2010-06-21 00:00:00,10.1294439232
2010-06-22 00:00:00,10.1294439232
2010-06-23 00:00:00,10.1294439232
2010-06-24 00:00:00,10.1294439232
2010-06-25 00:00:00,10.1294439232
2010-06-26 00:00:00,10.1294439232
2010-08-08 00:00:00,1.89319645278
2010-08-09 00:00:00,1.89319645278
2010-08-10 00:00:00,1.89319645278
2010-08-11 00:00:00,1.89319645278
2010-08-12 00:00:00,1.89319645278
2010-08-13 00:00:00,1.89319645278
2010-08-14 00:00:00,1.89319645278
2011-05-01 00:00:00,4.54118730035
2011-05-02 00:00:00,4.54118730035
2011-05-03 00:00:00,4.54118730035
2011-05-04 00:00:00,4.54118730035
2011-05-05 00:00:00,4.54118730035
2011-05-06 00:00:00,4.54118730035
2011-05-07 00:00:00,4.54118730035
2011-05-08 00:00:00,4.54118730035
2011-05-09 00:00:00,4.54118730035
2011-05-10 00:00:00,4.54118730035
2011-05-11 00:00:00,4.54118730035
2011-05-12 00:00:00,4.54118730035
2011-05-13 00:00:00,4.54118730035
2011-05-14 00:00:00,4.54118730035
2011-05-29 00:00:00,7.93658126134
2011-05-30 00:00:00,7.93658126134
2011-05-31 00:00:00,7.93658126134
2011-06-01 00:00:00,7.93658126134
2011-06-02 00:00:00,7.93658126134
2011-06-03 00:00:00,7.93658126134
2011-06-04 00:00:00,7.93658126134
2011-06-12 00:00:00,3.96534341113
2011-06-13 00:00:00,3.96534341113
2011-06-14 00:00:00,3.96534341113
2011-06-15 00:00:00,3.96534341113
2011-06-16 00:00:00,3.96534341113
2011-06-17 00:00:00,3.96534341113
2011-06-18 00:00:00,3.96534341113
2011-10-16 00:00:00,3.44520357199
2011-10-17 00:00:00,3.44520357199
2011-10-18 00:00:00,3.44520357199
2011-10-19 00:00:00,3.44520357199
2011-10-20 00:00:00,3.44520357199
2011-10-21 00:00:00,3.44520357199
2011-10-22 00:00:00,3.44520357199
2011-10-23 00:00:00,3.44520357199
2011-10-24 00:00:00,3.44520357199
2011-10-25 00:00:00,3.44520357199
2011-10-26 00:00:00,3.44520357199
2011-10-27 00:00:00,3.44520357199
2011-10-28 00:00:00,3.44520357199
2011-10-29 00:00:00,3.44520357199
2011-10-30 00:00:00,3.44520357199
2011-10-31 00:00:00,3.44520357199
2011-11-01 00:00:00,3.44520357199
2011-11-02 00:00:00,3.44520357199
2011-11-03 00:00:00,3.44520357199
2011-11-04 00:00:00,3.44520357199
2011-11-05 00:00:00,3.44520357199
2011-11-06 00:00:00,3.44520357199
2011-11-07 00:00:00,3.44520357199
2011-11-08 00:00:00,3.44520357199
2011-11-09 00:00:00,3.44520357199
2011-11-10 00:00:00,3.44520357199
2011-11-11 00:00:00,3.44520357199
2011-11-12 00:00:00,3.44520357199
2012-02-12 00:00:00,2.37623494317
2012-02-13 00:00:00,2.37623494317
2012-02-14 00:00:00,2.37623494317
2012-02-15 00:00:00,2.37623494317
2012-02-16 00:00:00,2.37623494317
2012-02-17 00:00:00,2.37623494317
2012-02-18 00:00:00,2.37623494317
2012-02-19 00:00:00,2.37623494317
2012-02-20 00:00:00,2.37623494317
2012-02-21 00:00:00,2.37623494317
2012-02-22 00:00:00,2.37623494317
2012-02-23 00:00:00,2.37623494317
2012-02-24 00:00:00,2.37623494317
2012-02-25 00:00:00,2.37623494317
2012-03-18 00:00:00,8.84217957684
2012-03-19 00:00:00,8.84217957684
2012-03-20 00:00:00,8.84217957684
2012-03-21 00:00:00,8.84217957684
2012-03-22 00:00:00,8.84217957684
2012-03-23 00:00:00,8.84217957684
2012-03-24 00:00:00,8.84217957684
2012-03-25 00:00:00,8.84217957684
2012-03-26 00:00:00,8.84217957684
2012-03-27 00:00:00,8.84217957684
2012-03-28 00:00:00,8.84217957684
2012-03-29 00:00:00,8.84217957684
2012-03-30 00:00:00,8.84217957684
2012-03-31 00:00:00,8.84217957684
2012-05-20 00:00:00,6.66829869286
2012-05-21 00:00:00,6.66829869286
2012-05-22 00:00:00,6.66829869286
2012-05-23 00:00:00,6.66829869286
2012-05-24 00:00:00,6.66829869286
2012-05-25 00:00:00,6.66829869286
2012-05-26 00:00:00,6.66829869286
2012-05-27 00:00:00,6.66829869286
2012-05-28 00:00:00,6.66829869286
2012-05-29 00:00:00,6.66829869286
2012-05-30 00:00:00,6.66829869286
2012-05-31 00:00:00,6.66829869286
2012-06-01 00:00:00,6.66829869286
2012-06-02 00:00:00,6.66829869286
2012-06-03 00:00:00,6.66829869286
2012-06-04 00:00:00,6.66829869286
2012-06-05 00:00:00,6.66829869286
2012-06-06 00:00:00,6.66829869286
2012-06-07 00:00:00,6.66829869286
2012-06-08 00:00:00,6.66829869286
2012-06-09 00:00:00,6.66829869286
2012-06-17 00:00:00,2.14246447773
2012-06-18 00:00:00,2.14246447773
2012-06-19 00:00:00,2.14246447773
2012-06-20 00:00:00,2.14246447773
2012-06-21 00:00:00,2.14246447773
2012-06-22 00:00:00,2.14246447773
2012-06-23 00:00:00,2.14246447773
2012-06-24 00:00:00,2.14246447773
2012-06-25 00:00:00,2.14246447773
2012-06-26 00:00:00,2.14246447773
2012-06-27 00:00:00,2.14246447773
2012-06-28 00:00:00,2.14246447773
2012-06-29 00:00:00,2.14246447773
2012-06-30 00:00:00,2.14246447773
2012-08-19 00:00:00,4.06098348152
2012-08-20 00:00:00,4.06098348152
2012-08-21 00:00:00,4.06098348152
2012-08-22 00:00:00,4.06098348152
2012-08-23 00:00:00,4.06098348152
2012-08-24 00:00:00,4.06098348152
2012-08-25 00:00:00,4.06098348152
2012-10-28 00:00:00,30.6415017514
2012-10-29 00:00:00,30.6415017514
2012-10-30 00:00:00,30.6415017514
2012-10-31 00:00:00,30.6415017514
2012-11-01 00:00:00,30.6415017514
2012-11-02 00:00:00,30.6415017514
2012-11-03 00:00:00,30.6415017514
2012-12-16 00:00:00,2.18417788926
2012-12-17 00:00:00,2.18417788926
2012-12-18 00:00:00,2.18417788926
2012-12-19 00:00:00,2.18417788926
2012-12-20 00:00:00,2.18417788926
2012-12-21 00:00:00,2.18417788926
2012-12-22 00:00:00,2.18417788926
2013-01-06 00:00:00,8.62918645996
2013-01-07 00:00:00,8.62918645996
2013-01-08 00:00:00,8.62918645996
2013-01-09 00:00:00,8.62918645996
2013-01-10 00:00:00,8.62918645996
2013-01-11 00:00:00,8.62918645996
2013-01-12 00:00:00,8.62918645996
2013-03-31 00:00:00,45.4138126854
2013-04-01 00:00:00,45.4138126854
2013-04-02 00:00:00,45.4138126854
2013-04-03 00:00:00,45.4138126854
2013-04-04 00:00:00,45.4138126854
2013-04-05 00:00:00,45.4138126854
2013-04-06 00:00:00,45.4138126854
2013-05-19 00:00:00,4.6000517871
2013-05-20 00:00:00,4.6000517871
2013-05-21 00:00:00,4.6000517871
2013-05-22 00:00:00,4.6000517871
2013-05-23 00:00:00,4.6000517871
2013-05-24 00:00:00,4.6000517871
2013-05-25 00:00:00,4.6000517871
2013-05-26 00:00:00,4.6000517871
2013-05-27 00:00:00,4.6000517871
2013-05-28 00:00:00,4.6000517871
2013-05-29 00:00:00,4.6000517871
2013-05-30 00:00:00,4.6000517871
2013-05-31 00:00:00,4.6000517871
2013-06-01 00:00:00,4.6000517871
2013-08-11 00:00:00,2.17638580719
2013-08-12 00:00:00,2.17638580719
2013-08-13 00:00:00,2.17638580719
2013-08-14 00:00:00,2.17638580719
2013-08-15 00:00:00,2.17638580719
2013-08-16 00:00:00,2.17638580719
2013-08-17 00:00:00,2.17638580719
2013-09-08 00:00:00,2.89081066863
2013-09-09 00:00:00,2.89081066863
2013-09-10 00:00:00,2.89081066863
2013-09-11 00:00:00,2.89081066863
2013-09-12 00:00:00,2.89081066863
2013-09-13 00:00:00,2.89081066863
2013-09-14 00:00:00,2.89081066863
2013-09-29 00:00:00,2.65310726963
2013-09-30 00:00:00,2.65310726963
2013-10-01 00:00:00,2.65310726963
2013-10-02 00:00:00,2.65310726963
2013-10-03 00:00:00,2.65310726963
2013-10-04 00:00:00,2.65310726963
2013-10-05 00:00:00,2.65310726963
2013-10-06 00:00:00,2.65310726963
2013-10-07 00:00:00,2.65310726963
2013-10-08 00:00:00,2.65310726963
2013-10-09 00:00:00,2.65310726963
2013-10-10 00:00:00,2.65310726963
2013-10-11 00:00:00,2.65310726963
2013-10-12 00:00:00,2.65310726963
2013-10-20 00:00:00,8.4992042943
2013-10-21 00:00:00,8.4992042943
2013-10-22 00:00:00,8.4992042943
2013-10-23 00:00:00,8.4992042943
2013-10-24 00:00:00,8.4992042943
2013-10-25 00:00:00,8.4992042943
2013-10-26 00:00:00,8.4992042943
2013-11-03 00:00:00,3.82279975185
2013-11-04 00:00:00,3.82279975185
2013-11-05 00:00:00,3.82279975185
2013-11-06 00:00:00,3.82279975185
2013-11-07 00:00:00,3.82279975185
2013-11-08 00:00:00,3.82279975185
2013-11-09 00:00:00,3.82279975185
2013-11-17 00:00:00,6.46547064293
2013-11-18 00:00:00,6.46547064293
2013-11-19 00:00:00,6.46547064293
2013-11-20 00:00:00,6.46547064293
2013-11-21 00:00:00,6.46547064293
2013-11-22 00:00:00,6.46547064293
2013-11-23 00:00:00,6.46547064293
2014-02-09 00:00:00,2.35504916962
2014-02-10 00:00:00,2.35504916962
2014-02-11 00:00:00,2.35504916962
2014-02-12 00:00:00,2.35504916962
2014-02-13 00:00:00,2.35504916962
2014-02-14 00:00:00,2.35504916962
2014-02-15 00:00:00,2.35504916962
2014-03-23 00:00:00,3.62165667373
2014-03-24 00:00:00,3.62165667373
2014-03-25 00:00:00,3.62165667373
2014-03-26 00:00:00,3.62165667373
2014-03-27 00:00:00,3.62165667373
2014-03-28 00:00:00,3.62165667373
2014-03-29 00:00:00,3.62165667373
2014-03-30 00:00:00,3.62165667373
2014-03-31 00:00:00,3.62165667373
2014-04-01 00:00:00,3.62165667373
2014-04-02 00:00:00,3.62165667373
2014-04-03 00:00:00,3.62165667373
2014-04-04 00:00:00,3.62165667373
2014-04-05 00:00:00,3.62165667373
2014-04-06 00:00:00,3.62165667373
2014-04-07 00:00:00,3.62165667373
2014-04-08 00:00:00,3.62165667373
2014-04-09 00:00:00,3.62165667373
2014-04-10 00:00:00,3.62165667373
2014-04-11 00:00:00,3.62165667373
2014-04-12 00:00:00,3.62165667373
2014-04-13 00:00:00,3.62165667373
2014-04-14 00:00:00,3.62165667373
2014-04-15 00:00:00,3.62165667373
2014-04-16 00:00:00,3.62165667373
2014-04-17 00:00:00,3.62165667373
2014-04-18 00:00:00,3.62165667373
2014-04-19 00:00:00,3.62165667373
2014-04-20 00:00:00,3.62165667373
2014-04-21 00:00:00,3.62165667373
2014-04-22 00:00:00,3.62165667373
2014-04-23 00:00:00,3.62165667373
2014-04-24 00:00:00,3.62165667373
2014-04-25 00:00:00,3.62165667373
2014-04-26 00:00:00,3.62165667373
2014-04-27 00:00:00,3.62165667373
2014-04-28 00:00:00,3.62165667373
2014-04-29 00:00:00,3.62165667373
2014-04-30 00:00:00,3.62165667373
2014-05-01 00:00:00,3.62165667373
2014-05-02 00:00:00,3.62165667373
2014-05-03 00:00:00,3.62165667373
2014-05-04 00:00:00,3.62165667373
2014-05-05 00:00:00,3.62165667373
2014-05-06 00:00:00,3.62165667373
2014-05-07 00:00:00,3.62165667373
2014-05-08 00:00:00,3.62165667373
2014-05-09 00:00:00,3.62165667373
2014-05-10 00:00:00,3.62165667373
2014-06-01 00:00:00,4.94932095916
2014-06-02 00:00:00,4.94932095916
2014-06-03 00:00:00,4.94932095916
2014-06-04 00:00:00,4.94932095916
2014-06-05 00:00:00,4.94932095916
2014-06-06 00:00:00,4.94932095916
2014-06-07 00:00:00,4.94932095916
2014-06-08 00:00:00,4.94932095916
2014-06-09 00:00:00,4.94932095916
2014-06-10 00:00:00,4.94932095916
2014-06-11 00:00:00,4.94932095916
2014-06-12 00:00:00,4.94932095916
2014-06-13 00:00:00,4.94932095916
2014-06-14 00:00:00,4.94932095916
2014-08-17 00:00:00,10.5745097711
2014-08-18 00:00:00,10.5745097711
2014-08-19 00:00:00,10.5745097711
2014-08-20 00:00:00,10.5745097711
2014-08-21 00:00:00,10.5745097711
2014-08-22 00:00:00,10.5745097711
2014-08-23 00:00:00,10.5745097711
2014-08-24 00:00:00,10.5745097711
2014-08-25 00:00:00,10.5745097711
2014-08-26 00:00:00,10.5745097711
2014-08-27 00:00:00,10.5745097711
2014-08-28 00:00:00,10.5745097711
2014-08-29 00:00:00,10.5745097711
2014-08-30 00:00:00,10.5745097711
2014-08-31 00:00:00,10.5745097711
2014-09-01 00:00:00,10.5745097711
2014-09-02 00:00:00,10.5745097711
2014-09-03 00:00:00,10.5745097711
2014-09-04 00:00:00,10.5745097711
2014-09-05 00:00:00,10.5745097711
2014-09-06 00:00:00,10.5745097711
2014-09-07 00:00:00,10.5745097711
2014-09-08 00:00:00,10.5745097711
2014-09-09 00:00:00,10.5745097711
2014-09-10 00:00:00,10.5745097711
2014-09-11 00:00:00,10.5745097711
2014-09-12 00:00:00,10.5745097711
2014-09-13 00:00:00,10.5745097711
2014-09-14 00:00:00,10.5745097711
2014-09-15 00:00:00,10.5745097711
2014-09-16 00:00:00,10.5745097711
2014-09-17 00:00:00,10.5745097711
2014-09-18 00:00:00,10.5745097711
2014-09-19 00:00:00,10.5745097711
2014-09-20 00:00:00,10.5745097711
2014-09-21 00:00:00,10.5745097711
2014-09-22 00:00:00,10.5745097711
2014-09-23 00:00:00,10.5745097711
2014-09-24 00:00:00,10.5745097711
2014-09-25 00:00:00,10.5745097711
2014-09-26 00:00:00,10.5745097711
2014-09-27 00:00:00,10.5745097711
2014-10-12 00:00:00,4.2161868701
2014-10-13 00:00:00,4.2161868701
2014-10-14 00:00:00,4.2161868701
2014-10-15 00:00:00,4.2161868701
2014-10-16 00:00:00,4.2161868701
2014-10-17 00:00:00,4.2161868701
2014-10-18 00:00:00,4.2161868701
2014-11-02 00:00:00,2.87397190483
2014-11-03 00:00:00,2.87397190483
2014-11-04 00:00:00,2.87397190483
2014-11-05 00:00:00,2.87397190483
2014-11-06 00:00:00,2.87397190483
2014-11-07 00:00:00,2.87397190483
2014-11-08 00:00:00,2.87397190483
2014-11-23 00:00:00,6.7569511092
2014-11-24 00:00:00,6.7569511092
2014-11-25 00:00:00,6.7569511092
2014-11-26 00:00:00,6.7569511092
2014-11-27 00:00:00,6.7569511092
2014-11-28 00:00:00,6.7569511092
2014-11-29 00:00:00,6.7569511092
2014-11-30 00:00:00,6.7569511092
2014-12-01 00:00:00,6.7569511092
2014-12-02 00:00:00,6.7569511092
2014-12-03 00:00:00,6.7569511092
2014-12-04 00:00:00,6.7569511092
2014-12-05 00:00:00,6.7569511092
2014-12-06 00:00:00,6.7569511092
2015-01-25 00:00:00,3.12421270458
2015-01-26 00:00:00,3.12421270458
2015-01-27 00:00:00,3.12421270458
2015-01-28 00:00:00,3.12421270458
2015-01-29 00:00:00,3.12421270458
2015-01-30 00:00:00,3.12421270458
2015-01-31 00:00:00,3.12421270458
2015-02-01 00:00:00,3.12421270458
2015-02-02 00:00:00,3.12421270458
2015-02-03 00:00:00,3.12421270458
2015-02-04 00:00:00,3.12421270458
2015-02-05 00:00:00,3.12421270458
2015-02-06 00:00:00,3.12421270458
2015-02-07 00:00:00,3.12421270458
2015-02-15 00:00:00,2.59969423431
2015-02-16 00:00:00,2.59969423431
2015-02-17 00:00:00,2.59969423431
2015-02-18 00:00:00,2.59969423431
2015-02-19 00:00:00,2.59969423431
2015-02-20 00:00:00,2.59969423431
2015-02-21 00:00:00,2.59969423431
2015-03-01 00:00:00,4.05830378869
2015-03-02 00:00:00,4.05830378869
2015-03-03 00:00:00,4.05830378869
2015-03-04 00:00:00,4.05830378869
2015-03-05 00:00:00,4.05830378869
2015-03-06 00:00:00,4.05830378869
2015-03-07 00:00:00,4.05830378869
2015-03-08 00:00:00,4.05830378869
2015-03-09 00:00:00,4.05830378869
2015-03-10 00:00:00,4.05830378869
2015-03-11 00:00:00,4.05830378869
2015-03-12 00:00:00,4.05830378869
2015-03-13 00:00:00,4.05830378869
2015-03-14 00:00:00,4.05830378869
2015-03-15 00:00:00,4.05830378869
2015-03-16 00:00:00,4.05830378869
2015-03-17 00:00:00,4.05830378869
2015-03-18 00:00:00,4.05830378869
2015-03-19 00:00:00,4.05830378869
2015-03-20 00:00:00,4.05830378869
2015-03-21 00:00:00,4.05830378869
News Data
Start Date, End Date,News Source,Link,Days,Reason,Comment,Days Reported
2012-12-22,2012-12-27,The Times of India,http://timesofindia.indiatimes.com/india/Onion-prices-80-higher-than-last-year/articleshow/17774280.cms,5,traders nexus,no,0
2013-08-11,2013-08-06,The Hindu,http://www.thehindu.com/news/cities/Delhi/onion-prices-bring-tears-yet-again/article4995124.ece,-5,low production,Even Hoaders are responsible to some extent,0
2013-08-12,2013-08-11,DNA,http://www.dnaindia.com/india/report-onion-prices-rise-to-rs-55-60kg-hike-bring-tears-in-eyes-of-people-1873151,-1,low production,,10
2013-08-13,2013-08-11,DNA,http://www.dnaindia.com/india/report-onion-prices-rise-to-rs-55-60kg-hike-bring-tears-in-eyes-of-people-1873151,-2,low production,,10
2013-08-14,2013-08-11,DNA,http://www.dnaindia.com/india/report-onion-prices-rise-to-rs-55-60kg-hike-bring-tears-in-eyes-of-people-1873151,-3,low production,,10
2013-08-15,2013-08-11,DNA,http://www.dnaindia.com/india/report-onion-prices-rise-to-rs-55-60kg-hike-bring-tears-in-eyes-of-people-1873151,-4,low production,,10
2013-08-16,2013-08-11,DNA,http://www.dnaindia.com/india/report-onion-prices-rise-to-rs-55-60kg-hike-bring-tears-in-eyes-of-people-1873151,-5,low production,,10
2013-08-17,2013-08-13,Telegraph,http://www.telegraphindia.com/1130813/jsp/odisha/story_17226115.jsp,-4,low supply,,30
2013-09-08,2013-09-03,NDTV,http://www.ndtv.com/india-news/onion-prices-may-ease-when-south-india-crop-hits-market-government-533474,-5,low supply,,0
2013-09-10,2013-09-15,Business Standard,http://www.business-standard.com/article/current-affairs/imported-onion-from-egypt-hits-indian-ports-prices-to-cool-113091500607_1.html,5,low supply,,7
2013-09-11,2013-09-15,Business Standard,http://www.business-standard.com/article/current-affairs/imported-onion-from-egypt-hits-indian-ports-prices-to-cool-113091500607_1.html,4,low supply,,7
2013-09-12,2013-09-15,Business Standard,http://www.business-standard.com/article/current-affairs/imported-onion-from-egypt-hits-indian-ports-prices-to-cool-113091500607_1.html,3,low supply,,7
2013-09-13,2013-09-15,Business Standard,http://www.business-standard.com/article/current-affairs/imported-onion-from-egypt-hits-indian-ports-prices-to-cool-113091500607_1.html,2,low supply,,7
2013-09-14,2013-09-15,Business Standard,http://www.business-standard.com/article/current-affairs/imported-onion-from-egypt-hits-indian-ports-prices-to-cool-113091500607_1.html,1,low supply,,7
2013-10-05,2013-10-10,The Economic Times,http://articles.economictimes.indiatimes.com/2013-10-10/news/42903314_1_export-price-price-rise-onion-prices,5,traders nexus,,0
2013-10-06,2013-10-10,The Economic Times,http://articles.economictimes.indiatimes.com/2013-10-10/news/42903314_1_export-price-price-rise-onion-prices,4,traders nexus,,0
2013-10-07,2013-10-10,The Economic Times,http://articles.economictimes.indiatimes.com/2013-10-10/news/42903314_1_export-price-price-rise-onion-prices,3,traders nexus,,0
2013-10-08,2013-10-10,The Economic Times,http://articles.economictimes.indiatimes.com/2013-10-10/news/42903314_1_export-price-price-rise-onion-prices,2,traders nexus,,0
2013-10-09,2013-10-10,The Economic Times,http://articles.economictimes.indiatimes.com/2013-10-10/news/42903314_1_export-price-price-rise-onion-prices,1,traders nexus,,0
2013-10-10,2013-10-10,The Economic Times,http://articles.economictimes.indiatimes.com/2013-10-10/news/42903314_1_export-price-price-rise-onion-prices,0,traders nexus,,0
2013-10-11,2013-10-10,The Economic Times,http://articles.economictimes.indiatimes.com/2013-10-10/news/42903314_1_export-price-price-rise-onion-prices,-1,traders nexus,,0
2013-10-12,2013-10-10,The Economic Times,http://articles.economictimes.indiatimes.com/2013-10-10/news/42903314_1_export-price-price-rise-onion-prices,-2,traders nexus,,0
2013-10-20,2013-10-22,NDTV,http://profit.ndtv.com/news/cheat-sheet/article-why-onion-prices-are-inching-towards-rs-100-per-kg-370138,2,low supply,,0
2013-10-21,2013-10-22,NDTV,http://profit.ndtv.com/news/cheat-sheet/article-why-onion-prices-are-inching-towards-rs-100-per-kg-370138,1,low supply,,0
2013-10-22,2013-10-22,NDTV,http://profit.ndtv.com/news/cheat-sheet/article-why-onion-prices-are-inching-towards-rs-100-per-kg-370138,0,low supply,,0
2013-10-23,2013-10-22,NDTV,http://profit.ndtv.com/news/cheat-sheet/article-why-onion-prices-are-inching-towards-rs-100-per-kg-370138,-1,low supply,,0
2013-10-24,2013-10-22,NDTV,http://profit.ndtv.com/news/cheat-sheet/article-why-onion-prices-are-inching-towards-rs-100-per-kg-370138,-2,low supply,,0
2013-10-25,2013-10-22,NDTV,http://profit.ndtv.com/news/cheat-sheet/article-why-onion-prices-are-inching-towards-rs-100-per-kg-370138,-3,low supply,,0
2013-10-26,2013-10-22,NDTV,http://profit.ndtv.com/news/cheat-sheet/article-why-onion-prices-are-inching-towards-rs-100-per-kg-370138,-4,low supply,,0
2013-11-03,2013-11-04,The Hindu,http://www.thehindu.com/business/markets/govt-hikes-onion-mep-to-1150-per-tonne-to-check-prices/article5313950.ece,1,low supply,,30
2013-11-04,2013-11-04,The Hindu,http://www.thehindu.com/business/markets/govt-hikes-onion-mep-to-1150-per-tonne-to-check-prices/article5313950.ece,0,low supply,,30
2013-11-05,2013-11-04,The Hindu,http://www.thehindu.com/business/markets/govt-hikes-onion-mep-to-1150-per-tonne-to-check-prices/article5313950.ece,-1,low supply,,30
2013-11-06,2013-11-04,The Hindu,http://www.thehindu.com/business/markets/govt-hikes-onion-mep-to-1150-per-tonne-to-check-prices/article5313950.ece,-2,low supply,,30
2013-11-07,2013-11-04,The Hindu,http://www.thehindu.com/business/markets/govt-hikes-onion-mep-to-1150-per-tonne-to-check-prices/article5313950.ece,-3,low supply,,30
2013-11-08,2013-11-04,The Hindu,http://www.thehindu.com/business/markets/govt-hikes-onion-mep-to-1150-per-tonne-to-check-prices/article5313950.ece,-4,low supply,,30
2013-11-09,2013-11-04,The Hindu,http://www.thehindu.com/business/markets/govt-hikes-onion-mep-to-1150-per-tonne-to-check-prices/article5313950.ece,-5,low supply,,30
2013-11-17,2013-11-13,The Times of India,http://timesofindia.indiatimes.com/india/No-let-up-in-prices-of-onion-potato-tomato/articleshow/25664320.cms,-4,traders nexus,,12
2013-11-18,2013-11-13,The Times of India,http://timesofindia.indiatimes.com/india/No-let-up-in-prices-of-onion-potato-tomato/articleshow/25664320.cms,-5,traders nexus,,12
2013-11-19,2013-11-15,The Times of India,http://timesofindia.indiatimes.com/business/india-business/Onion-prices-up-278-tomato-122-in-one-year/articleshow/25780005.cms,-4,not stated,,365
2013-11-20,2013-11-15,The Times of India,http://timesofindia.indiatimes.com/business/india-business/Onion-prices-up-278-tomato-122-in-one-year/articleshow/25780005.cms,-5,not stated,,365
2013-11-21,2013-11-19,First Post,http://www.firstpost.com/politics/onion-tomato-price-hoardings-to-malign-party-cong-writes-to-ec-1238589.html,-2,traders nexus,,0
2013-11-22,2013-11-19,First Post,http://www.firstpost.com/politics/onion-tomato-price-hoardings-to-malign-party-cong-writes-to-ec-1238589.html,-3,traders nexus,,0
2013-11-23,2013-11-19,First Post,http://www.firstpost.com/politics/onion-tomato-price-hoardings-to-malign-party-cong-writes-to-ec-1238589.html,-4,traders nexus,,0
2014-04-13,2014-04-18,The Economic Times,http://timesofindia.indiatimes.com/india/Onion-prices-rise-about-40-in-a-week/articleshow/33877660.cms,5,unseasonal rainfall,no,None
2014-04-14,2014-04-18,The Economic Times,http://timesofindia.indiatimes.com/india/Onion-prices-rise-about-40-in-a-week/articleshow/33877660.cms,4,unseasonal rainfall,no,None
2014-04-15,2014-04-18,The Economic Times,http://timesofindia.indiatimes.com/india/Onion-prices-rise-about-40-in-a-week/articleshow/33877660.cms,3,unseasonal rainfall,no,None
2014-04-16,2014-04-18,The Economic Times,http://timesofindia.indiatimes.com/india/Onion-prices-rise-about-40-in-a-week/articleshow/33877660.cms,2,unseasonal rainfall,no,None
2014-04-17,2014-04-18,The Economic Times,http://timesofindia.indiatimes.com/india/Onion-prices-rise-about-40-in-a-week/articleshow/33877660.cms,1,unseasonal rainfall,no,None
2014-04-18,2014-04-18,The Economic Times,http://timesofindia.indiatimes.com/india/Onion-prices-rise-about-40-in-a-week/articleshow/33877660.cms,0,unseasonal rainfall,no,None
2014-04-19,2014-04-18,The Economic Times,http://timesofindia.indiatimes.com/india/Onion-prices-rise-about-40-in-a-week/articleshow/33877660.cms,-1,unseasonal rainfall,no,None
2014-04-20,2014-04-18,The Economic Times,http://timesofindia.indiatimes.com/india/Onion-prices-rise-about-40-in-a-week/articleshow/33877660.cms,-2,unseasonal rainfall,no,None
2014-04-21,2014-04-18,The Economic Times,http://timesofindia.indiatimes.com/india/Onion-prices-rise-about-40-in-a-week/articleshow/33877660.cms,-3,unseasonal rainfall,no,None
2014-04-22,2014-04-18,The Economic Times,http://timesofindia.indiatimes.com/india/Onion-prices-rise-about-40-in-a-week/articleshow/33877660.cms,-4,unseasonal rainfall,no,None
2014-04-23,2014-04-18,The Economic Times,http://timesofindia.indiatimes.com/india/Onion-prices-rise-about-40-in-a-week/articleshow/33877660.cms,-5,unseasonal rainfall,no,None
2014-05-07,2014-05-12,Business Standard,http://www.business-standard.com/article/markets/onion-spot-prices-soar-31-in-2-days-likely-to-stay-high-114051200815_1.html,5,unseasonal rainfall,,2
2014-05-08,2014-05-12,Business Standard,http://www.business-standard.com/article/markets/onion-spot-prices-soar-31-in-2-days-likely-to-stay-high-114051200815_1.html,4,unseasonal rainfall,,2
2014-05-09,2014-05-12,Business Standard,http://www.business-standard.com/article/markets/onion-spot-prices-soar-31-in-2-days-likely-to-stay-high-114051200815_1.html,3,unseasonal rainfall,,2
2014-05-10,2014-05-12,Business Standard,http://www.business-standard.com/article/markets/onion-spot-prices-soar-31-in-2-days-likely-to-stay-high-114051200815_1.html,2,unseasonal rainfall,,2
2014-06-06,2014-06-11,The Times of India,http://timesofindia.indiatimes.com/business/india-business/Food-prices-soar-on-speculation-over-delayed-monsoon-rains/articleshow/36367024.cms,5,speculation of weak monsoon,,15
2014-06-07,2014-06-11,The Times of India,http://timesofindia.indiatimes.com/business/india-business/Food-prices-soar-on-speculation-over-delayed-monsoon-rains/articleshow/36367024.cms,4,speculation of weak monsoon,,15
2014-06-08,2014-06-11,The Times of India,http://timesofindia.indiatimes.com/business/india-business/Food-prices-soar-on-speculation-over-delayed-monsoon-rains/articleshow/36367024.cms,3,speculation of weak monsoon,,15
2014-06-09,2014-06-11,The Times of India,http://timesofindia.indiatimes.com/business/india-business/Food-prices-soar-on-speculation-over-delayed-monsoon-rains/articleshow/36367024.cms,2,speculation of weak monsoon,,15
2014-06-10,2014-06-11,The Times of India,http://timesofindia.indiatimes.com/business/india-business/Food-prices-soar-on-speculation-over-delayed-monsoon-rains/articleshow/36367024.cms,1,speculation of weak monsoon,,15
2014-06-11,2014-06-11,The Times of India,http://timesofindia.indiatimes.com/business/india-business/Food-prices-soar-on-speculation-over-delayed-monsoon-rains/articleshow/36367024.cms,0,speculation of weak monsoon,,15
2014-06-12,2014-06-11,The Times of India,http://timesofindia.indiatimes.com/business/india-business/Food-prices-soar-on-speculation-over-delayed-monsoon-rains/articleshow/36367024.cms,-1,speculation of weak monsoon,,15
2014-06-13,2014-06-11,The Times of India,http://timesofindia.indiatimes.com/business/india-business/Food-prices-soar-on-speculation-over-delayed-monsoon-rains/articleshow/36367024.cms,-2,speculation of weak monsoon,,15
2014-06-14,2014-06-11,The Times of India,http://timesofindia.indiatimes.com/business/india-business/Food-prices-soar-on-speculation-over-delayed-monsoon-rains/articleshow/36367024.cms,-3,speculation of weak monsoon,,15
Correlation Result:::
Date,Value
2006-01-01 00:00:00,0.895189729955
2006-01-02 00:00:00,0.895189729955
2006-01-03 00:00:00,0.895189729955
2006-01-04 00:00:00,0.895189729955
2006-01-05 00:00:00,0.895189729955
2006-01-06 00:00:00,0.895189729955
2006-01-07 00:00:00,0.895189729955
2006-01-08 00:00:00,0.895189729955
2006-01-09 00:00:00,0.895189729955
2006-01-10 00:00:00,0.895189729955
2006-01-11 00:00:00,0.895189729955
2006-01-12 00:00:00,0.895189729955
2006-01-13 00:00:00,0.895189729955
2006-01-14 00:00:00,0.895189729955
2006-01-15 00:00:00,0.895189729955
2006-01-16 00:00:00,0.895189729955
2006-01-17 00:00:00,0.895189729955
2006-01-18 00:00:00,0.895189729955
2006-01-19 00:00:00,0.895189729955
2006-01-20 00:00:00,0.895189729955
2006-01-21 00:00:00,0.895189729955
2006-01-22 00:00:00,0.895189729955
2006-01-23 00:00:00,0.895189729955
2006-01-24 00:00:00,0.895189729955
2006-01-25 00:00:00,0.895189729955
2006-01-26 00:00:00,0.895189729955
2006-01-27 00:00:00,0.895189729955
2006-01-28 00:00:00,0.895189729955
2006-01-29 00:00:00,0.895189729955
2006-01-30 00:00:00,0.895189729955
2006-05-31 00:00:00,0.92096572187
2006-06-01 00:00:00,0.92096572187
2006-06-02 00:00:00,0.92096572187
2006-06-03 00:00:00,0.92096572187
2006-06-04 00:00:00,0.92096572187
2006-06-05 00:00:00,0.92096572187
2006-06-06 00:00:00,0.92096572187
2006-06-07 00:00:00,0.92096572187
2006-06-08 00:00:00,0.92096572187
2006-06-09 00:00:00,0.92096572187
2006-06-10 00:00:00,0.92096572187
2006-06-11 00:00:00,0.92096572187
2006-06-12 00:00:00,0.92096572187
2006-06-13 00:00:00,0.92096572187
2006-06-14 00:00:00,0.92096572187
2006-07-15 00:00:00,0.847206532262
2006-07-16 00:00:00,0.847206532262
2006-07-17 00:00:00,0.847206532262
2006-07-18 00:00:00,0.847206532262
2006-07-19 00:00:00,0.847206532262
2006-07-20 00:00:00,0.847206532262
2006-07-21 00:00:00,0.847206532262
2006-07-22 00:00:00,0.847206532262
2006-07-23 00:00:00,0.847206532262
2006-07-24 00:00:00,0.847206532262
2006-07-25 00:00:00,0.847206532262
2006-07-26 00:00:00,0.847206532262
2006-07-27 00:00:00,0.847206532262
2006-07-28 00:00:00,0.847206532262
2006-07-29 00:00:00,0.847206532262
2006-07-30 00:00:00,0.847206532262
2006-07-31 00:00:00,0.847206532262
2006-08-01 00:00:00,0.847206532262
2006-08-02 00:00:00,0.847206532262
2006-08-03 00:00:00,0.847206532262
2006-08-04 00:00:00,0.847206532262
2006-08-05 00:00:00,0.847206532262
2006-08-06 00:00:00,0.847206532262
2006-08-07 00:00:00,0.847206532262
2006-08-08 00:00:00,0.847206532262
2006-08-09 00:00:00,0.847206532262
2006-08-10 00:00:00,0.847206532262
2006-08-11 00:00:00,0.847206532262
2006-08-12 00:00:00,0.847206532262
2006-08-13 00:00:00,0.847206532262
2006-09-13 00:00:00,0.894176714738
2006-09-14 00:00:00,0.894176714738
2006-09-15 00:00:00,0.894176714738
2006-09-16 00:00:00,0.894176714738
2006-09-17 00:00:00,0.894176714738
2006-09-18 00:00:00,0.894176714738
2006-09-19 00:00:00,0.894176714738
2006-09-20 00:00:00,0.894176714738
2006-09-21 00:00:00,0.894176714738
2006-09-22 00:00:00,0.894176714738
2006-09-23 00:00:00,0.894176714738
2006-09-24 00:00:00,0.894176714738
2006-09-25 00:00:00,0.894176714738
2006-09-26 00:00:00,0.894176714738
2006-09-27 00:00:00,0.894176714738
2006-12-27 00:00:00,0.898546268811
2006-12-28 00:00:00,0.898546268811
2006-12-29 00:00:00,0.898546268811
2006-12-30 00:00:00,0.898546268811
2006-12-31 00:00:00,0.898546268811
2007-01-01 00:00:00,0.898546268811
2007-01-02 00:00:00,0.898546268811
2007-01-03 00:00:00,0.898546268811
2007-01-04 00:00:00,0.898546268811
2007-01-05 00:00:00,0.898546268811
2007-01-06 00:00:00,0.898546268811
2007-01-07 00:00:00,0.898546268811
2007-01-08 00:00:00,0.898546268811
2007-01-09 00:00:00,0.898546268811
2007-01-10 00:00:00,0.898546268811
2007-01-11 00:00:00,0.898546268811
2007-01-12 00:00:00,0.898546268811
2007-01-13 00:00:00,0.898546268811
2007-01-14 00:00:00,0.898546268811
2007-01-15 00:00:00,0.898546268811
2007-01-16 00:00:00,0.898546268811
2007-01-17 00:00:00,0.898546268811
2007-01-18 00:00:00,0.898546268811
2007-01-19 00:00:00,0.898546268811
2007-01-20 00:00:00,0.898546268811
2007-01-21 00:00:00,0.898546268811
2007-01-22 00:00:00,0.898546268811
2007-01-23 00:00:00,0.898546268811
2007-01-24 00:00:00,0.898546268811
2007-01-25 00:00:00,0.898546268811
2007-03-12 00:00:00,-0.977955003248
2007-03-13 00:00:00,-0.977955003248
2007-03-14 00:00:00,-0.977955003248
2007-03-15 00:00:00,-0.977955003248
2007-03-16 00:00:00,-0.977955003248
2007-03-17 00:00:00,-0.977955003248
2007-03-18 00:00:00,-0.977955003248
2007-03-19 00:00:00,-0.977955003248
2007-03-20 00:00:00,-0.977955003248
2007-03-21 00:00:00,-0.977955003248
2007-03-22 00:00:00,-0.977955003248
2007-03-23 00:00:00,-0.977955003248
2007-03-24 00:00:00,-0.977955003248
2007-03-25 00:00:00,-0.977955003248
2007-03-26 00:00:00,-0.977955003248
2007-05-11 00:00:00,0.564451660888
2007-05-12 00:00:00,0.564451660888
2007-05-13 00:00:00,0.564451660888
2007-05-14 00:00:00,0.564451660888
2007-05-15 00:00:00,0.564451660888
2007-05-16 00:00:00,0.564451660888
2007-05-17 00:00:00,0.564451660888
2007-05-18 00:00:00,0.564451660888
2007-05-19 00:00:00,0.564451660888
2007-05-20 00:00:00,0.564451660888
2007-05-21 00:00:00,0.564451660888
2007-05-22 00:00:00,0.564451660888
2007-05-23 00:00:00,0.564451660888
2007-05-24 00:00:00,0.564451660888
2007-05-25 00:00:00,0.564451660888
2007-06-10 00:00:00,0.93360194652
2007-06-11 00:00:00,0.93360194652
2007-06-12 00:00:00,0.93360194652
2007-06-13 00:00:00,0.93360194652
2007-06-14 00:00:00,0.93360194652
2007-06-15 00:00:00,0.93360194652
2007-06-16 00:00:00,0.93360194652
2007-06-17 00:00:00,0.93360194652
2007-06-18 00:00:00,0.93360194652
2007-06-19 00:00:00,0.93360194652
2007-06-20 00:00:00,0.93360194652
2007-06-21 00:00:00,0.93360194652
2007-06-22 00:00:00,0.93360194652
2007-06-23 00:00:00,0.93360194652
2007-06-24 00:00:00,0.93360194652
2007-09-08 00:00:00,0.824376169503
2007-09-09 00:00:00,0.824376169503
2007-09-10 00:00:00,0.824376169503
2007-09-11 00:00:00,0.824376169503
2007-09-12 00:00:00,0.824376169503
2007-09-13 00:00:00,0.824376169503
2007-09-14 00:00:00,0.824376169503
2007-09-15 00:00:00,0.824376169503
2007-09-16 00:00:00,0.824376169503
2007-09-17 00:00:00,0.824376169503
2007-09-18 00:00:00,0.824376169503
2007-09-19 00:00:00,0.824376169503
2007-09-20 00:00:00,0.824376169503
2007-09-21 00:00:00,0.824376169503
2007-09-22 00:00:00,0.824376169503
2007-09-23 00:00:00,0.824376169503
2007-09-24 00:00:00,0.824376169503
2007-09-25 00:00:00,0.824376169503
2007-09-26 00:00:00,0.824376169503
2007-09-27 00:00:00,0.824376169503
2007-09-28 00:00:00,0.824376169503
2007-09-29 00:00:00,0.824376169503
2007-09-30 00:00:00,0.824376169503
2007-10-01 00:00:00,0.824376169503
2007-10-02 00:00:00,0.824376169503
2007-10-03 00:00:00,0.824376169503
2007-10-04 00:00:00,0.824376169503
2007-10-05 00:00:00,0.824376169503
2007-10-06 00:00:00,0.824376169503
2007-10-07 00:00:00,0.824376169503
2007-12-22 00:00:00,0.842429808961
2007-12-23 00:00:00,0.842429808961
2007-12-24 00:00:00,0.842429808961
2007-12-25 00:00:00,0.842429808961
2007-12-26 00:00:00,0.842429808961
2007-12-27 00:00:00,0.842429808961
2007-12-28 00:00:00,0.842429808961
2007-12-29 00:00:00,0.842429808961
2007-12-30 00:00:00,0.842429808961
2007-12-31 00:00:00,0.842429808961
2008-01-01 00:00:00,0.842429808961
2008-01-02 00:00:00,0.842429808961
2008-01-03 00:00:00,0.842429808961
2008-01-04 00:00:00,0.842429808961
2008-01-05 00:00:00,0.842429808961
2008-01-06 00:00:00,0.842429808961
2008-01-07 00:00:00,0.842429808961
2008-01-08 00:00:00,0.842429808961
2008-01-09 00:00:00,0.842429808961
2008-01-10 00:00:00,0.842429808961
2008-01-11 00:00:00,0.842429808961
2008-01-12 00:00:00,0.842429808961
2008-01-13 00:00:00,0.842429808961
2008-01-14 00:00:00,0.842429808961
2008-01-15 00:00:00,0.842429808961
2008-01-16 00:00:00,0.842429808961
2008-01-17 00:00:00,0.842429808961
2008-01-18 00:00:00,0.842429808961
2008-01-19 00:00:00,0.842429808961
2008-01-20 00:00:00,0.842429808961
2008-01-21 00:00:00,0.842429808961
2008-01-22 00:00:00,0.842429808961
2008-01-23 00:00:00,0.842429808961
2008-01-24 00:00:00,0.842429808961
2008-01-25 00:00:00,0.842429808961
2008-01-26 00:00:00,0.842429808961
2008-01-27 00:00:00,0.842429808961
2008-01-28 00:00:00,0.842429808961
2008-01-29 00:00:00,0.842429808961
2008-01-30 00:00:00,0.842429808961
2008-01-31 00:00:00,0.842429808961
2008-02-01 00:00:00,0.842429808961
2008-02-02 00:00:00,0.842429808961
2008-02-03 00:00:00,0.842429808961
2008-02-04 00:00:00,0.842429808961
2008-02-05 00:00:00,0.842429808961
2008-02-06 00:00:00,0.842429808961
2008-02-07 00:00:00,0.842429808961
2008-02-08 00:00:00,0.842429808961
2008-02-09 00:00:00,0.842429808961
2008-02-10 00:00:00,0.842429808961
2008-02-11 00:00:00,0.842429808961
2008-02-12 00:00:00,0.842429808961
2008-02-13 00:00:00,0.842429808961
2008-02-14 00:00:00,0.842429808961
2008-02-15 00:00:00,0.842429808961
2008-02-16 00:00:00,0.842429808961
2008-02-17 00:00:00,0.842429808961
2008-02-18 00:00:00,0.842429808961
2008-02-19 00:00:00,0.842429808961
2008-03-06 00:00:00,0.909427878715
2008-03-07 00:00:00,0.909427878715
2008-03-08 00:00:00,0.909427878715
2008-03-09 00:00:00,0.909427878715
2008-03-10 00:00:00,0.909427878715
2008-03-11 00:00:00,0.909427878715
2008-03-12 00:00:00,0.909427878715
2008-03-13 00:00:00,0.909427878715
2008-03-14 00:00:00,0.909427878715
2008-03-15 00:00:00,0.909427878715
2008-03-16 00:00:00,0.909427878715
2008-03-17 00:00:00,0.909427878715
2008-03-18 00:00:00,0.909427878715
2008-03-19 00:00:00,0.909427878715
2008-03-20 00:00:00,0.909427878715
2008-03-21 00:00:00,0.909427878715
2008-03-22 00:00:00,0.909427878715
2008-03-23 00:00:00,0.909427878715
2008-03-24 00:00:00,0.909427878715
2008-03-25 00:00:00,0.909427878715
2008-03-26 00:00:00,0.909427878715
2008-03-27 00:00:00,0.909427878715
2008-03-28 00:00:00,0.909427878715
2008-03-29 00:00:00,0.909427878715
2008-03-30 00:00:00,0.909427878715
2008-03-31 00:00:00,0.909427878715
2008-04-01 00:00:00,0.909427878715
2008-04-02 00:00:00,0.909427878715
2008-04-03 00:00:00,0.909427878715
2008-04-04 00:00:00,0.909427878715
2008-04-05 00:00:00,0.909427878715
2008-04-06 00:00:00,0.909427878715
2008-04-07 00:00:00,0.909427878715
2008-04-08 00:00:00,0.909427878715
2008-04-09 00:00:00,0.909427878715
2008-04-10 00:00:00,0.909427878715
2008-04-11 00:00:00,0.909427878715
2008-04-12 00:00:00,0.909427878715
2008-04-13 00:00:00,0.909427878715
2008-04-14 00:00:00,0.909427878715
2008-04-15 00:00:00,0.909427878715
2008-04-16 00:00:00,0.909427878715
2008-04-17 00:00:00,0.909427878715
2008-04-18 00:00:00,0.909427878715
2008-04-19 00:00:00,0.909427878715
2008-06-19 00:00:00,0.57662816854
2008-06-20 00:00:00,0.57662816854
2008-06-21 00:00:00,0.57662816854
2008-06-22 00:00:00,0.57662816854
2008-06-23 00:00:00,0.57662816854
2008-06-24 00:00:00,0.57662816854
2008-06-25 00:00:00,0.57662816854
2008-06-26 00:00:00,0.57662816854
2008-06-27 00:00:00,0.57662816854
2008-06-28 00:00:00,0.57662816854
2008-06-29 00:00:00,0.57662816854
2008-06-30 00:00:00,0.57662816854
2008-07-01 00:00:00,0.57662816854
2008-07-02 00:00:00,0.57662816854
2008-07-03 00:00:00,0.57662816854
2008-07-19 00:00:00,0.929210155063
2008-07-20 00:00:00,0.929210155063
2008-07-21 00:00:00,0.929210155063
2008-07-22 00:00:00,0.929210155063
2008-07-23 00:00:00,0.929210155063
2008-07-24 00:00:00,0.929210155063
2008-07-25 00:00:00,0.929210155063
2008-07-26 00:00:00,0.929210155063
2008-07-27 00:00:00,0.929210155063
2008-07-28 00:00:00,0.929210155063
2008-07-29 00:00:00,0.929210155063
2008-07-30 00:00:00,0.929210155063
2008-07-31 00:00:00,0.929210155063
2008-08-01 00:00:00,0.929210155063
2008-08-02 00:00:00,0.929210155063
2008-08-03 00:00:00,0.929210155063
2008-08-04 00:00:00,0.929210155063
2008-08-05 00:00:00,0.929210155063
2008-08-06 00:00:00,0.929210155063
2008-08-07 00:00:00,0.929210155063
2008-08-08 00:00:00,0.929210155063
2008-08-09 00:00:00,0.929210155063
2008-08-10 00:00:00,0.929210155063
2008-08-11 00:00:00,0.929210155063
2008-08-12 00:00:00,0.929210155063
2008-08-13 00:00:00,0.929210155063
2008-08-14 00:00:00,0.929210155063
2008-08-15 00:00:00,0.929210155063
2008-08-16 00:00:00,0.929210155063
2008-08-17 00:00:00,0.929210155063
2008-10-02 00:00:00,0.571704156668
2008-10-03 00:00:00,0.571704156668
2008-10-04 00:00:00,0.571704156668
2008-10-05 00:00:00,0.571704156668
2008-10-06 00:00:00,0.571704156668
2008-10-07 00:00:00,0.571704156668
2008-10-08 00:00:00,0.571704156668
2008-10-09 00:00:00,0.571704156668
2008-10-10 00:00:00,0.571704156668
2008-10-11 00:00:00,0.571704156668
2008-10-12 00:00:00,0.571704156668
2008-10-13 00:00:00,0.571704156668
2008-10-14 00:00:00,0.571704156668
2008-10-15 00:00:00,0.571704156668
2008-10-16 00:00:00,0.571704156668
2008-11-01 00:00:00,0.744379508056
2008-11-02 00:00:00,0.744379508056
2008-11-03 00:00:00,0.744379508056
2008-11-04 00:00:00,0.744379508056
2008-11-05 00:00:00,0.744379508056
2008-11-06 00:00:00,0.744379508056
2008-11-07 00:00:00,0.744379508056
2008-11-08 00:00:00,0.744379508056
2008-11-09 00:00:00,0.744379508056
2008-11-10 00:00:00,0.744379508056
2008-11-11 00:00:00,0.744379508056
2008-11-12 00:00:00,0.744379508056
2008-11-13 00:00:00,0.744379508056
2008-11-14 00:00:00,0.744379508056
2008-11-15 00:00:00,0.744379508056
2009-02-14 00:00:00,0.566152693359
2009-02-15 00:00:00,0.566152693359
2009-02-16 00:00:00,0.566152693359
2009-02-17 00:00:00,0.566152693359
2009-02-18 00:00:00,0.566152693359
2009-02-19 00:00:00,0.566152693359
2009-02-20 00:00:00,0.566152693359
2009-02-21 00:00:00,0.566152693359
2009-02-22 00:00:00,0.566152693359
2009-02-23 00:00:00,0.566152693359
2009-02-24 00:00:00,0.566152693359
2009-02-25 00:00:00,0.566152693359
2009-02-26 00:00:00,0.566152693359
2009-02-27 00:00:00,0.566152693359
2009-02-28 00:00:00,0.566152693359
2009-03-16 00:00:00,0.891457683411
2009-03-17 00:00:00,0.891457683411
2009-03-18 00:00:00,0.891457683411
2009-03-19 00:00:00,0.891457683411
2009-03-20 00:00:00,0.891457683411
2009-03-21 00:00:00,0.891457683411
2009-03-22 00:00:00,0.891457683411
2009-03-23 00:00:00,0.891457683411
2009-03-24 00:00:00,0.891457683411
2009-03-25 00:00:00,0.891457683411
2009-03-26 00:00:00,0.891457683411
2009-03-27 00:00:00,0.891457683411
2009-03-28 00:00:00,0.891457683411
2009-03-29 00:00:00,0.891457683411
2009-03-30 00:00:00,0.891457683411
2009-03-31 00:00:00,0.891457683411
2009-04-01 00:00:00,0.891457683411
2009-04-02 00:00:00,0.891457683411
2009-04-03 00:00:00,0.891457683411
2009-04-04 00:00:00,0.891457683411
2009-04-05 00:00:00,0.891457683411
2009-04-06 00:00:00,0.891457683411
2009-04-07 00:00:00,0.891457683411
2009-04-08 00:00:00,0.891457683411
2009-04-09 00:00:00,0.891457683411
2009-04-10 00:00:00,0.891457683411
2009-04-11 00:00:00,0.891457683411
2009-04-12 00:00:00,0.891457683411
2009-04-13 00:00:00,0.891457683411
2009-04-14 00:00:00,0.891457683411
2009-04-30 00:00:00,0.865270253513
2009-05-01 00:00:00,0.865270253513
2009-05-02 00:00:00,0.865270253513
2009-05-03 00:00:00,0.865270253513
2009-05-04 00:00:00,0.865270253513
2009-05-05 00:00:00,0.865270253513
2009-05-06 00:00:00,0.865270253513
2009-05-07 00:00:00,0.865270253513
2009-05-08 00:00:00,0.865270253513
2009-05-09 00:00:00,0.865270253513
2009-05-10 00:00:00,0.865270253513
2009-05-11 00:00:00,0.865270253513
2009-05-12 00:00:00,0.865270253513
2009-05-13 00:00:00,0.865270253513
2009-05-14 00:00:00,0.865270253513
2009-05-15 00:00:00,0.865270253513
2009-05-16 00:00:00,0.865270253513
2009-05-17 00:00:00,0.865270253513
2009-05-18 00:00:00,0.865270253513
2009-05-19 00:00:00,0.865270253513
2009-05-20 00:00:00,0.865270253513
2009-05-21 00:00:00,0.865270253513
2009-05-22 00:00:00,0.865270253513
2009-05-23 00:00:00,0.865270253513
2009-05-24 00:00:00,0.865270253513
2009-05-25 00:00:00,0.865270253513
2009-05-26 00:00:00,0.865270253513
2009-05-27 00:00:00,0.865270253513
2009-05-28 00:00:00,0.865270253513
2009-05-29 00:00:00,0.865270253513
2009-07-14 00:00:00,0.856491940092
2009-07-15 00:00:00,0.856491940092
2009-07-16 00:00:00,0.856491940092
2009-07-17 00:00:00,0.856491940092
2009-07-18 00:00:00,0.856491940092
2009-07-19 00:00:00,0.856491940092
2009-07-20 00:00:00,0.856491940092
2009-07-21 00:00:00,0.856491940092
2009-07-22 00:00:00,0.856491940092
2009-07-23 00:00:00,0.856491940092
2009-07-24 00:00:00,0.856491940092
2009-07-25 00:00:00,0.856491940092
2009-07-26 00:00:00,0.856491940092
2009-07-27 00:00:00,0.856491940092
2009-07-28 00:00:00,0.856491940092
2009-07-29 00:00:00,0.856491940092
2009-07-30 00:00:00,0.856491940092
2009-07-31 00:00:00,0.856491940092
2009-08-01 00:00:00,0.856491940092
2009-08-02 00:00:00,0.856491940092
2009-08-03 00:00:00,0.856491940092
2009-08-04 00:00:00,0.856491940092
2009-08-05 00:00:00,0.856491940092
2009-08-06 00:00:00,0.856491940092
2009-08-07 00:00:00,0.856491940092
2009-08-08 00:00:00,0.856491940092
2009-08-09 00:00:00,0.856491940092
2009-08-10 00:00:00,0.856491940092
2009-08-11 00:00:00,0.856491940092
2009-08-12 00:00:00,0.856491940092
2009-08-13 00:00:00,0.856491940092
2009-08-14 00:00:00,0.856491940092
2009-08-15 00:00:00,0.856491940092
2009-08-16 00:00:00,0.856491940092
2009-08-17 00:00:00,0.856491940092
2009-08-18 00:00:00,0.856491940092
2009-08-19 00:00:00,0.856491940092
2009-08-20 00:00:00,0.856491940092
2009-08-21 00:00:00,0.856491940092
2009-08-22 00:00:00,0.856491940092
2009-08-23 00:00:00,0.856491940092
2009-08-24 00:00:00,0.856491940092
2009-08-25 00:00:00,0.856491940092
2009-08-26 00:00:00,0.856491940092
2009-08-27 00:00:00,0.856491940092
2009-09-27 00:00:00,0.93098006579
2009-09-28 00:00:00,0.93098006579
2009-09-29 00:00:00,0.93098006579
2009-09-30 00:00:00,0.93098006579
2009-10-01 00:00:00,0.93098006579
2009-10-02 00:00:00,0.93098006579
2009-10-03 00:00:00,0.93098006579
2009-10-04 00:00:00,0.93098006579
2009-10-05 00:00:00,0.93098006579
2009-10-06 00:00:00,0.93098006579
2009-10-07 00:00:00,0.93098006579
2009-10-08 00:00:00,0.93098006579
2009-10-09 00:00:00,0.93098006579
2009-10-10 00:00:00,0.93098006579
2009-10-11 00:00:00,0.93098006579
2009-11-11 00:00:00,0.839688211461
2009-11-12 00:00:00,0.839688211461
2009-11-13 00:00:00,0.839688211461
2009-11-14 00:00:00,0.839688211461
2009-11-15 00:00:00,0.839688211461
2009-11-16 00:00:00,0.839688211461
2009-11-17 00:00:00,0.839688211461
2009-11-18 00:00:00,0.839688211461
2009-11-19 00:00:00,0.839688211461
2009-11-20 00:00:00,0.839688211461
2009-11-21 00:00:00,0.839688211461
2009-11-22 00:00:00,0.839688211461
2009-11-23 00:00:00,0.839688211461
2009-11-24 00:00:00,0.839688211461
2009-11-25 00:00:00,0.839688211461
2009-11-26 00:00:00,0.839688211461
2009-11-27 00:00:00,0.839688211461
2009-11-28 00:00:00,0.839688211461
2009-11-29 00:00:00,0.839688211461
2009-11-30 00:00:00,0.839688211461
2009-12-01 00:00:00,0.839688211461
2009-12-02 00:00:00,0.839688211461
2009-12-03 00:00:00,0.839688211461
2009-12-04 00:00:00,0.839688211461
2009-12-05 00:00:00,0.839688211461
2009-12-06 00:00:00,0.839688211461
2009-12-07 00:00:00,0.839688211461
2009-12-08 00:00:00,0.839688211461
2009-12-09 00:00:00,0.839688211461
2009-12-10 00:00:00,0.839688211461
2009-12-26 00:00:00,-0.567553803853
2009-12-27 00:00:00,-0.567553803853
2009-12-28 00:00:00,-0.567553803853
2009-12-29 00:00:00,-0.567553803853
2009-12-30 00:00:00,-0.567553803853
2009-12-31 00:00:00,-0.567553803853
2010-01-01 00:00:00,-0.567553803853
2010-01-02 00:00:00,-0.567553803853
2010-01-03 00:00:00,-0.567553803853
2010-01-04 00:00:00,-0.567553803853
2010-01-05 00:00:00,-0.567553803853
2010-01-06 00:00:00,-0.567553803853
2010-01-07 00:00:00,-0.567553803853
2010-01-08 00:00:00,-0.567553803853
2010-01-09 00:00:00,-0.567553803853
2010-01-10 00:00:00,-0.567553803853
2010-01-11 00:00:00,-0.567553803853
2010-01-12 00:00:00,-0.567553803853
2010-01-13 00:00:00,-0.567553803853
2010-01-14 00:00:00,-0.567553803853
2010-01-15 00:00:00,-0.567553803853
2010-01-16 00:00:00,-0.567553803853
2010-01-17 00:00:00,-0.567553803853
2010-01-18 00:00:00,-0.567553803853
2010-01-19 00:00:00,-0.567553803853
2010-01-20 00:00:00,-0.567553803853
2010-01-21 00:00:00,-0.567553803853
2010-01-22 00:00:00,-0.567553803853
2010-01-23 00:00:00,-0.567553803853
2010-01-24 00:00:00,-0.567553803853
2010-02-09 00:00:00,-0.837425037401
2010-02-10 00:00:00,-0.837425037401
2010-02-11 00:00:00,-0.837425037401
2010-02-12 00:00:00,-0.837425037401
2010-02-13 00:00:00,-0.837425037401
2010-02-14 00:00:00,-0.837425037401
2010-02-15 00:00:00,-0.837425037401
2010-02-16 00:00:00,-0.837425037401
2010-02-17 00:00:00,-0.837425037401
2010-02-18 00:00:00,-0.837425037401
2010-02-19 00:00:00,-0.837425037401
2010-02-20 00:00:00,-0.837425037401
2010-02-21 00:00:00,-0.837425037401
2010-02-22 00:00:00,-0.837425037401
2010-02-23 00:00:00,-0.837425037401
2010-03-26 00:00:00,0.890046011086
2010-03-27 00:00:00,0.890046011086
2010-03-28 00:00:00,0.890046011086
2010-03-29 00:00:00,0.890046011086
2010-03-30 00:00:00,0.890046011086
2010-03-31 00:00:00,0.890046011086
2010-04-01 00:00:00,0.890046011086
2010-04-02 00:00:00,0.890046011086
2010-04-03 00:00:00,0.890046011086
2010-04-04 00:00:00,0.890046011086
2010-04-05 00:00:00,0.890046011086
2010-04-06 00:00:00,0.890046011086
2010-04-07 00:00:00,0.890046011086
2010-04-08 00:00:00,0.890046011086
2010-04-09 00:00:00,0.890046011086
2010-04-10 00:00:00,0.890046011086
2010-04-11 00:00:00,0.890046011086
2010-04-12 00:00:00,0.890046011086
2010-04-13 00:00:00,0.890046011086
2010-04-14 00:00:00,0.890046011086
2010-04-15 00:00:00,0.890046011086
2010-04-16 00:00:00,0.890046011086
2010-04-17 00:00:00,0.890046011086
2010-04-18 00:00:00,0.890046011086
2010-04-19 00:00:00,0.890046011086
2010-04-20 00:00:00,0.890046011086
2010-04-21 00:00:00,0.890046011086
2010-04-22 00:00:00,0.890046011086
2010-04-23 00:00:00,0.890046011086
2010-04-24 00:00:00,0.890046011086
2010-07-24 00:00:00,0.836810643587
2010-07-25 00:00:00,0.836810643587
2010-07-26 00:00:00,0.836810643587
2010-07-27 00:00:00,0.836810643587
2010-07-28 00:00:00,0.836810643587
2010-07-29 00:00:00,0.836810643587
2010-07-30 00:00:00,0.836810643587
2010-07-31 00:00:00,0.836810643587
2010-08-01 00:00:00,0.836810643587
2010-08-02 00:00:00,0.836810643587
2010-08-03 00:00:00,0.836810643587
2010-08-04 00:00:00,0.836810643587
2010-08-05 00:00:00,0.836810643587
2010-08-06 00:00:00,0.836810643587
2010-08-07 00:00:00,0.836810643587
2010-08-23 00:00:00,0.730208705255
2010-08-24 00:00:00,0.730208705255
2010-08-25 00:00:00,0.730208705255
2010-08-26 00:00:00,0.730208705255
2010-08-27 00:00:00,0.730208705255
2010-08-28 00:00:00,0.730208705255
2010-08-29 00:00:00,0.730208705255
2010-08-30 00:00:00,0.730208705255
2010-08-31 00:00:00,0.730208705255
2010-09-01 00:00:00,0.730208705255
2010-09-02 00:00:00,0.730208705255
2010-09-03 00:00:00,0.730208705255
2010-09-04 00:00:00,0.730208705255
2010-09-05 00:00:00,0.730208705255
2010-09-06 00:00:00,0.730208705255
2010-11-06 00:00:00,0.929619639582
2010-11-07 00:00:00,0.929619639582
2010-11-08 00:00:00,0.929619639582
2010-11-09 00:00:00,0.929619639582
2010-11-10 00:00:00,0.929619639582
2010-11-11 00:00:00,0.929619639582
2010-11-12 00:00:00,0.929619639582
2010-11-13 00:00:00,0.929619639582
2010-11-14 00:00:00,0.929619639582
2010-11-15 00:00:00,0.929619639582
2010-11-16 00:00:00,0.929619639582
2010-11-17 00:00:00,0.929619639582
2010-11-18 00:00:00,0.929619639582
2010-11-19 00:00:00,0.929619639582
2010-11-20 00:00:00,0.929619639582
2010-11-21 00:00:00,0.929619639582
2010-11-22 00:00:00,0.929619639582
2010-11-23 00:00:00,0.929619639582
2010-11-24 00:00:00,0.929619639582
2010-11-25 00:00:00,0.929619639582
2010-11-26 00:00:00,0.929619639582
2010-11-27 00:00:00,0.929619639582
2010-11-28 00:00:00,0.929619639582
2010-11-29 00:00:00,0.929619639582
2010-11-30 00:00:00,0.929619639582
2010-12-01 00:00:00,0.929619639582
2010-12-02 00:00:00,0.929619639582
2010-12-03 00:00:00,0.929619639582
2010-12-04 00:00:00,0.929619639582
2010-12-05 00:00:00,0.929619639582
2010-12-21 00:00:00,0.747099668839
2010-12-22 00:00:00,0.747099668839
2010-12-23 00:00:00,0.747099668839
2010-12-24 00:00:00,0.747099668839
2010-12-25 00:00:00,0.747099668839
2010-12-26 00:00:00,0.747099668839
2010-12-27 00:00:00,0.747099668839
2010-12-28 00:00:00,0.747099668839
2010-12-29 00:00:00,0.747099668839
2010-12-30 00:00:00,0.747099668839
2010-12-31 00:00:00,0.747099668839
2011-01-01 00:00:00,0.747099668839
2011-01-02 00:00:00,0.747099668839
2011-01-03 00:00:00,0.747099668839
2011-01-04 00:00:00,0.747099668839
2011-01-20 00:00:00,0.758534595724
2011-01-21 00:00:00,0.758534595724
2011-01-22 00:00:00,0.758534595724
2011-01-23 00:00:00,0.758534595724
2011-01-24 00:00:00,0.758534595724
2011-01-25 00:00:00,0.758534595724
2011-01-26 00:00:00,0.758534595724
2011-01-27 00:00:00,0.758534595724
2011-01-28 00:00:00,0.758534595724
2011-01-29 00:00:00,0.758534595724
2011-01-30 00:00:00,0.758534595724
2011-01-31 00:00:00,0.758534595724
2011-02-01 00:00:00,0.758534595724
2011-02-02 00:00:00,0.758534595724
2011-02-03 00:00:00,0.758534595724
2011-02-04 00:00:00,0.758534595724
2011-02-05 00:00:00,0.758534595724
2011-02-06 00:00:00,0.758534595724
2011-02-07 00:00:00,0.758534595724
2011-02-08 00:00:00,0.758534595724
2011-02-09 00:00:00,0.758534595724
2011-02-10 00:00:00,0.758534595724
2011-02-11 00:00:00,0.758534595724
2011-02-12 00:00:00,0.758534595724
2011-02-13 00:00:00,0.758534595724
2011-02-14 00:00:00,0.758534595724
2011-02-15 00:00:00,0.758534595724
2011-02-16 00:00:00,0.758534595724
2011-02-17 00:00:00,0.758534595724
2011-02-18 00:00:00,0.758534595724
2011-02-19 00:00:00,0.758534595724
2011-02-20 00:00:00,0.758534595724
2011-02-21 00:00:00,0.758534595724
2011-02-22 00:00:00,0.758534595724
2011-02-23 00:00:00,0.758534595724
2011-02-24 00:00:00,0.758534595724
2011-02-25 00:00:00,0.758534595724
2011-02-26 00:00:00,0.758534595724
2011-02-27 00:00:00,0.758534595724
2011-02-28 00:00:00,0.758534595724
2011-03-01 00:00:00,0.758534595724
2011-03-02 00:00:00,0.758534595724
2011-03-03 00:00:00,0.758534595724
2011-03-04 00:00:00,0.758534595724
2011-03-05 00:00:00,0.758534595724
2011-04-20 00:00:00,0.902445456985
2011-04-21 00:00:00,0.902445456985
2011-04-22 00:00:00,0.902445456985
2011-04-23 00:00:00,0.902445456985
2011-04-24 00:00:00,0.902445456985
2011-04-25 00:00:00,0.902445456985
2011-04-26 00:00:00,0.902445456985
2011-04-27 00:00:00,0.902445456985
2011-04-28 00:00:00,0.902445456985
2011-04-29 00:00:00,0.902445456985
2011-04-30 00:00:00,0.902445456985
2011-05-01 00:00:00,0.902445456985
2011-05-02 00:00:00,0.902445456985
2011-05-03 00:00:00,0.902445456985
2011-05-04 00:00:00,0.902445456985
2011-06-04 00:00:00,0.866383810158
2011-06-05 00:00:00,0.866383810158
2011-06-06 00:00:00,0.866383810158
2011-06-07 00:00:00,0.866383810158
2011-06-08 00:00:00,0.866383810158
2011-06-09 00:00:00,0.866383810158
2011-06-10 00:00:00,0.866383810158
2011-06-11 00:00:00,0.866383810158
2011-06-12 00:00:00,0.866383810158
2011-06-13 00:00:00,0.866383810158
2011-06-14 00:00:00,0.866383810158
2011-06-15 00:00:00,0.866383810158
2011-06-16 00:00:00,0.866383810158
2011-06-17 00:00:00,0.866383810158
2011-06-18 00:00:00,0.866383810158
2011-06-19 00:00:00,0.866383810158
2011-06-20 00:00:00,0.866383810158
2011-06-21 00:00:00,0.866383810158
2011-06-22 00:00:00,0.866383810158
2011-06-23 00:00:00,0.866383810158
2011-06-24 00:00:00,0.866383810158
2011-06-25 00:00:00,0.866383810158
2011-06-26 00:00:00,0.866383810158
2011-06-27 00:00:00,0.866383810158
2011-06-28 00:00:00,0.866383810158
2011-06-29 00:00:00,0.866383810158
2011-06-30 00:00:00,0.866383810158
2011-07-01 00:00:00,0.866383810158
2011-07-02 00:00:00,0.866383810158
2011-07-03 00:00:00,0.866383810158
2011-07-04 00:00:00,0.866383810158
2011-07-05 00:00:00,0.866383810158
2011-07-06 00:00:00,0.866383810158
2011-07-07 00:00:00,0.866383810158
2011-07-08 00:00:00,0.866383810158
2011-07-09 00:00:00,0.866383810158
2011-07-10 00:00:00,0.866383810158
2011-07-11 00:00:00,0.866383810158
2011-07-12 00:00:00,0.866383810158
2011-07-13 00:00:00,0.866383810158
2011-07-14 00:00:00,0.866383810158
2011-07-15 00:00:00,0.866383810158
2011-07-16 00:00:00,0.866383810158
2011-07-17 00:00:00,0.866383810158
2011-07-18 00:00:00,0.866383810158
2011-10-17 00:00:00,0.84972778231
2011-10-18 00:00:00,0.84972778231
2011-10-19 00:00:00,0.84972778231
2011-10-20 00:00:00,0.84972778231
2011-10-21 00:00:00,0.84972778231
2011-10-22 00:00:00,0.84972778231
2011-10-23 00:00:00,0.84972778231
2011-10-24 00:00:00,0.84972778231
2011-10-25 00:00:00,0.84972778231
2011-10-26 00:00:00,0.84972778231
2011-10-27 00:00:00,0.84972778231
2011-10-28 00:00:00,0.84972778231
2011-10-29 00:00:00,0.84972778231
2011-10-30 00:00:00,0.84972778231
2011-10-31 00:00:00,0.84972778231
2012-02-14 00:00:00,0.898422079846
2012-02-15 00:00:00,0.898422079846
2012-02-16 00:00:00,0.898422079846
2012-02-17 00:00:00,0.898422079846
2012-02-18 00:00:00,0.898422079846
2012-02-19 00:00:00,0.898422079846
2012-02-20 00:00:00,0.898422079846
2012-02-21 00:00:00,0.898422079846
2012-02-22 00:00:00,0.898422079846
2012-02-23 00:00:00,0.898422079846
2012-02-24 00:00:00,0.898422079846
2012-02-25 00:00:00,0.898422079846
2012-02-26 00:00:00,0.898422079846
2012-02-27 00:00:00,0.898422079846
2012-02-28 00:00:00,0.898422079846
2012-02-29 00:00:00,0.898422079846
2012-03-01 00:00:00,0.898422079846
2012-03-02 00:00:00,0.898422079846
2012-03-03 00:00:00,0.898422079846
2012-03-04 00:00:00,0.898422079846
2012-03-05 00:00:00,0.898422079846
2012-03-06 00:00:00,0.898422079846
2012-03-07 00:00:00,0.898422079846
2012-03-08 00:00:00,0.898422079846
2012-03-09 00:00:00,0.898422079846
2012-03-10 00:00:00,0.898422079846
2012-03-11 00:00:00,0.898422079846
2012-03-12 00:00:00,0.898422079846
2012-03-13 00:00:00,0.898422079846
2012-03-14 00:00:00,0.898422079846
2012-03-30 00:00:00,0.72059133252
2012-03-31 00:00:00,0.72059133252
2012-04-01 00:00:00,0.72059133252
2012-04-02 00:00:00,0.72059133252
2012-04-03 00:00:00,0.72059133252
2012-04-04 00:00:00,0.72059133252
2012-04-05 00:00:00,0.72059133252
2012-04-06 00:00:00,0.72059133252
2012-04-07 00:00:00,0.72059133252
2012-04-08 00:00:00,0.72059133252
2012-04-09 00:00:00,0.72059133252
2012-04-10 00:00:00,0.72059133252
2012-04-11 00:00:00,0.72059133252
2012-04-12 00:00:00,0.72059133252
2012-04-13 00:00:00,0.72059133252
2012-08-27 00:00:00,0.872413735136
2012-08-28 00:00:00,0.872413735136
2012-08-29 00:00:00,0.872413735136
2012-08-30 00:00:00,0.872413735136
2012-08-31 00:00:00,0.872413735136
2012-09-01 00:00:00,0.872413735136
2012-09-02 00:00:00,0.872413735136
2012-09-03 00:00:00,0.872413735136
2012-09-04 00:00:00,0.872413735136
2012-09-05 00:00:00,0.872413735136
2012-09-06 00:00:00,0.872413735136
2012-09-07 00:00:00,0.872413735136
2012-09-08 00:00:00,0.872413735136
2012-09-09 00:00:00,0.872413735136
2012-09-10 00:00:00,0.872413735136
2012-10-11 00:00:00,0.91371553196
2012-10-12 00:00:00,0.91371553196
2012-10-13 00:00:00,0.91371553196
2012-10-14 00:00:00,0.91371553196
2012-10-15 00:00:00,0.91371553196
2012-10-16 00:00:00,0.91371553196
2012-10-17 00:00:00,0.91371553196
2012-10-18 00:00:00,0.91371553196
2012-10-19 00:00:00,0.91371553196
2012-10-20 00:00:00,0.91371553196
2012-10-21 00:00:00,0.91371553196
2012-10-22 00:00:00,0.91371553196
2012-10-23 00:00:00,0.91371553196
2012-10-24 00:00:00,0.91371553196
2012-10-25 00:00:00,0.91371553196
2012-10-26 00:00:00,0.91371553196
2012-10-27 00:00:00,0.91371553196
2012-10-28 00:00:00,0.91371553196
2012-10-29 00:00:00,0.91371553196
2012-10-30 00:00:00,0.91371553196
2012-10-31 00:00:00,0.91371553196
2012-11-01 00:00:00,0.91371553196
2012-11-02 00:00:00,0.91371553196
2012-11-03 00:00:00,0.91371553196
2012-11-04 00:00:00,0.91371553196
2012-11-05 00:00:00,0.91371553196
2012-11-06 00:00:00,0.91371553196
2012-11-07 00:00:00,0.91371553196
2012-11-08 00:00:00,0.91371553196
2012-11-09 00:00:00,0.91371553196
2012-11-10 00:00:00,0.91371553196
2012-11-11 00:00:00,0.91371553196
2012-11-12 00:00:00,0.91371553196
2012-11-13 00:00:00,0.91371553196
2012-11-14 00:00:00,0.91371553196
2012-11-15 00:00:00,0.91371553196
2012-11-16 00:00:00,0.91371553196
2012-11-17 00:00:00,0.91371553196
2012-11-18 00:00:00,0.91371553196
2012-11-19 00:00:00,0.91371553196
2012-11-20 00:00:00,0.91371553196
2012-11-21 00:00:00,0.91371553196
2012-11-22 00:00:00,0.91371553196
2012-11-23 00:00:00,0.91371553196
2012-11-24 00:00:00,0.91371553196
2012-12-10 00:00:00,0.785717531453
2012-12-11 00:00:00,0.785717531453
2012-12-12 00:00:00,0.785717531453
2012-12-13 00:00:00,0.785717531453
2012-12-14 00:00:00,0.785717531453
2012-12-15 00:00:00,0.785717531453
2012-12-16 00:00:00,0.785717531453
2012-12-17 00:00:00,0.785717531453
2012-12-18 00:00:00,0.785717531453
2012-12-19 00:00:00,0.785717531453
2012-12-20 00:00:00,0.785717531453
2012-12-21 00:00:00,0.785717531453
2012-12-22 00:00:00,0.785717531453
2012-12-23 00:00:00,0.785717531453
2012-12-24 00:00:00,0.785717531453
2012-12-25 00:00:00,0.785717531453
2012-12-26 00:00:00,0.785717531453
2012-12-27 00:00:00,0.785717531453
2012-12-28 00:00:00,0.785717531453
2012-12-29 00:00:00,0.785717531453
2012-12-30 00:00:00,0.785717531453
2012-12-31 00:00:00,0.785717531453
2013-01-01 00:00:00,0.785717531453
2013-01-02 00:00:00,0.785717531453
2013-01-03 00:00:00,0.785717531453
2013-01-04 00:00:00,0.785717531453
2013-01-05 00:00:00,0.785717531453
2013-01-06 00:00:00,0.785717531453
2013-01-07 00:00:00,0.785717531453
2013-01-08 00:00:00,0.785717531453
2013-01-24 00:00:00,0.917593883636
2013-01-25 00:00:00,0.917593883636
2013-01-26 00:00:00,0.917593883636
2013-01-27 00:00:00,0.917593883636
2013-01-28 00:00:00,0.917593883636
2013-01-29 00:00:00,0.917593883636
2013-01-30 00:00:00,0.917593883636
2013-01-31 00:00:00,0.917593883636
2013-02-01 00:00:00,0.917593883636
2013-02-02 00:00:00,0.917593883636
2013-02-03 00:00:00,0.917593883636
2013-02-04 00:00:00,0.917593883636
2013-02-05 00:00:00,0.917593883636
2013-02-06 00:00:00,0.917593883636
2013-02-07 00:00:00,0.917593883636
2013-03-25 00:00:00,0.917297713278
2013-03-26 00:00:00,0.917297713278
2013-03-27 00:00:00,0.917297713278
2013-03-28 00:00:00,0.917297713278
2013-03-29 00:00:00,0.917297713278
2013-03-30 00:00:00,0.917297713278
2013-03-31 00:00:00,0.917297713278
2013-04-01 00:00:00,0.917297713278
2013-04-02 00:00:00,0.917297713278
2013-04-03 00:00:00,0.917297713278
2013-04-04 00:00:00,0.917297713278
2013-04-05 00:00:00,0.917297713278
2013-04-06 00:00:00,0.917297713278
2013-04-07 00:00:00,0.917297713278
2013-04-08 00:00:00,0.917297713278
2013-08-07 00:00:00,0.85102609262
2013-08-08 00:00:00,0.85102609262
2013-08-09 00:00:00,0.85102609262
2013-08-10 00:00:00,0.85102609262
2013-08-11 00:00:00,0.85102609262
2013-08-12 00:00:00,0.85102609262
2013-08-13 00:00:00,0.85102609262
2013-08-14 00:00:00,0.85102609262
2013-08-15 00:00:00,0.85102609262
2013-08-16 00:00:00,0.85102609262
2013-08-17 00:00:00,0.85102609262
2013-08-18 00:00:00,0.85102609262
2013-08-19 00:00:00,0.85102609262
2013-08-20 00:00:00,0.85102609262
2013-08-21 00:00:00,0.85102609262
2013-08-22 00:00:00,0.85102609262
2013-08-23 00:00:00,0.85102609262
2013-08-24 00:00:00,0.85102609262
2013-08-25 00:00:00,0.85102609262
2013-08-26 00:00:00,0.85102609262
2013-08-27 00:00:00,0.85102609262
2013-08-28 00:00:00,0.85102609262
2013-08-29 00:00:00,0.85102609262
2013-08-30 00:00:00,0.85102609262
2013-08-31 00:00:00,0.85102609262
2013-09-01 00:00:00,0.85102609262
2013-09-02 00:00:00,0.85102609262
2013-09-03 00:00:00,0.85102609262
2013-09-04 00:00:00,0.85102609262
2013-09-05 00:00:00,0.85102609262
2013-11-05 00:00:00,0.660738910175
2013-11-06 00:00:00,0.660738910175
2013-11-07 00:00:00,0.660738910175
2013-11-08 00:00:00,0.660738910175
2013-11-09 00:00:00,0.660738910175
2013-11-10 00:00:00,0.660738910175
2013-11-11 00:00:00,0.660738910175
2013-11-12 00:00:00,0.660738910175
2013-11-13 00:00:00,0.660738910175
2013-11-14 00:00:00,0.660738910175
2013-11-15 00:00:00,0.660738910175
2013-11-16 00:00:00,0.660738910175
2013-11-17 00:00:00,0.660738910175
2013-11-18 00:00:00,0.660738910175
2013-11-19 00:00:00,0.660738910175
2013-12-05 00:00:00,0.925822074503
2013-12-06 00:00:00,0.925822074503
2013-12-07 00:00:00,0.925822074503
2013-12-08 00:00:00,0.925822074503
2013-12-09 00:00:00,0.925822074503
2013-12-10 00:00:00,0.925822074503
2013-12-11 00:00:00,0.925822074503
2013-12-12 00:00:00,0.925822074503
2013-12-13 00:00:00,0.925822074503
2013-12-14 00:00:00,0.925822074503
2013-12-15 00:00:00,0.925822074503
2013-12-16 00:00:00,0.925822074503
2013-12-17 00:00:00,0.925822074503
2013-12-18 00:00:00,0.925822074503
2013-12-19 00:00:00,0.925822074503
2013-12-20 00:00:00,0.925822074503
2013-12-21 00:00:00,0.925822074503
2013-12-22 00:00:00,0.925822074503
2013-12-23 00:00:00,0.925822074503
2013-12-24 00:00:00,0.925822074503
2013-12-25 00:00:00,0.925822074503
2013-12-26 00:00:00,0.925822074503
2013-12-27 00:00:00,0.925822074503
2013-12-28 00:00:00,0.925822074503
2013-12-29 00:00:00,0.925822074503
2013-12-30 00:00:00,0.925822074503
2013-12-31 00:00:00,0.925822074503
2014-01-01 00:00:00,0.925822074503
2014-01-02 00:00:00,0.925822074503
2014-01-03 00:00:00,0.925822074503
2014-01-04 00:00:00,0.925822074503
2014-01-05 00:00:00,0.925822074503
2014-01-06 00:00:00,0.925822074503
2014-01-07 00:00:00,0.925822074503
2014-01-08 00:00:00,0.925822074503
2014-01-09 00:00:00,0.925822074503
2014-01-10 00:00:00,0.925822074503
2014-01-11 00:00:00,0.925822074503
2014-01-12 00:00:00,0.925822074503
2014-01-13 00:00:00,0.925822074503
2014-01-14 00:00:00,0.925822074503
2014-01-15 00:00:00,0.925822074503
2014-01-16 00:00:00,0.925822074503
2014-01-17 00:00:00,0.925822074503
2014-01-18 00:00:00,0.925822074503
2014-04-04 00:00:00,-1.0
2014-04-05 00:00:00,-1.0
2014-04-06 00:00:00,-1.0
2014-04-07 00:00:00,-1.0
2014-04-08 00:00:00,-1.0
2014-04-09 00:00:00,-1.0
2014-04-10 00:00:00,-1.0
2014-04-11 00:00:00,-1.0
2014-04-12 00:00:00,-1.0
2014-04-13 00:00:00,-1.0
2014-04-14 00:00:00,-1.0
2014-04-15 00:00:00,-1.0
2014-04-16 00:00:00,-1.0
2014-04-17 00:00:00,-1.0
2014-04-18 00:00:00,-1.0
2014-04-19 00:00:00,-1.0
2014-04-20 00:00:00,-1.0
2014-04-21 00:00:00,-1.0
2014-04-22 00:00:00,-1.0
2014-04-23 00:00:00,-1.0
2014-04-24 00:00:00,-1.0
2014-04-25 00:00:00,-1.0
2014-04-26 00:00:00,-1.0
2014-04-27 00:00:00,-1.0
2014-04-28 00:00:00,-1.0
2014-04-29 00:00:00,-1.0
2014-04-30 00:00:00,-1.0
2014-05-01 00:00:00,-1.0
2014-05-02 00:00:00,-1.0
2014-05-03 00:00:00,-1.0
2014-05-04 00:00:00,-1.0
2014-05-05 00:00:00,-1.0
2014-05-06 00:00:00,-1.0
2014-05-07 00:00:00,-1.0
2014-05-08 00:00:00,-1.0
2014-05-09 00:00:00,-1.0
2014-05-10 00:00:00,-1.0
2014-05-11 00:00:00,-1.0
2014-05-12 00:00:00,-1.0
2014-05-13 00:00:00,-1.0
2014-05-14 00:00:00,-1.0
2014-05-15 00:00:00,-1.0
2014-05-16 00:00:00,-1.0
2014-05-17 00:00:00,-1.0
2014-05-18 00:00:00,-1.0
2014-05-19 00:00:00,-1.0
2014-05-20 00:00:00,-1.0
2014-05-21 00:00:00,-1.0
2014-05-22 00:00:00,-1.0
2014-05-23 00:00:00,-1.0
2014-05-24 00:00:00,-1.0
2014-05-25 00:00:00,-1.0
2014-05-26 00:00:00,-1.0
2014-05-27 00:00:00,-1.0
2014-05-28 00:00:00,-1.0
2014-05-29 00:00:00,-1.0
2014-05-30 00:00:00,-1.0
2014-05-31 00:00:00,-1.0
2014-06-01 00:00:00,-1.0
2014-06-02 00:00:00,-1.0
News Data
Start Date, End Date,News Source,Link,Days,Reason,Comment,Days Reported
2010-12-21,2010-12-20,The Hindu,http://www.thehindu.com/business/Economy/imported-onion-arrive-from-pakistan/article965607.ece,-1,not stated,,0
2010-12-22,2010-12-20,The Hindu,http://www.thehindu.com/business/Economy/imported-onion-arrive-from-pakistan/article965607.ece,-2,not stated,,0
2010-12-23,2010-12-20,The Hindu,http://www.thehindu.com/business/Economy/imported-onion-arrive-from-pakistan/article965607.ece,-3,not stated,,0
2010-12-24,2010-12-20,The Hindu,http://www.thehindu.com/business/Economy/imported-onion-arrive-from-pakistan/article965607.ece,-4,not stated,,0
2010-12-25,2010-12-20,The Hindu,http://www.thehindu.com/business/Economy/imported-onion-arrive-from-pakistan/article965607.ece,-5,not stated,,0
2010-12-26,2010-12-21,The Economic Times,http://articles.economictimes.indiatimes.com/2010-12-21/news/27586208_1_minimum-export-price-onion-prices-mep,-5,traders nexus,,0
2010-12-27,2010-12-22,NDTV,http://www.ndtv.com/india-news/why-onion-prices-are-so-high-442629,-5,unseasonal rainfall,,7
2010-12-28,2010-12-23,The Times of India,http://timesofindia.indiatimes.com/city/pune/Onion-prices-still-leave-consumers-teary-eyed/articleshow/7147525.cms,-5,unseasonal rainfall,,0
2010-12-29,2010-12-24,Business Standard,http://www.business-standard.com/article/economy-policy/wholesale-onion-prices-slide-20-in-lasalgaon-manmad-110122400137_1.html,-5,not stated,Prices went down, but for good quality prices went high,None
2010-12-30,2011-01-03,NDTV,http://www.ndtv.com/mumbai-news/mumbai-trader-sells-onions-at-rs-12-per-kg-443770,4,not stated,,0
2010-12-31,2011-01-03,NDTV,http://www.ndtv.com/mumbai-news/mumbai-trader-sells-onions-at-rs-12-per-kg-443770,3,not stated,,0
2011-01-01,2011-01-03,NDTV,http://www.ndtv.com/mumbai-news/mumbai-trader-sells-onions-at-rs-12-per-kg-443770,2,not stated,,0
2011-01-02,2011-01-03,NDTV,http://www.ndtv.com/mumbai-news/mumbai-trader-sells-onions-at-rs-12-per-kg-443770,1,not stated,,0
2011-01-03,2011-01-03,NDTV,http://www.ndtv.com/mumbai-news/mumbai-trader-sells-onions-at-rs-12-per-kg-443770,0,not stated,,0
2011-01-04,2011-01-03,NDTV,http://www.ndtv.com/mumbai-news/mumbai-trader-sells-onions-at-rs-12-per-kg-443770,-1,not stated,,0
2012-12-22,2012-12-27,The Times of India,http://timesofindia.indiatimes.com/india/Onion-prices-80-higher-than-last-year/articleshow/17774280.cms,5,traders nexus,no,0
2012-12-23,2012-12-27,The Times of India,http://timesofindia.indiatimes.com/india/Onion-prices-80-higher-than-last-year/articleshow/17774280.cms,4,traders nexus,no,0
2012-12-24,2012-12-27,The Times of India,http://timesofindia.indiatimes.com/india/Onion-prices-80-higher-than-last-year/articleshow/17774280.cms,3,traders nexus,no,0
2012-12-25,2012-12-27,The Times of India,http://timesofindia.indiatimes.com/india/Onion-prices-80-higher-than-last-year/articleshow/17774280.cms,2,traders nexus,no,0
2012-12-26,2012-12-27,The Times of India,http://timesofindia.indiatimes.com/india/Onion-prices-80-higher-than-last-year/articleshow/17774280.cms,1,traders nexus,no,0
2012-12-27,2012-12-27,The Times of India,http://timesofindia.indiatimes.com/india/Onion-prices-80-higher-than-last-year/articleshow/17774280.cms,0,traders nexus,no,0
2012-12-28,2012-12-27,The Times of India,http://timesofindia.indiatimes.com/india/Onion-prices-80-higher-than-last-year/articleshow/17774280.cms,-1,traders nexus,no,0
2012-12-29,2012-12-27,The Times of India,http://timesofindia.indiatimes.com/india/Onion-prices-80-higher-than-last-year/articleshow/17774280.cms,-2,traders nexus,no,0
2012-12-30,2012-12-27,The Times of India,http://timesofindia.indiatimes.com/india/Onion-prices-80-higher-than-last-year/articleshow/17774280.cms,-3,traders nexus,no,0
2012-12-31,2012-12-27,The Times of India,http://timesofindia.indiatimes.com/india/Onion-prices-80-higher-than-last-year/articleshow/17774280.cms,-4,traders nexus,no,0
2013-01-01,2012-12-27,The Times of India,http://timesofindia.indiatimes.com/india/Onion-prices-80-higher-than-last-year/articleshow/17774280.cms,-5,traders nexus,no,0
2013-01-24,2013-01-22,Business Standard,http://www.business-standard.com/article/markets/onion-prices-up-sharply-on-transport-cost-113012200072_1.html,-2,traders nexus,,14
2013-01-25,2013-01-22,Business Standard,http://www.business-standard.com/article/markets/onion-prices-up-sharply-on-transport-cost-113012200072_1.html,-3,traders nexus,,14
2013-01-26,2013-01-22,Business Standard,http://www.business-standard.com/article/markets/onion-prices-up-sharply-on-transport-cost-113012200072_1.html,-4,traders nexus,,14
2013-01-27,2013-01-22,Business Standard,http://www.business-standard.com/article/markets/onion-prices-up-sharply-on-transport-cost-113012200072_1.html,-5,traders nexus,,14
2013-01-28,2013-01-25,Business Standard,http://www.business-standard.com/article/markets/minimum-export-price-for-onion-likely-113012500082_1.html,-3,low supply,no,None
2013-01-29,2013-01-25,Business Standard,http://www.business-standard.com/article/markets/minimum-export-price-for-onion-likely-113012500082_1.html,-4,low supply,no,None
2013-01-30,2013-01-25,Business Standard,http://www.business-standard.com/article/markets/minimum-export-price-for-onion-likely-113012500082_1.html,-5,low supply,no,None
2013-01-31,2013-01-30,First Post,http://www.firstpost.com/business/economy/rise-in-onion-prices-temporary-phenomenon-pawar-607494.html,-1,low production,Low production bcz of drought and speculation of low production is leading to low supply,0
2013-02-01,2013-01-30,First Post,http://www.firstpost.com/business/economy/rise-in-onion-prices-temporary-phenomenon-pawar-607494.html,-2,low production,Low production bcz of drought and speculation of low production is leading to low supply,0
2013-02-02,2013-01-30,First Post,http://www.firstpost.com/business/economy/rise-in-onion-prices-temporary-phenomenon-pawar-607494.html,-3,low production,Low production bcz of drought and speculation of low production is leading to low supply,0
2013-02-03,2013-01-30,First Post,http://www.firstpost.com/business/economy/rise-in-onion-prices-temporary-phenomenon-pawar-607494.html,-4,low production,Low production bcz of drought and speculation of low production is leading to low supply,0
2013-02-04,2013-01-30,First Post,http://www.firstpost.com/business/economy/rise-in-onion-prices-temporary-phenomenon-pawar-607494.html,-5,low production,Low production bcz of drought and speculation of low production is leading to low supply,0
2013-02-05,2013-02-02,NDTV,http://www.ndtv.com/delhi-news/onions-rs-35-a-kg-govt-may-step-in-to-control-prices-512075,-3,poor monsoon,,30
2013-02-06,2013-02-02,NDTV,http://www.ndtv.com/delhi-news/onions-rs-35-a-kg-govt-may-step-in-to-control-prices-512075,-4,poor monsoon,,30
2013-02-07,2013-02-02,NDTV,http://www.ndtv.com/delhi-news/onions-rs-35-a-kg-govt-may-step-in-to-control-prices-512075,-5,poor monsoon,,30
2013-08-07,2013-08-06,The Hindu,http://www.thehindu.com/news/cities/Delhi/onion-prices-bring-tears-yet-again/article4995124.ece,-1,low production,Even Hoaders are responsible to some extent,0
2013-08-08,2013-08-06,The Hindu,http://www.thehindu.com/news/cities/Delhi/onion-prices-bring-tears-yet-again/article4995124.ece,-2,low production,Even Hoaders are responsible to some extent,0
2013-08-09,2013-08-06,The Hindu,http://www.thehindu.com/news/cities/Delhi/onion-prices-bring-tears-yet-again/article4995124.ece,-3,low production,Even Hoaders are responsible to some extent,0
2013-08-10,2013-08-06,The Hindu,http://www.thehindu.com/news/cities/Delhi/onion-prices-bring-tears-yet-again/article4995124.ece,-4,low production,Even Hoaders are responsible to some extent,0
2013-08-11,2013-08-06,The Hindu,http://www.thehindu.com/news/cities/Delhi/onion-prices-bring-tears-yet-again/article4995124.ece,-5,low production,Even Hoaders are responsible to some extent,0
2013-08-12,2013-08-11,DNA,http://www.dnaindia.com/india/report-onion-prices-rise-to-rs-55-60kg-hike-bring-tears-in-eyes-of-people-1873151,-1,low production,,10
2013-08-13,2013-08-11,DNA,http://www.dnaindia.com/india/report-onion-prices-rise-to-rs-55-60kg-hike-bring-tears-in-eyes-of-people-1873151,-2,low production,,10
2013-08-14,2013-08-11,DNA,http://www.dnaindia.com/india/report-onion-prices-rise-to-rs-55-60kg-hike-bring-tears-in-eyes-of-people-1873151,-3,low production,,10
2013-08-15,2013-08-11,DNA,http://www.dnaindia.com/india/report-onion-prices-rise-to-rs-55-60kg-hike-bring-tears-in-eyes-of-people-1873151,-4,low production,,10
2013-08-16,2013-08-11,DNA,http://www.dnaindia.com/india/report-onion-prices-rise-to-rs-55-60kg-hike-bring-tears-in-eyes-of-people-1873151,-5,low production,,10
2013-08-17,2013-08-13,Telegraph,http://www.telegraphindia.com/1130813/jsp/odisha/story_17226115.jsp,-4,low supply,,30
2013-08-18,2013-08-13,Telegraph,http://www.telegraphindia.com/1130813/jsp/odisha/story_17226115.jsp,-5,low supply,,30
2013-08-19,2013-08-14,The Hindu,http://www.thehindu.com/news/national/cos-meeting-to-wipe-onion-tears/article5019702.ece,-5,low supply,Possiblity of hoarding highlighted clearly,0
2013-08-20,2013-08-17,The Times of India,http://timesofindia.indiatimes.com/india/Hoarding-pushing-onion-prices-up-govt-finds/articleshow/21872501.cms,-3,traders nexus,Clear signs of traders fixing the prices by creating artificial deficit in jun- july 2013,60
2013-08-21,2013-08-17,The Times of India,http://timesofindia.indiatimes.com/india/Hoarding-pushing-onion-prices-up-govt-finds/articleshow/21872501.cms,-4,traders nexus,Clear signs of traders fixing the prices by creating artificial deficit in jun- july 2013,60
2013-08-22,2013-08-17,The Times of India,http://timesofindia.indiatimes.com/india/Hoarding-pushing-onion-prices-up-govt-finds/articleshow/21872501.cms,-5,traders nexus,Clear signs of traders fixing the prices by creating artificial deficit in jun- july 2013,60
2013-08-23,2013-08-21,The Hindu,http://www.thehindu.com/business/Industry/onion-prices-jump-to-rs-80kg-again/article5044776.ece,-2,low supply,Prices hiked again,0
2013-08-24,2013-08-21,The Hindu,http://www.thehindu.com/business/Industry/onion-prices-jump-to-rs-80kg-again/article5044776.ece,-3,low supply,Prices hiked again,0
2013-08-25,2013-08-21,The Hindu,http://www.thehindu.com/business/Industry/onion-prices-jump-to-rs-80kg-again/article5044776.ece,-4,low supply,Prices hiked again,0
2013-08-26,2013-08-21,The Hindu,http://www.thehindu.com/business/Industry/onion-prices-jump-to-rs-80kg-again/article5044776.ece,-5,low supply,Prices hiked again,0
2013-08-27,2013-08-22,Money Control,http://www.moneycontrol.com/news/economy/onion-prices-shoot-back-to-rs-80kgmany-partsindia_939103.html,-5,not stated,,1
2013-08-29,2013-09-03,NDTV,http://www.ndtv.com/india-news/onion-prices-may-ease-when-south-india-crop-hits-market-government-533474,5,low supply,,0
2013-08-30,2013-09-03,NDTV,http://www.ndtv.com/india-news/onion-prices-may-ease-when-south-india-crop-hits-market-government-533474,4,low supply,,0
2013-08-31,2013-09-03,NDTV,http://www.ndtv.com/india-news/onion-prices-may-ease-when-south-india-crop-hits-market-government-533474,3,low supply,,0
2013-09-01,2013-09-03,NDTV,http://www.ndtv.com/india-news/onion-prices-may-ease-when-south-india-crop-hits-market-government-533474,2,low supply,,0
2013-09-02,2013-09-03,NDTV,http://www.ndtv.com/india-news/onion-prices-may-ease-when-south-india-crop-hits-market-government-533474,1,low supply,,0
2013-09-03,2013-09-03,NDTV,http://www.ndtv.com/india-news/onion-prices-may-ease-when-south-india-crop-hits-market-government-533474,0,low supply,,0
2013-09-04,2013-09-03,NDTV,http://www.ndtv.com/india-news/onion-prices-may-ease-when-south-india-crop-hits-market-government-533474,-1,low supply,,0
2013-09-05,2013-09-03,NDTV,http://www.ndtv.com/india-news/onion-prices-may-ease-when-south-india-crop-hits-market-government-533474,-2,low supply,,0
2013-11-05,2013-11-04,The Hindu,http://www.thehindu.com/business/markets/govt-hikes-onion-mep-to-1150-per-tonne-to-check-prices/article5313950.ece,-1,low supply,,30
2013-11-06,2013-11-04,The Hindu,http://www.thehindu.com/business/markets/govt-hikes-onion-mep-to-1150-per-tonne-to-check-prices/article5313950.ece,-2,low supply,,30
2013-11-07,2013-11-04,The Hindu,http://www.thehindu.com/business/markets/govt-hikes-onion-mep-to-1150-per-tonne-to-check-prices/article5313950.ece,-3,low supply,,30
2013-11-08,2013-11-04,The Hindu,http://www.thehindu.com/business/markets/govt-hikes-onion-mep-to-1150-per-tonne-to-check-prices/article5313950.ece,-4,low supply,,30
2013-11-09,2013-11-04,The Hindu,http://www.thehindu.com/business/markets/govt-hikes-onion-mep-to-1150-per-tonne-to-check-prices/article5313950.ece,-5,low supply,,30
2013-11-10,2013-11-06,The Hindu,http://www.thehindu.com/business/Industry/after-onions-tomato-prices-soar/article5317582.ece,-4,Increased prices of onion,,0
2013-11-11,2013-11-06,The Hindu,http://www.thehindu.com/business/Industry/after-onions-tomato-prices-soar/article5317582.ece,-5,Increased prices of onion,,0
2013-11-12,2013-11-13,The Times of India,http://timesofindia.indiatimes.com/india/No-let-up-in-prices-of-onion-potato-tomato/articleshow/25664320.cms,1,traders nexus,,12
2013-11-13,2013-11-13,The Times of India,http://timesofindia.indiatimes.com/india/No-let-up-in-prices-of-onion-potato-tomato/articleshow/25664320.cms,0,traders nexus,,12
2013-11-14,2013-11-13,The Times of India,http://timesofindia.indiatimes.com/india/No-let-up-in-prices-of-onion-potato-tomato/articleshow/25664320.cms,-1,traders nexus,,12
2013-11-15,2013-11-13,The Times of India,http://timesofindia.indiatimes.com/india/No-let-up-in-prices-of-onion-potato-tomato/articleshow/25664320.cms,-2,traders nexus,,12
2013-11-16,2013-11-13,The Times of India,http://timesofindia.indiatimes.com/india/No-let-up-in-prices-of-onion-potato-tomato/articleshow/25664320.cms,-3,traders nexus,,12
2013-11-17,2013-11-13,The Times of India,http://timesofindia.indiatimes.com/india/No-let-up-in-prices-of-onion-potato-tomato/articleshow/25664320.cms,-4,traders nexus,,12
2013-11-18,2013-11-13,The Times of India,http://timesofindia.indiatimes.com/india/No-let-up-in-prices-of-onion-potato-tomato/articleshow/25664320.cms,-5,traders nexus,,12
2013-11-19,2013-11-15,The Times of India,http://timesofindia.indiatimes.com/business/india-business/Onion-prices-up-278-tomato-122-in-one-year/articleshow/25780005.cms,-4,not stated,,365
2013-12-08,2013-12-13,The Economic Times,http://articles.economictimes.indiatimes.com/2015-09-11/news/66434886_1_lasalgaon-apmc-onion-prices-onion-exporters-association,5,not stated,no,None
2013-12-09,2013-12-13,The Economic Times,http://articles.economictimes.indiatimes.com/2015-09-11/news/66434886_1_lasalgaon-apmc-onion-prices-onion-exporters-association,4,not stated,no,None
2013-12-10,2013-12-13,The Economic Times,http://articles.economictimes.indiatimes.com/2015-09-11/news/66434886_1_lasalgaon-apmc-onion-prices-onion-exporters-association,3,not stated,no,None
2013-12-11,2013-12-13,The Economic Times,http://articles.economictimes.indiatimes.com/2015-09-11/news/66434886_1_lasalgaon-apmc-onion-prices-onion-exporters-association,2,not stated,no,None
2013-12-12,2013-12-13,The Economic Times,http://articles.economictimes.indiatimes.com/2015-09-11/news/66434886_1_lasalgaon-apmc-onion-prices-onion-exporters-association,1,not stated,no,None
2013-12-13,2013-12-13,The Economic Times,http://articles.economictimes.indiatimes.com/2015-09-11/news/66434886_1_lasalgaon-apmc-onion-prices-onion-exporters-association,0,not stated,no,None
2013-12-14,2013-12-13,The Economic Times,http://articles.economictimes.indiatimes.com/2015-09-11/news/66434886_1_lasalgaon-apmc-onion-prices-onion-exporters-association,-1,not stated,no,None
2013-12-15,2013-12-13,The Economic Times,http://articles.economictimes.indiatimes.com/2015-09-11/news/66434886_1_lasalgaon-apmc-onion-prices-onion-exporters-association,-2,not stated,no,None
2013-12-16,2013-12-13,The Economic Times,http://articles.economictimes.indiatimes.com/2015-09-11/news/66434886_1_lasalgaon-apmc-onion-prices-onion-exporters-association,-3,not stated,no,None
2013-12-17,2013-12-13,The Economic Times,http://articles.economictimes.indiatimes.com/2015-09-11/news/66434886_1_lasalgaon-apmc-onion-prices-onion-exporters-association,-4,not stated,no,None
2013-12-18,2013-12-13,The Economic Times,http://articles.economictimes.indiatimes.com/2015-09-11/news/66434886_1_lasalgaon-apmc-onion-prices-onion-exporters-association,-5,not stated,no,None
2014-04-13,2014-04-18,The Economic Times,http://timesofindia.indiatimes.com/india/Onion-prices-rise-about-40-in-a-week/articleshow/33877660.cms,5,unseasonal rainfall,no,None
2014-04-14,2014-04-18,The Economic Times,http://timesofindia.indiatimes.com/india/Onion-prices-rise-about-40-in-a-week/articleshow/33877660.cms,4,unseasonal rainfall,no,None
2014-04-15,2014-04-18,The Economic Times,http://timesofindia.indiatimes.com/india/Onion-prices-rise-about-40-in-a-week/articleshow/33877660.cms,3,unseasonal rainfall,no,None
2014-04-16,2014-04-18,The Economic Times,http://timesofindia.indiatimes.com/india/Onion-prices-rise-about-40-in-a-week/articleshow/33877660.cms,2,unseasonal rainfall,no,None
2014-04-17,2014-04-18,The Economic Times,http://timesofindia.indiatimes.com/india/Onion-prices-rise-about-40-in-a-week/articleshow/33877660.cms,1,unseasonal rainfall,no,None
2014-04-18,2014-04-18,The Economic Times,http://timesofindia.indiatimes.com/india/Onion-prices-rise-about-40-in-a-week/articleshow/33877660.cms,0,unseasonal rainfall,no,None
2014-04-19,2014-04-18,The Economic Times,http://timesofindia.indiatimes.com/india/Onion-prices-rise-about-40-in-a-week/articleshow/33877660.cms,-1,unseasonal rainfall,no,None
2014-04-20,2014-04-18,The Economic Times,http://timesofindia.indiatimes.com/india/Onion-prices-rise-about-40-in-a-week/articleshow/33877660.cms,-2,unseasonal rainfall,no,None
2014-04-21,2014-04-18,The Economic Times,http://timesofindia.indiatimes.com/india/Onion-prices-rise-about-40-in-a-week/articleshow/33877660.cms,-3,unseasonal rainfall,no,None
2014-04-22,2014-04-18,The Economic Times,http://timesofindia.indiatimes.com/india/Onion-prices-rise-about-40-in-a-week/articleshow/33877660.cms,-4,unseasonal rainfall,no,None
2014-04-23,2014-04-18,The Economic Times,http://timesofindia.indiatimes.com/india/Onion-prices-rise-about-40-in-a-week/articleshow/33877660.cms,-5,unseasonal rainfall,no,None
2014-05-07,2014-05-12,Business Standard,http://www.business-standard.com/article/markets/onion-spot-prices-soar-31-in-2-days-likely-to-stay-high-114051200815_1.html,5,unseasonal rainfall,,2
2014-05-08,2014-05-12,Business Standard,http://www.business-standard.com/article/markets/onion-spot-prices-soar-31-in-2-days-likely-to-stay-high-114051200815_1.html,4,unseasonal rainfall,,2
2014-05-09,2014-05-12,Business Standard,http://www.business-standard.com/article/markets/onion-spot-prices-soar-31-in-2-days-likely-to-stay-high-114051200815_1.html,3,unseasonal rainfall,,2
2014-05-10,2014-05-12,Business Standard,http://www.business-standard.com/article/markets/onion-spot-prices-soar-31-in-2-days-likely-to-stay-high-114051200815_1.html,2,unseasonal rainfall,,2
2014-05-11,2014-05-12,Business Standard,http://www.business-standard.com/article/markets/onion-spot-prices-soar-31-in-2-days-likely-to-stay-high-114051200815_1.html,1,unseasonal rainfall,,2
2014-05-12,2014-05-12,Business Standard,http://www.business-standard.com/article/markets/onion-spot-prices-soar-31-in-2-days-likely-to-stay-high-114051200815_1.html,0,unseasonal rainfall,,2
2014-05-13,2014-05-12,Business Standard,http://www.business-standard.com/article/markets/onion-spot-prices-soar-31-in-2-days-likely-to-stay-high-114051200815_1.html,-1,unseasonal rainfall,,2
2014-05-14,2014-05-12,Business Standard,http://www.business-standard.com/article/markets/onion-spot-prices-soar-31-in-2-days-likely-to-stay-high-114051200815_1.html,-2,unseasonal rainfall,,2
2014-05-15,2014-05-12,Business Standard,http://www.business-standard.com/article/markets/onion-spot-prices-soar-31-in-2-days-likely-to-stay-high-114051200815_1.html,-3,unseasonal rainfall,,2
2014-05-16,2014-05-12,Business Standard,http://www.business-standard.com/article/markets/onion-spot-prices-soar-31-in-2-days-likely-to-stay-high-114051200815_1.html,-4,unseasonal rainfall,,2
2014-05-17,2014-05-12,Business Standard,http://www.business-standard.com/article/markets/onion-spot-prices-soar-31-in-2-days-likely-to-stay-high-114051200815_1.html,-5,unseasonal rainfall,,2
Linear Regression Result:::
Date,Value
2006-01-24 00:00:00,16.7816327429
2006-01-25 00:00:00,16.7816327429
2006-01-26 00:00:00,16.7816327429
2006-01-27 00:00:00,16.7816327429
2006-01-28 00:00:00,16.7816327429
2006-01-29 00:00:00,16.7816327429
2006-01-30 00:00:00,16.7816327429
2006-01-31 00:00:00,16.7816327429
2006-02-01 00:00:00,16.7816327429
2006-02-02 00:00:00,16.7816327429
2006-02-03 00:00:00,16.7816327429
2006-02-04 00:00:00,16.7816327429
2006-02-05 00:00:00,16.7816327429
2006-02-06 00:00:00,16.7816327429
2006-02-07 00:00:00,16.7816327429
2006-02-08 00:00:00,16.7816327429
2006-02-09 00:00:00,16.7816327429
2006-02-10 00:00:00,16.7816327429
2006-02-11 00:00:00,16.7816327429
2006-02-12 00:00:00,16.7816327429
2006-02-13 00:00:00,16.7816327429
2006-02-14 00:00:00,16.7816327429
2006-11-16 00:00:00,21.8470242278
2006-11-17 00:00:00,21.8470242278
2006-11-18 00:00:00,21.8470242278
2006-11-19 00:00:00,21.8470242278
2006-11-20 00:00:00,21.8470242278
2006-11-21 00:00:00,21.8470242278
2006-11-22 00:00:00,21.8470242278
2006-11-23 00:00:00,21.8470242278
2006-11-24 00:00:00,21.8470242278
2006-11-25 00:00:00,21.8470242278
2006-11-26 00:00:00,21.8470242278
2006-11-27 00:00:00,21.8470242278
2006-11-28 00:00:00,21.8470242278
2006-11-29 00:00:00,21.8470242278
2006-11-30 00:00:00,21.8470242278
2006-12-01 00:00:00,21.8470242278
2006-12-02 00:00:00,21.8470242278
2006-12-03 00:00:00,21.8470242278
2006-12-04 00:00:00,21.8470242278
2006-12-05 00:00:00,21.8470242278
2006-12-06 00:00:00,21.8470242278
2006-12-07 00:00:00,21.8470242278
2006-12-08 00:00:00,21.8470242278
2006-12-09 00:00:00,21.8470242278
2006-12-10 00:00:00,21.8470242278
2006-12-11 00:00:00,21.8470242278
2006-12-12 00:00:00,21.8470242278
2006-12-13 00:00:00,21.8470242278
2006-12-14 00:00:00,21.8470242278
2006-12-15 00:00:00,21.8470242278
2006-12-16 00:00:00,21.8470242278
2006-12-17 00:00:00,21.8470242278
2006-12-18 00:00:00,21.8470242278
2006-12-19 00:00:00,21.8470242278
2006-12-20 00:00:00,21.8470242278
2006-12-21 00:00:00,21.8470242278
2006-12-22 00:00:00,21.8470242278
2006-12-23 00:00:00,21.8470242278
2006-12-24 00:00:00,21.8470242278
2006-12-25 00:00:00,21.8470242278
2006-12-26 00:00:00,21.8470242278
2006-12-27 00:00:00,21.8470242278
2006-12-28 00:00:00,21.8470242278
2007-05-11 00:00:00,12.9116880558
2007-05-12 00:00:00,12.9116880558
2007-05-13 00:00:00,12.9116880558
2007-05-14 00:00:00,12.9116880558
2007-05-15 00:00:00,12.9116880558
2007-07-02 00:00:00,16.4903456557
2007-07-03 00:00:00,16.4903456557
2007-07-04 00:00:00,16.4903456557
2007-07-05 00:00:00,16.4903456557
2007-07-06 00:00:00,16.4903456557
2007-07-07 00:00:00,16.4903456557
2007-07-08 00:00:00,16.4903456557
2007-07-09 00:00:00,16.4903456557
2007-07-10 00:00:00,16.4903456557
2007-11-20 00:00:00,13.4671182415
2007-11-21 00:00:00,13.4671182415
2007-11-22 00:00:00,13.4671182415
2007-11-23 00:00:00,13.4671182415
2007-11-24 00:00:00,13.4671182415
2007-11-25 00:00:00,13.4671182415
2007-11-26 00:00:00,13.4671182415
2007-11-27 00:00:00,13.4671182415
2007-11-28 00:00:00,13.4671182415
2007-11-29 00:00:00,13.4671182415
2007-11-30 00:00:00,13.4671182415
2007-12-01 00:00:00,13.4671182415
2007-12-02 00:00:00,13.4671182415
2007-12-03 00:00:00,13.4671182415
2007-12-04 00:00:00,13.4671182415
2007-12-05 00:00:00,13.4671182415
2010-11-25 00:00:00,16.1500040059
2010-11-26 00:00:00,16.1500040059
2010-11-27 00:00:00,16.1500040059
2010-11-28 00:00:00,16.1500040059
2010-11-29 00:00:00,16.1500040059
2010-11-30 00:00:00,16.1500040059
2010-12-01 00:00:00,16.1500040059
2010-12-02 00:00:00,16.1500040059
2010-12-03 00:00:00,16.1500040059
2010-12-04 00:00:00,16.1500040059
2010-12-05 00:00:00,16.1500040059
2010-12-06 00:00:00,16.1500040059
2010-12-07 00:00:00,16.1500040059
2010-12-08 00:00:00,16.1500040059
2010-12-09 00:00:00,16.1500040059
2010-12-10 00:00:00,16.1500040059
2010-12-11 00:00:00,16.1500040059
2010-12-12 00:00:00,16.1500040059
2010-12-13 00:00:00,16.1500040059
2010-12-14 00:00:00,16.1500040059
2010-12-15 00:00:00,16.1500040059
2010-12-16 00:00:00,16.1500040059
2010-12-17 00:00:00,16.1500040059
2010-12-18 00:00:00,16.1500040059
2010-12-19 00:00:00,16.1500040059
2010-12-27 00:00:00,11.6802218399
2010-12-28 00:00:00,11.6802218399
2010-12-29 00:00:00,11.6802218399
2011-04-08 00:00:00,27.6409868797
2011-04-09 00:00:00,27.6409868797
2011-04-10 00:00:00,27.6409868797
2011-04-11 00:00:00,27.6409868797
2011-04-12 00:00:00,27.6409868797
2011-04-13 00:00:00,27.6409868797
2011-04-14 00:00:00,27.6409868797
2011-04-15 00:00:00,27.6409868797
2011-04-16 00:00:00,27.6409868797
2011-04-17 00:00:00,27.6409868797
2011-04-18 00:00:00,27.6409868797
2011-04-19 00:00:00,27.6409868797
2011-04-20 00:00:00,27.6409868797
2011-04-21 00:00:00,27.6409868797
2011-04-22 00:00:00,27.6409868797
2011-04-23 00:00:00,27.6409868797
2011-04-24 00:00:00,27.6409868797
2011-04-25 00:00:00,27.6409868797
2011-04-26 00:00:00,27.6409868797
2011-04-27 00:00:00,27.6409868797
2011-04-28 00:00:00,27.6409868797
2011-04-29 00:00:00,27.6409868797
2011-04-30 00:00:00,27.6409868797
2011-05-01 00:00:00,27.6409868797
2011-05-02 00:00:00,27.6409868797
2011-05-03 00:00:00,27.6409868797
2011-05-04 00:00:00,27.6409868797
2011-05-05 00:00:00,27.6409868797
2011-05-06 00:00:00,27.6409868797
2011-05-07 00:00:00,27.6409868797
2011-05-08 00:00:00,27.6409868797
2011-05-09 00:00:00,27.6409868797
2011-05-10 00:00:00,27.6409868797
2011-05-11 00:00:00,27.6409868797
2011-05-12 00:00:00,27.6409868797
2011-05-13 00:00:00,27.6409868797
2011-05-14 00:00:00,27.6409868797
2011-05-15 00:00:00,27.6409868797
2011-05-16 00:00:00,27.6409868797
2011-05-17 00:00:00,27.6409868797
2011-05-18 00:00:00,27.6409868797
2011-05-19 00:00:00,27.6409868797
2011-05-20 00:00:00,27.6409868797
2011-05-21 00:00:00,27.6409868797
2011-05-22 00:00:00,27.6409868797
2011-05-23 00:00:00,27.6409868797
2011-05-24 00:00:00,27.6409868797
2011-05-25 00:00:00,27.6409868797
2011-05-26 00:00:00,27.6409868797
2011-05-27 00:00:00,27.6409868797
2011-05-28 00:00:00,27.6409868797
2011-05-29 00:00:00,27.6409868797
2011-05-30 00:00:00,27.6409868797
2011-05-31 00:00:00,27.6409868797
2011-06-01 00:00:00,27.6409868797
2011-06-02 00:00:00,27.6409868797
2011-06-03 00:00:00,27.6409868797
2011-06-04 00:00:00,27.6409868797
2011-06-05 00:00:00,27.6409868797
2011-06-06 00:00:00,27.6409868797
2011-06-07 00:00:00,27.6409868797
2011-06-08 00:00:00,27.6409868797
2011-06-09 00:00:00,27.6409868797
2011-06-10 00:00:00,27.6409868797
2011-06-11 00:00:00,27.6409868797
2011-06-12 00:00:00,27.6409868797
2011-06-13 00:00:00,27.6409868797
2011-06-14 00:00:00,27.6409868797
2011-06-15 00:00:00,27.6409868797
2011-06-16 00:00:00,27.6409868797
2011-06-17 00:00:00,27.6409868797
2011-06-18 00:00:00,27.6409868797
2011-06-19 00:00:00,27.6409868797
2011-06-20 00:00:00,27.6409868797
2011-06-21 00:00:00,27.6409868797
2011-06-22 00:00:00,27.6409868797
2011-06-23 00:00:00,27.6409868797
2011-06-24 00:00:00,27.6409868797
2011-06-25 00:00:00,27.6409868797
2011-06-26 00:00:00,27.6409868797
2011-06-27 00:00:00,27.6409868797
2011-06-28 00:00:00,27.6409868797
2011-06-29 00:00:00,27.6409868797
2011-06-30 00:00:00,27.6409868797
2011-07-01 00:00:00,27.6409868797
2011-07-02 00:00:00,27.6409868797
2011-07-03 00:00:00,27.6409868797
2011-07-04 00:00:00,27.6409868797
2011-07-05 00:00:00,27.6409868797
2011-07-06 00:00:00,27.6409868797
2011-07-07 00:00:00,27.6409868797
2011-07-08 00:00:00,27.6409868797
2011-07-09 00:00:00,27.6409868797
2011-07-10 00:00:00,27.6409868797
2011-07-11 00:00:00,27.6409868797
2011-07-12 00:00:00,27.6409868797
2011-07-13 00:00:00,27.6409868797
2011-07-14 00:00:00,27.6409868797
2011-07-15 00:00:00,27.6409868797
2011-07-16 00:00:00,27.6409868797
2011-07-17 00:00:00,27.6409868797
2011-07-18 00:00:00,27.6409868797
2011-07-19 00:00:00,27.6409868797
2011-07-20 00:00:00,27.6409868797
2011-07-21 00:00:00,27.6409868797
2011-07-22 00:00:00,27.6409868797
2011-07-23 00:00:00,27.6409868797
2011-07-24 00:00:00,27.6409868797
2011-12-21 00:00:00,12.1452340238
2011-12-22 00:00:00,12.1452340238
2011-12-23 00:00:00,12.1452340238
2011-12-24 00:00:00,12.1452340238
2011-12-25 00:00:00,12.1452340238
2011-12-26 00:00:00,12.1452340238
2011-12-27 00:00:00,12.1452340238
2012-04-16 00:00:00,33.357968345
2012-04-17 00:00:00,33.357968345
2012-04-18 00:00:00,33.357968345
2012-04-19 00:00:00,33.357968345
2012-04-20 00:00:00,33.357968345
2012-04-21 00:00:00,33.357968345
2012-04-22 00:00:00,33.357968345
2012-04-23 00:00:00,33.357968345
2012-04-24 00:00:00,33.357968345
2012-05-30 00:00:00,20.0479433985
2012-05-31 00:00:00,20.0479433985
2012-06-01 00:00:00,20.0479433985
2012-06-02 00:00:00,20.0479433985
2012-06-03 00:00:00,20.0479433985
2012-06-04 00:00:00,20.0479433985
2012-06-05 00:00:00,20.0479433985
2012-06-06 00:00:00,20.0479433985
2012-06-07 00:00:00,20.0479433985
2012-06-08 00:00:00,20.0479433985
2012-06-09 00:00:00,20.0479433985
2012-06-10 00:00:00,20.0479433985
2012-06-11 00:00:00,20.0479433985
2012-06-12 00:00:00,20.0479433985
2012-06-13 00:00:00,20.0479433985
2012-06-14 00:00:00,20.0479433985
2012-06-15 00:00:00,20.0479433985
2012-06-16 00:00:00,20.0479433985
2012-06-17 00:00:00,20.0479433985
2012-06-18 00:00:00,20.0479433985
2012-06-19 00:00:00,20.0479433985
2012-06-20 00:00:00,20.0479433985
2012-06-21 00:00:00,20.0479433985
2012-11-01 00:00:00,13.2831764376
2013-05-23 00:00:00,17.9872476116
2013-05-24 00:00:00,17.9872476116
2013-05-25 00:00:00,17.9872476116
2013-05-26 00:00:00,17.9872476116
2013-05-27 00:00:00,17.9872476116
2013-05-28 00:00:00,17.9872476116
2013-05-29 00:00:00,17.9872476116
2013-05-30 00:00:00,17.9872476116
2013-05-31 00:00:00,17.9872476116
2013-06-01 00:00:00,17.9872476116
2013-06-02 00:00:00,17.9872476116
2013-06-03 00:00:00,17.9872476116
2013-06-04 00:00:00,17.9872476116
2013-06-05 00:00:00,17.9872476116
2013-06-06 00:00:00,17.9872476116
2013-06-07 00:00:00,17.9872476116
2013-06-08 00:00:00,17.9872476116
2013-06-09 00:00:00,17.9872476116
2013-06-10 00:00:00,17.9872476116
2013-06-11 00:00:00,17.9872476116
2013-06-12 00:00:00,17.9872476116
2013-06-13 00:00:00,17.9872476116
2013-06-14 00:00:00,17.9872476116
2013-06-15 00:00:00,17.9872476116
2013-06-16 00:00:00,17.9872476116
2013-06-17 00:00:00,17.9872476116
2013-06-18 00:00:00,17.9872476116
2013-08-12 00:00:00,14.6037949493
2013-08-14 00:00:00,20.3874417367
2013-08-15 00:00:00,20.3874417367
2013-08-16 00:00:00,20.3874417367
2013-08-17 00:00:00,20.3874417367
2013-08-18 00:00:00,20.3874417367
2013-08-20 00:00:00,19.4626688373
2013-08-21 00:00:00,19.4626688373
2013-08-22 00:00:00,19.4626688373
2013-12-10 00:00:00,16.7593458755
2013-12-11 00:00:00,16.7593458755
2013-12-12 00:00:00,16.7593458755
2013-12-13 00:00:00,16.7593458755
2013-12-14 00:00:00,16.7593458755
2013-12-15 00:00:00,16.7593458755
2013-12-16 00:00:00,16.7593458755
2013-12-17 00:00:00,16.7593458755
2013-12-18 00:00:00,16.7593458755
2013-12-19 00:00:00,16.7593458755
2013-12-20 00:00:00,16.7593458755
2013-12-21 00:00:00,16.7593458755
2013-12-22 00:00:00,16.7593458755
2013-12-23 00:00:00,16.7593458755
2013-12-24 00:00:00,16.7593458755
2013-12-25 00:00:00,16.7593458755
2013-12-26 00:00:00,16.7593458755
2013-12-27 00:00:00,16.7593458755
2013-12-28 00:00:00,16.7593458755
2013-12-29 00:00:00,16.7593458755
2014-06-04 00:00:00,16.5254754871
2014-06-05 00:00:00,16.5254754871
2014-06-06 00:00:00,16.5254754871
2014-06-07 00:00:00,16.5254754871
2014-06-08 00:00:00,16.5254754871
2014-06-09 00:00:00,16.5254754871
2014-06-10 00:00:00,16.5254754871
2014-06-11 00:00:00,16.5254754871
2014-06-12 00:00:00,16.5254754871
2014-06-13 00:00:00,16.5254754871
2014-06-14 00:00:00,16.5254754871
2014-06-15 00:00:00,16.5254754871
2014-06-16 00:00:00,16.5254754871
2014-06-17 00:00:00,16.5254754871
2014-06-18 00:00:00,16.5254754871
2014-06-19 00:00:00,16.5254754871
2014-06-20 00:00:00,16.5254754871
2014-06-21 00:00:00,16.5254754871
2014-06-22 00:00:00,16.5254754871
2014-06-23 00:00:00,16.5254754871
2014-06-24 00:00:00,16.5254754871
2014-06-25 00:00:00,16.5254754871
2014-06-26 00:00:00,16.5254754871
2014-06-27 00:00:00,16.5254754871
2014-06-28 00:00:00,16.5254754871
2014-06-29 00:00:00,16.5254754871
News Data
Start Date, End Date,News Source,Link,Days,Reason,Comment,Days Reported
2010-12-15,2010-12-20,The Hindu,http://www.thehindu.com/business/Economy/imported-onion-arrive-from-pakistan/article965607.ece,5,not stated,,0
2010-12-16,2010-12-20,The Hindu,http://www.thehindu.com/business/Economy/imported-onion-arrive-from-pakistan/article965607.ece,4,not stated,,0
2010-12-17,2010-12-20,The Hindu,http://www.thehindu.com/business/Economy/imported-onion-arrive-from-pakistan/article965607.ece,3,not stated,,0
2010-12-18,2010-12-20,The Hindu,http://www.thehindu.com/business/Economy/imported-onion-arrive-from-pakistan/article965607.ece,2,not stated,,0
2010-12-19,2010-12-20,The Hindu,http://www.thehindu.com/business/Economy/imported-onion-arrive-from-pakistan/article965607.ece,1,not stated,,0
2010-12-27,2010-12-22,NDTV,http://www.ndtv.com/india-news/why-onion-prices-are-so-high-442629,-5,unseasonal rainfall,,7
2010-12-28,2010-12-23,The Times of India,http://timesofindia.indiatimes.com/city/pune/Onion-prices-still-leave-consumers-teary-eyed/articleshow/7147525.cms,-5,unseasonal rainfall,,0
2010-12-29,2010-12-24,Business Standard,http://www.business-standard.com/article/economy-policy/wholesale-onion-prices-slide-20-in-lasalgaon-manmad-110122400137_1.html,-5,not stated,Prices went down, but for good quality prices went high,None
2013-08-12,2013-08-11,DNA,http://www.dnaindia.com/india/report-onion-prices-rise-to-rs-55-60kg-hike-bring-tears-in-eyes-of-people-1873151,-1,low production,,10
2013-08-14,2013-08-11,DNA,http://www.dnaindia.com/india/report-onion-prices-rise-to-rs-55-60kg-hike-bring-tears-in-eyes-of-people-1873151,-3,low production,,10
2013-08-15,2013-08-11,DNA,http://www.dnaindia.com/india/report-onion-prices-rise-to-rs-55-60kg-hike-bring-tears-in-eyes-of-people-1873151,-4,low production,,10
2013-08-16,2013-08-11,DNA,http://www.dnaindia.com/india/report-onion-prices-rise-to-rs-55-60kg-hike-bring-tears-in-eyes-of-people-1873151,-5,low production,,10
2013-08-17,2013-08-13,Telegraph,http://www.telegraphindia.com/1130813/jsp/odisha/story_17226115.jsp,-4,low supply,,30
2013-08-18,2013-08-13,Telegraph,http://www.telegraphindia.com/1130813/jsp/odisha/story_17226115.jsp,-5,low supply,,30
2013-08-20,2013-08-17,The Times of India,http://timesofindia.indiatimes.com/india/Hoarding-pushing-onion-prices-up-govt-finds/articleshow/21872501.cms,-3,traders nexus,Clear signs of traders fixing the prices by creating artificial deficit in jun- july 2013,60
2013-08-21,2013-08-17,The Times of India,http://timesofindia.indiatimes.com/india/Hoarding-pushing-onion-prices-up-govt-finds/articleshow/21872501.cms,-4,traders nexus,Clear signs of traders fixing the prices by creating artificial deficit in jun- july 2013,60
2013-08-22,2013-08-17,The Times of India,http://timesofindia.indiatimes.com/india/Hoarding-pushing-onion-prices-up-govt-finds/articleshow/21872501.cms,-5,traders nexus,Clear signs of traders fixing the prices by creating artificial deficit in jun- july 2013,60
2013-12-10,2013-12-13,The Economic Times,http://articles.economictimes.indiatimes.com/2015-09-11/news/66434886_1_lasalgaon-apmc-onion-prices-onion-exporters-association,3,not stated,no,None
2013-12-11,2013-12-13,The Economic Times,http://articles.economictimes.indiatimes.com/2015-09-11/news/66434886_1_lasalgaon-apmc-onion-prices-onion-exporters-association,2,not stated,no,None
2013-12-12,2013-12-13,The Economic Times,http://articles.economictimes.indiatimes.com/2015-09-11/news/66434886_1_lasalgaon-apmc-onion-prices-onion-exporters-association,1,not stated,no,None
2013-12-13,2013-12-13,The Economic Times,http://articles.economictimes.indiatimes.com/2015-09-11/news/66434886_1_lasalgaon-apmc-onion-prices-onion-exporters-association,0,not stated,no,None
2013-12-14,2013-12-13,The Economic Times,http://articles.economictimes.indiatimes.com/2015-09-11/news/66434886_1_lasalgaon-apmc-onion-prices-onion-exporters-association,-1,not stated,no,None
2013-12-15,2013-12-13,The Economic Times,http://articles.economictimes.indiatimes.com/2015-09-11/news/66434886_1_lasalgaon-apmc-onion-prices-onion-exporters-association,-2,not stated,no,None
2013-12-16,2013-12-13,The Economic Times,http://articles.economictimes.indiatimes.com/2015-09-11/news/66434886_1_lasalgaon-apmc-onion-prices-onion-exporters-association,-3,not stated,no,None
2013-12-17,2013-12-13,The Economic Times,http://articles.economictimes.indiatimes.com/2015-09-11/news/66434886_1_lasalgaon-apmc-onion-prices-onion-exporters-association,-4,not stated,no,None
2013-12-18,2013-12-13,The Economic Times,http://articles.economictimes.indiatimes.com/2015-09-11/news/66434886_1_lasalgaon-apmc-onion-prices-onion-exporters-association,-5,not stated,no,None
2014-06-06,2014-06-11,The Times of India,http://timesofindia.indiatimes.com/business/india-business/Food-prices-soar-on-speculation-over-delayed-monsoon-rains/articleshow/36367024.cms,5,speculation of weak monsoon,,15
2014-06-07,2014-06-11,The Times of India,http://timesofindia.indiatimes.com/business/india-business/Food-prices-soar-on-speculation-over-delayed-monsoon-rains/articleshow/36367024.cms,4,speculation of weak monsoon,,15
2014-06-08,2014-06-11,The Times of India,http://timesofindia.indiatimes.com/business/india-business/Food-prices-soar-on-speculation-over-delayed-monsoon-rains/articleshow/36367024.cms,3,speculation of weak monsoon,,15
2014-06-09,2014-06-11,The Times of India,http://timesofindia.indiatimes.com/business/india-business/Food-prices-soar-on-speculation-over-delayed-monsoon-rains/articleshow/36367024.cms,2,speculation of weak monsoon,,15
2014-06-10,2014-06-11,The Times of India,http://timesofindia.indiatimes.com/business/india-business/Food-prices-soar-on-speculation-over-delayed-monsoon-rains/articleshow/36367024.cms,1,speculation of weak monsoon,,15
2014-06-11,2014-06-11,The Times of India,http://timesofindia.indiatimes.com/business/india-business/Food-prices-soar-on-speculation-over-delayed-monsoon-rains/articleshow/36367024.cms,0,speculation of weak monsoon,,15
2014-06-12,2014-06-11,The Times of India,http://timesofindia.indiatimes.com/business/india-business/Food-prices-soar-on-speculation-over-delayed-monsoon-rains/articleshow/36367024.cms,-1,speculation of weak monsoon,,15
2014-06-13,2014-06-11,The Times of India,http://timesofindia.indiatimes.com/business/india-business/Food-prices-soar-on-speculation-over-delayed-monsoon-rains/articleshow/36367024.cms,-2,speculation of weak monsoon,,15
2014-06-14,2014-06-11,The Times of India,http://timesofindia.indiatimes.com/business/india-business/Food-prices-soar-on-speculation-over-delayed-monsoon-rains/articleshow/36367024.cms,-3,speculation of weak monsoon,,15
2014-06-15,2014-06-11,The Times of India,http://timesofindia.indiatimes.com/business/india-business/Food-prices-soar-on-speculation-over-delayed-monsoon-rains/articleshow/36367024.cms,-4,speculation of weak monsoon,,15
2014-06-16,2014-06-11,The Times of India,http://timesofindia.indiatimes.com/business/india-business/Food-prices-soar-on-speculation-over-delayed-monsoon-rains/articleshow/36367024.cms,-5,speculation of weak monsoon,,15
2014-06-17,2014-06-13,Business Standard,http://www.business-standard.com/article/economy-policy/onion-prices-show-mixed-signals-114061301168_1.html,-4,not stated,normal trend,None
2014-06-18,2014-06-13,Business Standard,http://www.business-standard.com/article/economy-policy/onion-prices-show-mixed-signals-114061301168_1.html,-5,not stated,normal trend,None
2014-06-19,2014-06-18,Business Standard,http://www.business-standard.com/article/economy-policy/govt-initiates-steps-to-cool-food-prices-114061800097_1.html,-1,not stated,,19
2014-06-20,2014-06-18,Business Standard,http://www.business-standard.com/article/economy-policy/govt-initiates-steps-to-cool-food-prices-114061800097_1.html,-2,not stated,,19
2014-06-21,2014-06-18,Business Standard,http://www.business-standard.com/article/economy-policy/govt-initiates-steps-to-cool-food-prices-114061800097_1.html,-3,not stated,,19
2014-06-22,2014-06-18,Business Standard,http://www.business-standard.com/article/economy-policy/govt-initiates-steps-to-cool-food-prices-114061800097_1.html,-4,not stated,,19
2014-06-23,2014-06-18,Business Standard,http://www.business-standard.com/article/economy-policy/govt-initiates-steps-to-cool-food-prices-114061800097_1.html,-5,not stated,,19
2014-06-24,2014-06-19,Business Standard,http://www.business-standard.com/article/markets/kharif-sowing-of-onion-delayed-as-rains-elude-114061900452_1.html,-5,not stated,,79
2014-06-25,2014-06-20,The Times of India,http://timesofindia.indiatimes.com/business/india-business/Despite-record-onion-yield-prices-shoot-up/articleshow/36853238.cms,-5,traders nexus,,15
2014-06-26,2014-06-23,Business Standard,http://www.business-standard.com/article/markets/onion-price-may-escalate-further-in-coming-days-114062301190_1.html,-3,unseasonal rainfall,,26
2014-06-27,2014-06-23,Business Standard,http://www.business-standard.com/article/markets/onion-price-may-escalate-further-in-coming-days-114062301190_1.html,-4,unseasonal rainfall,,26
2014-06-28,2014-06-23,Business Standard,http://www.business-standard.com/article/markets/onion-price-may-escalate-further-in-coming-days-114062301190_1.html,-5,unseasonal rainfall,,26
2014-06-29,2014-06-30,The Times of India,http://timesofindia.indiatimes.com/india/Retail-onion-prices-soar-to-double-of-wholesale-rates/articleshow/37490678.cms,1,traders nexus,,0
Graph Based Result:::
Date,Value
News Data
Start Date, End Date,News Source,Link,Days,Reason,Comment,Days Reported
VAR Result:::
Date,Value
News Data
Start Date, End Date,News Source,Link,Days,Reason,Comment,Days Reported
(1U2U3) Result:::
Date
2006-01-01 00:00:00
2006-01-02 00:00:00
2006-01-03 00:00:00
2006-01-04 00:00:00
2006-01-05 00:00:00
2006-01-06 00:00:00
2006-01-07 00:00:00
2006-01-08 00:00:00
2006-01-09 00:00:00
2006-01-10 00:00:00
2006-01-11 00:00:00
2006-01-12 00:00:00
2006-01-13 00:00:00
2006-01-14 00:00:00
2006-01-15 00:00:00
2006-01-16 00:00:00
2006-01-17 00:00:00
2006-01-18 00:00:00
2006-01-19 00:00:00
2006-01-20 00:00:00
2006-01-21 00:00:00
2006-01-22 00:00:00
2006-01-23 00:00:00
2006-01-24 00:00:00
2006-01-25 00:00:00
2006-01-26 00:00:00
2006-01-27 00:00:00
2006-01-28 00:00:00
2006-01-29 00:00:00
2006-01-30 00:00:00
2006-01-31 00:00:00
2006-02-01 00:00:00
2006-02-02 00:00:00
2006-02-03 00:00:00
2006-02-04 00:00:00
2006-02-05 00:00:00
2006-02-06 00:00:00
2006-02-07 00:00:00
2006-02-08 00:00:00
2006-02-09 00:00:00
2006-02-10 00:00:00
2006-02-11 00:00:00
2006-02-12 00:00:00
2006-02-13 00:00:00
2006-02-14 00:00:00
2006-03-05 00:00:00
2006-03-06 00:00:00
2006-03-07 00:00:00
2006-03-08 00:00:00
2006-03-09 00:00:00
2006-03-10 00:00:00
2006-03-11 00:00:00
2006-03-12 00:00:00
2006-03-13 00:00:00
2006-03-14 00:00:00
2006-03-15 00:00:00
2006-03-16 00:00:00
2006-03-17 00:00:00
2006-03-18 00:00:00
2006-03-19 00:00:00
2006-03-20 00:00:00
2006-03-21 00:00:00
2006-03-22 00:00:00
2006-03-23 00:00:00
2006-03-24 00:00:00
2006-03-25 00:00:00
2006-04-09 00:00:00
2006-04-10 00:00:00
2006-04-11 00:00:00
2006-04-12 00:00:00
2006-04-13 00:00:00
2006-04-14 00:00:00
2006-04-15 00:00:00
2006-04-16 00:00:00
2006-04-17 00:00:00
2006-04-18 00:00:00
2006-04-19 00:00:00
2006-04-20 00:00:00
2006-04-21 00:00:00
2006-04-22 00:00:00
2006-04-23 00:00:00
2006-04-24 00:00:00
2006-04-25 00:00:00
2006-04-26 00:00:00
2006-04-27 00:00:00
2006-04-28 00:00:00
2006-04-29 00:00:00
2006-05-07 00:00:00
2006-05-08 00:00:00
2006-05-09 00:00:00
2006-05-10 00:00:00
2006-05-11 00:00:00
2006-05-12 00:00:00
2006-05-13 00:00:00
2006-05-14 00:00:00
2006-05-15 00:00:00
2006-05-16 00:00:00
2006-05-17 00:00:00
2006-05-18 00:00:00
2006-05-19 00:00:00
2006-05-20 00:00:00
2006-05-21 00:00:00
2006-05-22 00:00:00
2006-05-23 00:00:00
2006-05-24 00:00:00
2006-05-25 00:00:00
2006-05-26 00:00:00
2006-05-27 00:00:00
2006-05-28 00:00:00
2006-05-29 00:00:00
2006-05-30 00:00:00
2006-05-31 00:00:00
2006-06-01 00:00:00
2006-06-02 00:00:00
2006-06-03 00:00:00
2006-06-04 00:00:00
2006-06-05 00:00:00
2006-06-06 00:00:00
2006-06-07 00:00:00
2006-06-08 00:00:00
2006-06-09 00:00:00
2006-06-10 00:00:00
2006-06-11 00:00:00
2006-06-12 00:00:00
2006-06-13 00:00:00
2006-06-14 00:00:00
2006-07-15 00:00:00
2006-07-16 00:00:00
2006-07-17 00:00:00
2006-07-18 00:00:00
2006-07-19 00:00:00
2006-07-20 00:00:00
2006-07-21 00:00:00
2006-07-22 00:00:00
2006-07-23 00:00:00
2006-07-24 00:00:00
2006-07-25 00:00:00
2006-07-26 00:00:00
2006-07-27 00:00:00
2006-07-28 00:00:00
2006-07-29 00:00:00
2006-07-30 00:00:00
2006-07-31 00:00:00
2006-08-01 00:00:00
2006-08-02 00:00:00
2006-08-03 00:00:00
2006-08-04 00:00:00
2006-08-05 00:00:00
2006-08-06 00:00:00
2006-08-07 00:00:00
2006-08-08 00:00:00
2006-08-09 00:00:00
2006-08-10 00:00:00
2006-08-11 00:00:00
2006-08-12 00:00:00
2006-08-13 00:00:00
2006-09-03 00:00:00
2006-09-04 00:00:00
2006-09-05 00:00:00
2006-09-06 00:00:00
2006-09-07 00:00:00
2006-09-08 00:00:00
2006-09-09 00:00:00
2006-09-10 00:00:00
2006-09-11 00:00:00
2006-09-12 00:00:00
2006-09-13 00:00:00
2006-09-14 00:00:00
2006-09-15 00:00:00
2006-09-16 00:00:00
2006-09-17 00:00:00
2006-09-18 00:00:00
2006-09-19 00:00:00
2006-09-20 00:00:00
2006-09-21 00:00:00
2006-09-22 00:00:00
2006-09-23 00:00:00
2006-09-24 00:00:00
2006-09-25 00:00:00
2006-09-26 00:00:00
2006-09-27 00:00:00
2006-10-01 00:00:00
2006-10-02 00:00:00
2006-10-03 00:00:00
2006-10-04 00:00:00
2006-10-05 00:00:00
2006-10-06 00:00:00
2006-10-07 00:00:00
2006-11-12 00:00:00
2006-11-13 00:00:00
2006-11-14 00:00:00
2006-11-15 00:00:00
2006-11-16 00:00:00
2006-11-17 00:00:00
2006-11-18 00:00:00
2006-11-19 00:00:00
2006-11-20 00:00:00
2006-11-21 00:00:00
2006-11-22 00:00:00
2006-11-23 00:00:00
2006-11-24 00:00:00
2006-11-25 00:00:00
2006-11-26 00:00:00
2006-11-27 00:00:00
2006-11-28 00:00:00
2006-11-29 00:00:00
2006-11-30 00:00:00
2006-12-01 00:00:00
2006-12-02 00:00:00
2006-12-03 00:00:00
2006-12-04 00:00:00
2006-12-05 00:00:00
2006-12-06 00:00:00
2006-12-07 00:00:00
2006-12-08 00:00:00
2006-12-09 00:00:00
2006-12-10 00:00:00
2006-12-11 00:00:00
2006-12-12 00:00:00
2006-12-13 00:00:00
2006-12-14 00:00:00
2006-12-15 00:00:00
2006-12-16 00:00:00
2006-12-17 00:00:00
2006-12-18 00:00:00
2006-12-19 00:00:00
2006-12-20 00:00:00
2006-12-21 00:00:00
2006-12-22 00:00:00
2006-12-23 00:00:00
2006-12-24 00:00:00
2006-12-25 00:00:00
2006-12-26 00:00:00
2006-12-27 00:00:00
2006-12-28 00:00:00
2006-12-29 00:00:00
2006-12-30 00:00:00
2006-12-31 00:00:00
2007-01-01 00:00:00
2007-01-02 00:00:00
2007-01-03 00:00:00
2007-01-04 00:00:00
2007-01-05 00:00:00
2007-01-06 00:00:00
2007-01-07 00:00:00
2007-01-08 00:00:00
2007-01-09 00:00:00
2007-01-10 00:00:00
2007-01-11 00:00:00
2007-01-12 00:00:00
2007-01-13 00:00:00
2007-01-14 00:00:00
2007-01-15 00:00:00
2007-01-16 00:00:00
2007-01-17 00:00:00
2007-01-18 00:00:00
2007-01-19 00:00:00
2007-01-20 00:00:00
2007-01-21 00:00:00
2007-01-22 00:00:00
2007-01-23 00:00:00
2007-01-24 00:00:00
2007-01-25 00:00:00
2007-03-12 00:00:00
2007-03-13 00:00:00
2007-03-14 00:00:00
2007-03-15 00:00:00
2007-03-16 00:00:00
2007-03-17 00:00:00
2007-03-18 00:00:00
2007-03-19 00:00:00
2007-03-20 00:00:00
2007-03-21 00:00:00
2007-03-22 00:00:00
2007-03-23 00:00:00
2007-03-24 00:00:00
2007-03-25 00:00:00
2007-03-26 00:00:00
2007-05-11 00:00:00
2007-05-12 00:00:00
2007-05-13 00:00:00
2007-05-14 00:00:00
2007-05-15 00:00:00
2007-05-16 00:00:00
2007-05-17 00:00:00
2007-05-18 00:00:00
2007-05-19 00:00:00
2007-05-20 00:00:00
2007-05-21 00:00:00
2007-05-22 00:00:00
2007-05-23 00:00:00
2007-05-24 00:00:00
2007-05-25 00:00:00
2007-06-10 00:00:00
2007-06-11 00:00:00
2007-06-12 00:00:00
2007-06-13 00:00:00
2007-06-14 00:00:00
2007-06-15 00:00:00
2007-06-16 00:00:00
2007-06-17 00:00:00
2007-06-18 00:00:00
2007-06-19 00:00:00
2007-06-20 00:00:00
2007-06-21 00:00:00
2007-06-22 00:00:00
2007-06-23 00:00:00
2007-06-24 00:00:00
2007-07-01 00:00:00
2007-07-02 00:00:00
2007-07-03 00:00:00
2007-07-04 00:00:00
2007-07-05 00:00:00
2007-07-06 00:00:00
2007-07-07 00:00:00
2007-07-08 00:00:00
2007-07-09 00:00:00
2007-07-10 00:00:00
2007-08-05 00:00:00
2007-08-06 00:00:00
2007-08-07 00:00:00
2007-08-08 00:00:00
2007-08-09 00:00:00
2007-08-10 00:00:00
2007-08-11 00:00:00
2007-09-08 00:00:00
2007-09-09 00:00:00
2007-09-10 00:00:00
2007-09-11 00:00:00
2007-09-12 00:00:00
2007-09-13 00:00:00
2007-09-14 00:00:00
2007-09-15 00:00:00
2007-09-16 00:00:00
2007-09-17 00:00:00
2007-09-18 00:00:00
2007-09-19 00:00:00
2007-09-20 00:00:00
2007-09-21 00:00:00
2007-09-22 00:00:00
2007-09-23 00:00:00
2007-09-24 00:00:00
2007-09-25 00:00:00
2007-09-26 00:00:00
2007-09-27 00:00:00
2007-09-28 00:00:00
2007-09-29 00:00:00
2007-09-30 00:00:00
2007-10-01 00:00:00
2007-10-02 00:00:00
2007-10-03 00:00:00
2007-10-04 00:00:00
2007-10-05 00:00:00
2007-10-06 00:00:00
2007-10-07 00:00:00
2007-11-20 00:00:00
2007-11-21 00:00:00
2007-11-22 00:00:00
2007-11-23 00:00:00
2007-11-24 00:00:00
2007-11-25 00:00:00
2007-11-26 00:00:00
2007-11-27 00:00:00
2007-11-28 00:00:00
2007-11-29 00:00:00
2007-11-30 00:00:00
2007-12-01 00:00:00
2007-12-02 00:00:00
2007-12-03 00:00:00
2007-12-04 00:00:00
2007-12-05 00:00:00
2007-12-22 00:00:00
2007-12-23 00:00:00
2007-12-24 00:00:00
2007-12-25 00:00:00
2007-12-26 00:00:00
2007-12-27 00:00:00
2007-12-28 00:00:00
2007-12-29 00:00:00
2007-12-30 00:00:00
2007-12-31 00:00:00
2008-01-01 00:00:00
2008-01-02 00:00:00
2008-01-03 00:00:00
2008-01-04 00:00:00
2008-01-05 00:00:00
2008-01-06 00:00:00
2008-01-07 00:00:00
2008-01-08 00:00:00
2008-01-09 00:00:00
2008-01-10 00:00:00
2008-01-11 00:00:00
2008-01-12 00:00:00
2008-01-13 00:00:00
2008-01-14 00:00:00
2008-01-15 00:00:00
2008-01-16 00:00:00
2008-01-17 00:00:00
2008-01-18 00:00:00
2008-01-19 00:00:00
2008-01-20 00:00:00
2008-01-21 00:00:00
2008-01-22 00:00:00
2008-01-23 00:00:00
2008-01-24 00:00:00
2008-01-25 00:00:00
2008-01-26 00:00:00
2008-01-27 00:00:00
2008-01-28 00:00:00
2008-01-29 00:00:00
2008-01-30 00:00:00
2008-01-31 00:00:00
2008-02-01 00:00:00
2008-02-02 00:00:00
2008-02-03 00:00:00
2008-02-04 00:00:00
2008-02-05 00:00:00
2008-02-06 00:00:00
2008-02-07 00:00:00
2008-02-08 00:00:00
2008-02-09 00:00:00
2008-02-10 00:00:00
2008-02-11 00:00:00
2008-02-12 00:00:00
2008-02-13 00:00:00
2008-02-14 00:00:00
2008-02-15 00:00:00
2008-02-16 00:00:00
2008-02-17 00:00:00
2008-02-18 00:00:00
2008-02-19 00:00:00
2008-03-02 00:00:00
2008-03-03 00:00:00
2008-03-04 00:00:00
2008-03-05 00:00:00
2008-03-06 00:00:00
2008-03-07 00:00:00
2008-03-08 00:00:00
2008-03-09 00:00:00
2008-03-10 00:00:00
2008-03-11 00:00:00
2008-03-12 00:00:00
2008-03-13 00:00:00
2008-03-14 00:00:00
2008-03-15 00:00:00
2008-03-16 00:00:00
2008-03-17 00:00:00
2008-03-18 00:00:00
2008-03-19 00:00:00
2008-03-20 00:00:00
2008-03-21 00:00:00
2008-03-22 00:00:00
2008-03-23 00:00:00
2008-03-24 00:00:00
2008-03-25 00:00:00
2008-03-26 00:00:00
2008-03-27 00:00:00
2008-03-28 00:00:00
2008-03-29 00:00:00
2008-03-30 00:00:00
2008-03-31 00:00:00
2008-04-01 00:00:00
2008-04-02 00:00:00
2008-04-03 00:00:00
2008-04-04 00:00:00
2008-04-05 00:00:00
2008-04-06 00:00:00
2008-04-07 00:00:00
2008-04-08 00:00:00
2008-04-09 00:00:00
2008-04-10 00:00:00
2008-04-11 00:00:00
2008-04-12 00:00:00
2008-04-13 00:00:00
2008-04-14 00:00:00
2008-04-15 00:00:00
2008-04-16 00:00:00
2008-04-17 00:00:00
2008-04-18 00:00:00
2008-04-19 00:00:00
2008-05-11 00:00:00
2008-05-12 00:00:00
2008-05-13 00:00:00
2008-05-14 00:00:00
2008-05-15 00:00:00
2008-05-16 00:00:00
2008-05-17 00:00:00
2008-06-19 00:00:00
2008-06-20 00:00:00
2008-06-21 00:00:00
2008-06-22 00:00:00
2008-06-23 00:00:00
2008-06-24 00:00:00
2008-06-25 00:00:00
2008-06-26 00:00:00
2008-06-27 00:00:00
2008-06-28 00:00:00
2008-06-29 00:00:00
2008-06-30 00:00:00
2008-07-01 00:00:00
2008-07-02 00:00:00
2008-07-03 00:00:00
2008-07-19 00:00:00
2008-07-20 00:00:00
2008-07-21 00:00:00
2008-07-22 00:00:00
2008-07-23 00:00:00
2008-07-24 00:00:00
2008-07-25 00:00:00
2008-07-26 00:00:00
2008-07-27 00:00:00
2008-07-28 00:00:00
2008-07-29 00:00:00
2008-07-30 00:00:00
2008-07-31 00:00:00
2008-08-01 00:00:00
2008-08-02 00:00:00
2008-08-03 00:00:00
2008-08-04 00:00:00
2008-08-05 00:00:00
2008-08-06 00:00:00
2008-08-07 00:00:00
2008-08-08 00:00:00
2008-08-09 00:00:00
2008-08-10 00:00:00
2008-08-11 00:00:00
2008-08-12 00:00:00
2008-08-13 00:00:00
2008-08-14 00:00:00
2008-08-15 00:00:00
2008-08-16 00:00:00
2008-08-17 00:00:00
2008-09-14 00:00:00
2008-09-15 00:00:00
2008-09-16 00:00:00
2008-09-17 00:00:00
2008-09-18 00:00:00
2008-09-19 00:00:00
2008-09-20 00:00:00
2008-09-21 00:00:00
2008-09-22 00:00:00
2008-09-23 00:00:00
2008-09-24 00:00:00
2008-09-25 00:00:00
2008-09-26 00:00:00
2008-09-27 00:00:00
2008-10-02 00:00:00
2008-10-03 00:00:00
2008-10-04 00:00:00
2008-10-05 00:00:00
2008-10-06 00:00:00
2008-10-07 00:00:00
2008-10-08 00:00:00
2008-10-09 00:00:00
2008-10-10 00:00:00
2008-10-11 00:00:00
2008-10-12 00:00:00
2008-10-13 00:00:00
2008-10-14 00:00:00
2008-10-15 00:00:00
2008-10-16 00:00:00
2008-10-17 00:00:00
2008-10-18 00:00:00
2008-11-01 00:00:00
2008-11-02 00:00:00
2008-11-03 00:00:00
2008-11-04 00:00:00
2008-11-05 00:00:00
2008-11-06 00:00:00
2008-11-07 00:00:00
2008-11-08 00:00:00
2008-11-09 00:00:00
2008-11-10 00:00:00
2008-11-11 00:00:00
2008-11-12 00:00:00
2008-11-13 00:00:00
2008-11-14 00:00:00
2008-11-15 00:00:00
2009-01-11 00:00:00
2009-01-12 00:00:00
2009-01-13 00:00:00
2009-01-14 00:00:00
2009-01-15 00:00:00
2009-01-16 00:00:00
2009-01-17 00:00:00
2009-02-14 00:00:00
2009-02-15 00:00:00
2009-02-16 00:00:00
2009-02-17 00:00:00
2009-02-18 00:00:00
2009-02-19 00:00:00
2009-02-20 00:00:00
2009-02-21 00:00:00
2009-02-22 00:00:00
2009-02-23 00:00:00
2009-02-24 00:00:00
2009-02-25 00:00:00
2009-02-26 00:00:00
2009-02-27 00:00:00
2009-02-28 00:00:00
2009-03-08 00:00:00
2009-03-09 00:00:00
2009-03-10 00:00:00
2009-03-11 00:00:00
2009-03-12 00:00:00
2009-03-13 00:00:00
2009-03-14 00:00:00
2009-03-16 00:00:00
2009-03-17 00:00:00
2009-03-18 00:00:00
2009-03-19 00:00:00
2009-03-20 00:00:00
2009-03-21 00:00:00
2009-03-22 00:00:00
2009-03-23 00:00:00
2009-03-24 00:00:00
2009-03-25 00:00:00
2009-03-26 00:00:00
2009-03-27 00:00:00
2009-03-28 00:00:00
2009-03-29 00:00:00
2009-03-30 00:00:00
2009-03-31 00:00:00
2009-04-01 00:00:00
2009-04-02 00:00:00
2009-04-03 00:00:00
2009-04-04 00:00:00
2009-04-05 00:00:00
2009-04-06 00:00:00
2009-04-07 00:00:00
2009-04-08 00:00:00
2009-04-09 00:00:00
2009-04-10 00:00:00
2009-04-11 00:00:00
2009-04-12 00:00:00
2009-04-13 00:00:00
2009-04-14 00:00:00
2009-04-30 00:00:00
2009-05-01 00:00:00
2009-05-02 00:00:00
2009-05-03 00:00:00
2009-05-04 00:00:00
2009-05-05 00:00:00
2009-05-06 00:00:00
2009-05-07 00:00:00
2009-05-08 00:00:00
2009-05-09 00:00:00
2009-05-10 00:00:00
2009-05-11 00:00:00
2009-05-12 00:00:00
2009-05-13 00:00:00
2009-05-14 00:00:00
2009-05-15 00:00:00
2009-05-16 00:00:00
2009-05-17 00:00:00
2009-05-18 00:00:00
2009-05-19 00:00:00
2009-05-20 00:00:00
2009-05-21 00:00:00
2009-05-22 00:00:00
2009-05-23 00:00:00
2009-05-24 00:00:00
2009-05-25 00:00:00
2009-05-26 00:00:00
2009-05-27 00:00:00
2009-05-28 00:00:00
2009-05-29 00:00:00
2009-07-14 00:00:00
2009-07-15 00:00:00
2009-07-16 00:00:00
2009-07-17 00:00:00
2009-07-18 00:00:00
2009-07-19 00:00:00
2009-07-20 00:00:00
2009-07-21 00:00:00
2009-07-22 00:00:00
2009-07-23 00:00:00
2009-07-24 00:00:00
2009-07-25 00:00:00
2009-07-26 00:00:00
2009-07-27 00:00:00
2009-07-28 00:00:00
2009-07-29 00:00:00
2009-07-30 00:00:00
2009-07-31 00:00:00
2009-08-01 00:00:00
2009-08-02 00:00:00
2009-08-03 00:00:00
2009-08-04 00:00:00
2009-08-05 00:00:00
2009-08-06 00:00:00
2009-08-07 00:00:00
2009-08-08 00:00:00
2009-08-09 00:00:00
2009-08-10 00:00:00
2009-08-11 00:00:00
2009-08-12 00:00:00
2009-08-13 00:00:00
2009-08-14 00:00:00
2009-08-15 00:00:00
2009-08-16 00:00:00
2009-08-17 00:00:00
2009-08-18 00:00:00
2009-08-19 00:00:00
2009-08-20 00:00:00
2009-08-21 00:00:00
2009-08-22 00:00:00
2009-08-23 00:00:00
2009-08-24 00:00:00
2009-08-25 00:00:00
2009-08-26 00:00:00
2009-08-27 00:00:00
2009-08-28 00:00:00
2009-08-29 00:00:00
2009-09-06 00:00:00
2009-09-07 00:00:00
2009-09-08 00:00:00
2009-09-09 00:00:00
2009-09-10 00:00:00
2009-09-11 00:00:00
2009-09-12 00:00:00
2009-09-27 00:00:00
2009-09-28 00:00:00
2009-09-29 00:00:00
2009-09-30 00:00:00
2009-10-01 00:00:00
2009-10-02 00:00:00
2009-10-03 00:00:00
2009-10-04 00:00:00
2009-10-05 00:00:00
2009-10-06 00:00:00
2009-10-07 00:00:00
2009-10-08 00:00:00
2009-10-09 00:00:00
2009-10-10 00:00:00
2009-10-11 00:00:00
2009-11-08 00:00:00
2009-11-09 00:00:00
2009-11-10 00:00:00
2009-11-11 00:00:00
2009-11-12 00:00:00
2009-11-13 00:00:00
2009-11-14 00:00:00
2009-11-15 00:00:00
2009-11-16 00:00:00
2009-11-17 00:00:00
2009-11-18 00:00:00
2009-11-19 00:00:00
2009-11-20 00:00:00
2009-11-21 00:00:00
2009-11-22 00:00:00
2009-11-23 00:00:00
2009-11-24 00:00:00
2009-11-25 00:00:00
2009-11-26 00:00:00
2009-11-27 00:00:00
2009-11-28 00:00:00
2009-11-29 00:00:00
2009-11-30 00:00:00
2009-12-01 00:00:00
2009-12-02 00:00:00
2009-12-03 00:00:00
2009-12-04 00:00:00
2009-12-05 00:00:00
2009-12-06 00:00:00
2009-12-07 00:00:00
2009-12-08 00:00:00
2009-12-09 00:00:00
2009-12-10 00:00:00
2009-12-11 00:00:00
2009-12-12 00:00:00
2009-12-26 00:00:00
2009-12-27 00:00:00
2009-12-28 00:00:00
2009-12-29 00:00:00
2009-12-30 00:00:00
2009-12-31 00:00:00
2010-01-01 00:00:00
2010-01-02 00:00:00
2010-01-03 00:00:00
2010-01-04 00:00:00
2010-01-05 00:00:00
2010-01-06 00:00:00
2010-01-07 00:00:00
2010-01-08 00:00:00
2010-01-09 00:00:00
2010-01-10 00:00:00
2010-01-11 00:00:00
2010-01-12 00:00:00
2010-01-13 00:00:00
2010-01-14 00:00:00
2010-01-15 00:00:00
2010-01-16 00:00:00
2010-01-17 00:00:00
2010-01-18 00:00:00
2010-01-19 00:00:00
2010-01-20 00:00:00
2010-01-21 00:00:00
2010-01-22 00:00:00
2010-01-23 00:00:00
2010-01-24 00:00:00
2010-01-25 00:00:00
2010-01-26 00:00:00
2010-01-27 00:00:00
2010-01-28 00:00:00
2010-01-29 00:00:00
2010-01-30 00:00:00
2010-01-31 00:00:00
2010-02-01 00:00:00
2010-02-02 00:00:00
2010-02-03 00:00:00
2010-02-04 00:00:00
2010-02-05 00:00:00
2010-02-06 00:00:00
2010-02-07 00:00:00
2010-02-08 00:00:00
2010-02-09 00:00:00
2010-02-10 00:00:00
2010-02-11 00:00:00
2010-02-12 00:00:00
2010-02-13 00:00:00
2010-02-14 00:00:00
2010-02-15 00:00:00
2010-02-16 00:00:00
2010-02-17 00:00:00
2010-02-18 00:00:00
2010-02-19 00:00:00
2010-02-20 00:00:00
2010-02-21 00:00:00
2010-02-22 00:00:00
2010-02-23 00:00:00
2010-03-26 00:00:00
2010-03-27 00:00:00
2010-03-28 00:00:00
2010-03-29 00:00:00
2010-03-30 00:00:00
2010-03-31 00:00:00
2010-04-01 00:00:00
2010-04-02 00:00:00
2010-04-03 00:00:00
2010-04-04 00:00:00
2010-04-05 00:00:00
2010-04-06 00:00:00
2010-04-07 00:00:00
2010-04-08 00:00:00
2010-04-09 00:00:00
2010-04-10 00:00:00
2010-04-11 00:00:00
2010-04-12 00:00:00
2010-04-13 00:00:00
2010-04-14 00:00:00
2010-04-15 00:00:00
2010-04-16 00:00:00
2010-04-17 00:00:00
2010-04-18 00:00:00
2010-04-19 00:00:00
2010-04-20 00:00:00
2010-04-21 00:00:00
2010-04-22 00:00:00
2010-04-23 00:00:00
2010-04-24 00:00:00
2010-06-06 00:00:00
2010-06-07 00:00:00
2010-06-08 00:00:00
2010-06-09 00:00:00
2010-06-10 00:00:00
2010-06-11 00:00:00
2010-06-12 00:00:00
2010-06-13 00:00:00
2010-06-14 00:00:00
2010-06-15 00:00:00
2010-06-16 00:00:00
2010-06-17 00:00:00
2010-06-18 00:00:00
2010-06-19 00:00:00
2010-06-20 00:00:00
2010-06-21 00:00:00
2010-06-22 00:00:00
2010-06-23 00:00:00
2010-06-24 00:00:00
2010-06-25 00:00:00
2010-06-26 00:00:00
2010-07-24 00:00:00
2010-07-25 00:00:00
2010-07-26 00:00:00
2010-07-27 00:00:00
2010-07-28 00:00:00
2010-07-29 00:00:00
2010-07-30 00:00:00
2010-07-31 00:00:00
2010-08-01 00:00:00
2010-08-02 00:00:00
2010-08-03 00:00:00
2010-08-04 00:00:00
2010-08-05 00:00:00
2010-08-06 00:00:00
2010-08-07 00:00:00
2010-08-08 00:00:00
2010-08-09 00:00:00
2010-08-10 00:00:00
2010-08-11 00:00:00
2010-08-12 00:00:00
2010-08-13 00:00:00
2010-08-14 00:00:00
2010-08-23 00:00:00
2010-08-24 00:00:00
2010-08-25 00:00:00
2010-08-26 00:00:00
2010-08-27 00:00:00
2010-08-28 00:00:00
2010-08-29 00:00:00
2010-08-30 00:00:00
2010-08-31 00:00:00
2010-09-01 00:00:00
2010-09-02 00:00:00
2010-09-03 00:00:00
2010-09-04 00:00:00
2010-09-05 00:00:00
2010-09-06 00:00:00
2010-11-06 00:00:00
2010-11-07 00:00:00
2010-11-08 00:00:00
2010-11-09 00:00:00
2010-11-10 00:00:00
2010-11-11 00:00:00
2010-11-12 00:00:00
2010-11-13 00:00:00
2010-11-14 00:00:00
2010-11-15 00:00:00
2010-11-16 00:00:00
2010-11-17 00:00:00
2010-11-18 00:00:00
2010-11-19 00:00:00
2010-11-20 00:00:00
2010-11-21 00:00:00
2010-11-22 00:00:00
2010-11-23 00:00:00
2010-11-24 00:00:00
2010-11-25 00:00:00
2010-11-26 00:00:00
2010-11-27 00:00:00
2010-11-28 00:00:00
2010-11-29 00:00:00
2010-11-30 00:00:00
2010-12-01 00:00:00
2010-12-02 00:00:00
2010-12-03 00:00:00
2010-12-04 00:00:00
2010-12-05 00:00:00
2010-12-06 00:00:00
2010-12-07 00:00:00
2010-12-08 00:00:00
2010-12-09 00:00:00
2010-12-10 00:00:00
2010-12-11 00:00:00
2010-12-12 00:00:00
2010-12-13 00:00:00
2010-12-14 00:00:00
2010-12-15 00:00:00
2010-12-16 00:00:00
2010-12-17 00:00:00
2010-12-18 00:00:00
2010-12-19 00:00:00
2010-12-21 00:00:00
2010-12-22 00:00:00
2010-12-23 00:00:00
2010-12-24 00:00:00
2010-12-25 00:00:00
2010-12-26 00:00:00
2010-12-27 00:00:00
2010-12-28 00:00:00
2010-12-29 00:00:00
2010-12-30 00:00:00
2010-12-31 00:00:00
2011-01-01 00:00:00
2011-01-02 00:00:00
2011-01-03 00:00:00
2011-01-04 00:00:00
2011-01-20 00:00:00
2011-01-21 00:00:00
2011-01-22 00:00:00
2011-01-23 00:00:00
2011-01-24 00:00:00
2011-01-25 00:00:00
2011-01-26 00:00:00
2011-01-27 00:00:00
2011-01-28 00:00:00
2011-01-29 00:00:00
2011-01-30 00:00:00
2011-01-31 00:00:00
2011-02-01 00:00:00
2011-02-02 00:00:00
2011-02-03 00:00:00
2011-02-04 00:00:00
2011-02-05 00:00:00
2011-02-06 00:00:00
2011-02-07 00:00:00
2011-02-08 00:00:00
2011-02-09 00:00:00
2011-02-10 00:00:00
2011-02-11 00:00:00
2011-02-12 00:00:00
2011-02-13 00:00:00
2011-02-14 00:00:00
2011-02-15 00:00:00
2011-02-16 00:00:00
2011-02-17 00:00:00
2011-02-18 00:00:00
2011-02-19 00:00:00
2011-02-20 00:00:00
2011-02-21 00:00:00
2011-02-22 00:00:00
2011-02-23 00:00:00
2011-02-24 00:00:00
2011-02-25 00:00:00
2011-02-26 00:00:00
2011-02-27 00:00:00
2011-02-28 00:00:00
2011-03-01 00:00:00
2011-03-02 00:00:00
2011-03-03 00:00:00
2011-03-04 00:00:00
2011-03-05 00:00:00
2011-04-08 00:00:00
2011-04-09 00:00:00
2011-04-10 00:00:00
2011-04-11 00:00:00
2011-04-12 00:00:00
2011-04-13 00:00:00
2011-04-14 00:00:00
2011-04-15 00:00:00
2011-04-16 00:00:00
2011-04-17 00:00:00
2011-04-18 00:00:00
2011-04-19 00:00:00
2011-04-20 00:00:00
2011-04-21 00:00:00
2011-04-22 00:00:00
2011-04-23 00:00:00
2011-04-24 00:00:00
2011-04-25 00:00:00
2011-04-26 00:00:00
2011-04-27 00:00:00
2011-04-28 00:00:00
2011-04-29 00:00:00
2011-04-30 00:00:00
2011-05-01 00:00:00
2011-05-02 00:00:00
2011-05-03 00:00:00
2011-05-04 00:00:00
2011-05-05 00:00:00
2011-05-06 00:00:00
2011-05-07 00:00:00
2011-05-08 00:00:00
2011-05-09 00:00:00
2011-05-10 00:00:00
2011-05-11 00:00:00
2011-05-12 00:00:00
2011-05-13 00:00:00
2011-05-14 00:00:00
2011-05-15 00:00:00
2011-05-16 00:00:00
2011-05-17 00:00:00
2011-05-18 00:00:00
2011-05-19 00:00:00
2011-05-20 00:00:00
2011-05-21 00:00:00
2011-05-22 00:00:00
2011-05-23 00:00:00
2011-05-24 00:00:00
2011-05-25 00:00:00
2011-05-26 00:00:00
2011-05-27 00:00:00
2011-05-28 00:00:00
2011-05-29 00:00:00
2011-05-30 00:00:00
2011-05-31 00:00:00
2011-06-01 00:00:00
2011-06-02 00:00:00
2011-06-03 00:00:00
2011-06-04 00:00:00
2011-06-05 00:00:00
2011-06-06 00:00:00
2011-06-07 00:00:00
2011-06-08 00:00:00
2011-06-09 00:00:00
2011-06-10 00:00:00
2011-06-11 00:00:00
2011-06-12 00:00:00
2011-06-13 00:00:00
2011-06-14 00:00:00
2011-06-15 00:00:00
2011-06-16 00:00:00
2011-06-17 00:00:00
2011-06-18 00:00:00
2011-06-19 00:00:00
2011-06-20 00:00:00
2011-06-21 00:00:00
2011-06-22 00:00:00
2011-06-23 00:00:00
2011-06-24 00:00:00
2011-06-25 00:00:00
2011-06-26 00:00:00
2011-06-27 00:00:00
2011-06-28 00:00:00
2011-06-29 00:00:00
2011-06-30 00:00:00
2011-07-01 00:00:00
2011-07-02 00:00:00
2011-07-03 00:00:00
2011-07-04 00:00:00
2011-07-05 00:00:00
2011-07-06 00:00:00
2011-07-07 00:00:00
2011-07-08 00:00:00
2011-07-09 00:00:00
2011-07-10 00:00:00
2011-07-11 00:00:00
2011-07-12 00:00:00
2011-07-13 00:00:00
2011-07-14 00:00:00
2011-07-15 00:00:00
2011-07-16 00:00:00
2011-07-17 00:00:00
2011-07-18 00:00:00
2011-07-19 00:00:00
2011-07-20 00:00:00
2011-07-21 00:00:00
2011-07-22 00:00:00
2011-07-23 00:00:00
2011-07-24 00:00:00
2011-10-16 00:00:00
2011-10-17 00:00:00
2011-10-18 00:00:00
2011-10-19 00:00:00
2011-10-20 00:00:00
2011-10-21 00:00:00
2011-10-22 00:00:00
2011-10-23 00:00:00
2011-10-24 00:00:00
2011-10-25 00:00:00
2011-10-26 00:00:00
2011-10-27 00:00:00
2011-10-28 00:00:00
2011-10-29 00:00:00
2011-10-30 00:00:00
2011-10-31 00:00:00
2011-11-01 00:00:00
2011-11-02 00:00:00
2011-11-03 00:00:00
2011-11-04 00:00:00
2011-11-05 00:00:00
2011-11-06 00:00:00
2011-11-07 00:00:00
2011-11-08 00:00:00
2011-11-09 00:00:00
2011-11-10 00:00:00
2011-11-11 00:00:00
2011-11-12 00:00:00
2011-12-21 00:00:00
2011-12-22 00:00:00
2011-12-23 00:00:00
2011-12-24 00:00:00
2011-12-25 00:00:00
2011-12-26 00:00:00
2011-12-27 00:00:00
2012-02-12 00:00:00
2012-02-13 00:00:00
2012-02-14 00:00:00
2012-02-15 00:00:00
2012-02-16 00:00:00
2012-02-17 00:00:00
2012-02-18 00:00:00
2012-02-19 00:00:00
2012-02-20 00:00:00
2012-02-21 00:00:00
2012-02-22 00:00:00
2012-02-23 00:00:00
2012-02-24 00:00:00
2012-02-25 00:00:00
2012-02-26 00:00:00
2012-02-27 00:00:00
2012-02-28 00:00:00
2012-02-29 00:00:00
2012-03-01 00:00:00
2012-03-02 00:00:00
2012-03-03 00:00:00
2012-03-04 00:00:00
2012-03-05 00:00:00
2012-03-06 00:00:00
2012-03-07 00:00:00
2012-03-08 00:00:00
2012-03-09 00:00:00
2012-03-10 00:00:00
2012-03-11 00:00:00
2012-03-12 00:00:00
2012-03-13 00:00:00
2012-03-14 00:00:00
2012-03-18 00:00:00
2012-03-19 00:00:00
2012-03-20 00:00:00
2012-03-21 00:00:00
2012-03-22 00:00:00
2012-03-23 00:00:00
2012-03-24 00:00:00
2012-03-25 00:00:00
2012-03-26 00:00:00
2012-03-27 00:00:00
2012-03-28 00:00:00
2012-03-29 00:00:00
2012-03-30 00:00:00
2012-03-31 00:00:00
2012-04-01 00:00:00
2012-04-02 00:00:00
2012-04-03 00:00:00
2012-04-04 00:00:00
2012-04-05 00:00:00
2012-04-06 00:00:00
2012-04-07 00:00:00
2012-04-08 00:00:00
2012-04-09 00:00:00
2012-04-10 00:00:00
2012-04-11 00:00:00
2012-04-12 00:00:00
2012-04-13 00:00:00
2012-04-16 00:00:00
2012-04-17 00:00:00
2012-04-18 00:00:00
2012-04-19 00:00:00
2012-04-20 00:00:00
2012-04-21 00:00:00
2012-04-22 00:00:00
2012-04-23 00:00:00
2012-04-24 00:00:00
2012-05-20 00:00:00
2012-05-21 00:00:00
2012-05-22 00:00:00
2012-05-23 00:00:00
2012-05-24 00:00:00
2012-05-25 00:00:00
2012-05-26 00:00:00
2012-05-27 00:00:00
2012-05-28 00:00:00
2012-05-29 00:00:00
2012-05-30 00:00:00
2012-05-31 00:00:00
2012-06-01 00:00:00
2012-06-02 00:00:00
2012-06-03 00:00:00
2012-06-04 00:00:00
2012-06-05 00:00:00
2012-06-06 00:00:00
2012-06-07 00:00:00
2012-06-08 00:00:00
2012-06-09 00:00:00
2012-06-10 00:00:00
2012-06-11 00:00:00
2012-06-12 00:00:00
2012-06-13 00:00:00
2012-06-14 00:00:00
2012-06-15 00:00:00
2012-06-16 00:00:00
2012-06-17 00:00:00
2012-06-18 00:00:00
2012-06-19 00:00:00
2012-06-20 00:00:00
2012-06-21 00:00:00
2012-06-22 00:00:00
2012-06-23 00:00:00
2012-06-24 00:00:00
2012-06-25 00:00:00
2012-06-26 00:00:00
2012-06-27 00:00:00
2012-06-28 00:00:00
2012-06-29 00:00:00
2012-06-30 00:00:00
2012-08-19 00:00:00
2012-08-20 00:00:00
2012-08-21 00:00:00
2012-08-22 00:00:00
2012-08-23 00:00:00
2012-08-24 00:00:00
2012-08-25 00:00:00
2012-08-27 00:00:00
2012-08-28 00:00:00
2012-08-29 00:00:00
2012-08-30 00:00:00
2012-08-31 00:00:00
2012-09-01 00:00:00
2012-09-02 00:00:00
2012-09-03 00:00:00
2012-09-04 00:00:00
2012-09-05 00:00:00
2012-09-06 00:00:00
2012-09-07 00:00:00
2012-09-08 00:00:00
2012-09-09 00:00:00
2012-09-10 00:00:00
2012-10-11 00:00:00
2012-10-12 00:00:00
2012-10-13 00:00:00
2012-10-14 00:00:00
2012-10-15 00:00:00
2012-10-16 00:00:00
2012-10-17 00:00:00
2012-10-18 00:00:00
2012-10-19 00:00:00
2012-10-20 00:00:00
2012-10-21 00:00:00
2012-10-22 00:00:00
2012-10-23 00:00:00
2012-10-24 00:00:00
2012-10-25 00:00:00
2012-10-26 00:00:00
2012-10-27 00:00:00
2012-10-28 00:00:00
2012-10-29 00:00:00
2012-10-30 00:00:00
2012-10-31 00:00:00
2012-11-01 00:00:00
2012-11-02 00:00:00
2012-11-03 00:00:00
2012-11-04 00:00:00
2012-11-05 00:00:00
2012-11-06 00:00:00
2012-11-07 00:00:00
2012-11-08 00:00:00
2012-11-09 00:00:00
2012-11-10 00:00:00
2012-11-11 00:00:00
2012-11-12 00:00:00
2012-11-13 00:00:00
2012-11-14 00:00:00
2012-11-15 00:00:00
2012-11-16 00:00:00
2012-11-17 00:00:00
2012-11-18 00:00:00
2012-11-19 00:00:00
2012-11-20 00:00:00
2012-11-21 00:00:00
2012-11-22 00:00:00
2012-11-23 00:00:00
2012-11-24 00:00:00
2012-12-10 00:00:00
2012-12-11 00:00:00
2012-12-12 00:00:00
2012-12-13 00:00:00
2012-12-14 00:00:00
2012-12-15 00:00:00
2012-12-16 00:00:00
2012-12-17 00:00:00
2012-12-18 00:00:00
2012-12-19 00:00:00
2012-12-20 00:00:00
2012-12-21 00:00:00
2012-12-22 00:00:00
2012-12-23 00:00:00
2012-12-24 00:00:00
2012-12-25 00:00:00
2012-12-26 00:00:00
2012-12-27 00:00:00
2012-12-28 00:00:00
2012-12-29 00:00:00
2012-12-30 00:00:00
2012-12-31 00:00:00
2013-01-01 00:00:00
2013-01-02 00:00:00
2013-01-03 00:00:00
2013-01-04 00:00:00
2013-01-05 00:00:00
2013-01-06 00:00:00
2013-01-07 00:00:00
2013-01-08 00:00:00
2013-01-09 00:00:00
2013-01-10 00:00:00
2013-01-11 00:00:00
2013-01-12 00:00:00
2013-01-24 00:00:00
2013-01-25 00:00:00
2013-01-26 00:00:00
2013-01-27 00:00:00
2013-01-28 00:00:00
2013-01-29 00:00:00
2013-01-30 00:00:00
2013-01-31 00:00:00
2013-02-01 00:00:00
2013-02-02 00:00:00
2013-02-03 00:00:00
2013-02-04 00:00:00
2013-02-05 00:00:00
2013-02-06 00:00:00
2013-02-07 00:00:00
2013-03-25 00:00:00
2013-03-26 00:00:00
2013-03-27 00:00:00
2013-03-28 00:00:00
2013-03-29 00:00:00
2013-03-30 00:00:00
2013-03-31 00:00:00
2013-04-01 00:00:00
2013-04-02 00:00:00
2013-04-03 00:00:00
2013-04-04 00:00:00
2013-04-05 00:00:00
2013-04-06 00:00:00
2013-04-07 00:00:00
2013-04-08 00:00:00
2013-05-19 00:00:00
2013-05-20 00:00:00
2013-05-21 00:00:00
2013-05-22 00:00:00
2013-05-23 00:00:00
2013-05-24 00:00:00
2013-05-25 00:00:00
2013-05-26 00:00:00
2013-05-27 00:00:00
2013-05-28 00:00:00
2013-05-29 00:00:00
2013-05-30 00:00:00
2013-05-31 00:00:00
2013-06-01 00:00:00
2013-06-02 00:00:00
2013-06-03 00:00:00
2013-06-04 00:00:00
2013-06-05 00:00:00
2013-06-06 00:00:00
2013-06-07 00:00:00
2013-06-08 00:00:00
2013-06-09 00:00:00
2013-06-10 00:00:00
2013-06-11 00:00:00
2013-06-12 00:00:00
2013-06-13 00:00:00
2013-06-14 00:00:00
2013-06-15 00:00:00
2013-06-16 00:00:00
2013-06-17 00:00:00
2013-06-18 00:00:00
2013-08-07 00:00:00
2013-08-08 00:00:00
2013-08-09 00:00:00
2013-08-10 00:00:00
2013-08-11 00:00:00
2013-08-12 00:00:00
2013-08-13 00:00:00
2013-08-14 00:00:00
2013-08-15 00:00:00
2013-08-16 00:00:00
2013-08-17 00:00:00
2013-08-18 00:00:00
2013-08-19 00:00:00
2013-08-20 00:00:00
2013-08-21 00:00:00
2013-08-22 00:00:00
2013-08-23 00:00:00
2013-08-24 00:00:00
2013-08-25 00:00:00
2013-08-26 00:00:00
2013-08-27 00:00:00
2013-08-28 00:00:00
2013-08-29 00:00:00
2013-08-30 00:00:00
2013-08-31 00:00:00
2013-09-01 00:00:00
2013-09-02 00:00:00
2013-09-03 00:00:00
2013-09-04 00:00:00
2013-09-05 00:00:00
2013-09-08 00:00:00
2013-09-09 00:00:00
2013-09-10 00:00:00
2013-09-11 00:00:00
2013-09-12 00:00:00
2013-09-13 00:00:00
2013-09-14 00:00:00
2013-09-29 00:00:00
2013-09-30 00:00:00
2013-10-01 00:00:00
2013-10-02 00:00:00
2013-10-03 00:00:00
2013-10-04 00:00:00
2013-10-05 00:00:00
2013-10-06 00:00:00
2013-10-07 00:00:00
2013-10-08 00:00:00
2013-10-09 00:00:00
2013-10-10 00:00:00
2013-10-11 00:00:00
2013-10-12 00:00:00
2013-10-20 00:00:00
2013-10-21 00:00:00
2013-10-22 00:00:00
2013-10-23 00:00:00
2013-10-24 00:00:00
2013-10-25 00:00:00
2013-10-26 00:00:00
2013-11-03 00:00:00
2013-11-04 00:00:00
2013-11-05 00:00:00
2013-11-06 00:00:00
2013-11-07 00:00:00
2013-11-08 00:00:00
2013-11-09 00:00:00
2013-11-10 00:00:00
2013-11-11 00:00:00
2013-11-12 00:00:00
2013-11-13 00:00:00
2013-11-14 00:00:00
2013-11-15 00:00:00
2013-11-16 00:00:00
2013-11-17 00:00:00
2013-11-18 00:00:00
2013-11-19 00:00:00
2013-11-20 00:00:00
2013-11-21 00:00:00
2013-11-22 00:00:00
2013-11-23 00:00:00
2013-12-05 00:00:00
2013-12-06 00:00:00
2013-12-07 00:00:00
2013-12-08 00:00:00
2013-12-09 00:00:00
2013-12-10 00:00:00
2013-12-11 00:00:00
2013-12-12 00:00:00
2013-12-13 00:00:00
2013-12-14 00:00:00
2013-12-15 00:00:00
2013-12-16 00:00:00
2013-12-17 00:00:00
2013-12-18 00:00:00
2013-12-19 00:00:00
2013-12-20 00:00:00
2013-12-21 00:00:00
2013-12-22 00:00:00
2013-12-23 00:00:00
2013-12-24 00:00:00
2013-12-25 00:00:00
2013-12-26 00:00:00
2013-12-27 00:00:00
2013-12-28 00:00:00
2013-12-29 00:00:00
2013-12-30 00:00:00
2013-12-31 00:00:00
2014-01-01 00:00:00
2014-01-02 00:00:00
2014-01-03 00:00:00
2014-01-04 00:00:00
2014-01-05 00:00:00
2014-01-06 00:00:00
2014-01-07 00:00:00
2014-01-08 00:00:00
2014-01-09 00:00:00
2014-01-10 00:00:00
2014-01-11 00:00:00
2014-01-12 00:00:00
2014-01-13 00:00:00
2014-01-14 00:00:00
2014-01-15 00:00:00
2014-01-16 00:00:00
2014-01-17 00:00:00
2014-01-18 00:00:00
2014-02-09 00:00:00
2014-02-10 00:00:00
2014-02-11 00:00:00
2014-02-12 00:00:00
2014-02-13 00:00:00
2014-02-14 00:00:00
2014-02-15 00:00:00
2014-03-23 00:00:00
2014-03-24 00:00:00
2014-03-25 00:00:00
2014-03-26 00:00:00
2014-03-27 00:00:00
2014-03-28 00:00:00
2014-03-29 00:00:00
2014-03-30 00:00:00
2014-03-31 00:00:00
2014-04-01 00:00:00
2014-04-02 00:00:00
2014-04-03 00:00:00
2014-04-04 00:00:00
2014-04-05 00:00:00
2014-04-06 00:00:00
2014-04-07 00:00:00
2014-04-08 00:00:00
2014-04-09 00:00:00
2014-04-10 00:00:00
2014-04-11 00:00:00
2014-04-12 00:00:00
2014-04-13 00:00:00
2014-04-14 00:00:00
2014-04-15 00:00:00
2014-04-16 00:00:00
2014-04-17 00:00:00
2014-04-18 00:00:00
2014-04-19 00:00:00
2014-04-20 00:00:00
2014-04-21 00:00:00
2014-04-22 00:00:00
2014-04-23 00:00:00
2014-04-24 00:00:00
2014-04-25 00:00:00
2014-04-26 00:00:00
2014-04-27 00:00:00
2014-04-28 00:00:00
2014-04-29 00:00:00
2014-04-30 00:00:00
2014-05-01 00:00:00
2014-05-02 00:00:00
2014-05-03 00:00:00
2014-05-04 00:00:00
2014-05-05 00:00:00
2014-05-06 00:00:00
2014-05-07 00:00:00
2014-05-08 00:00:00
2014-05-09 00:00:00
2014-05-10 00:00:00
2014-05-11 00:00:00
2014-05-12 00:00:00
2014-05-13 00:00:00
2014-05-14 00:00:00
2014-05-15 00:00:00
2014-05-16 00:00:00
2014-05-17 00:00:00
2014-05-18 00:00:00
2014-05-19 00:00:00
2014-05-20 00:00:00
2014-05-21 00:00:00
2014-05-22 00:00:00
2014-05-23 00:00:00
2014-05-24 00:00:00
2014-05-25 00:00:00
2014-05-26 00:00:00
2014-05-27 00:00:00
2014-05-28 00:00:00
2014-05-29 00:00:00
2014-05-30 00:00:00
2014-05-31 00:00:00
2014-06-01 00:00:00
2014-06-02 00:00:00
2014-06-03 00:00:00
2014-06-04 00:00:00
2014-06-05 00:00:00
2014-06-06 00:00:00
2014-06-07 00:00:00
2014-06-08 00:00:00
2014-06-09 00:00:00
2014-06-10 00:00:00
2014-06-11 00:00:00
2014-06-12 00:00:00
2014-06-13 00:00:00
2014-06-14 00:00:00
2014-06-15 00:00:00
2014-06-16 00:00:00
2014-06-17 00:00:00
2014-06-18 00:00:00
2014-06-19 00:00:00
2014-06-20 00:00:00
2014-06-21 00:00:00
2014-06-22 00:00:00
2014-06-23 00:00:00
2014-06-24 00:00:00
2014-06-25 00:00:00
2014-06-26 00:00:00
2014-06-27 00:00:00
2014-06-28 00:00:00
2014-06-29 00:00:00
2014-08-17 00:00:00
2014-08-18 00:00:00
2014-08-19 00:00:00
2014-08-20 00:00:00
2014-08-21 00:00:00
2014-08-22 00:00:00
2014-08-23 00:00:00
2014-08-24 00:00:00
2014-08-25 00:00:00
2014-08-26 00:00:00
2014-08-27 00:00:00
2014-08-28 00:00:00
2014-08-29 00:00:00
2014-08-30 00:00:00
2014-08-31 00:00:00
2014-09-01 00:00:00
2014-09-02 00:00:00
2014-09-03 00:00:00
2014-09-04 00:00:00
2014-09-05 00:00:00
2014-09-06 00:00:00
2014-09-07 00:00:00
2014-09-08 00:00:00
2014-09-09 00:00:00
2014-09-10 00:00:00
2014-09-11 00:00:00
2014-09-12 00:00:00
2014-09-13 00:00:00
2014-09-14 00:00:00
2014-09-15 00:00:00
2014-09-16 00:00:00
2014-09-17 00:00:00
2014-09-18 00:00:00
2014-09-19 00:00:00
2014-09-20 00:00:00
2014-09-21 00:00:00
2014-09-22 00:00:00
2014-09-23 00:00:00
2014-09-24 00:00:00
2014-09-25 00:00:00
2014-09-26 00:00:00
2014-09-27 00:00:00
2014-10-12 00:00:00
2014-10-13 00:00:00
2014-10-14 00:00:00
2014-10-15 00:00:00
2014-10-16 00:00:00
2014-10-17 00:00:00
2014-10-18 00:00:00
2014-11-02 00:00:00
2014-11-03 00:00:00
2014-11-04 00:00:00
2014-11-05 00:00:00
2014-11-06 00:00:00
2014-11-07 00:00:00
2014-11-08 00:00:00
2014-11-23 00:00:00
2014-11-24 00:00:00
2014-11-25 00:00:00
2014-11-26 00:00:00
2014-11-27 00:00:00
2014-11-28 00:00:00
2014-11-29 00:00:00
2014-11-30 00:00:00
2014-12-01 00:00:00
2014-12-02 00:00:00
2014-12-03 00:00:00
2014-12-04 00:00:00
2014-12-05 00:00:00
2014-12-06 00:00:00
2015-01-25 00:00:00
2015-01-26 00:00:00
2015-01-27 00:00:00
2015-01-28 00:00:00
2015-01-29 00:00:00
2015-01-30 00:00:00
2015-01-31 00:00:00
2015-02-01 00:00:00
2015-02-02 00:00:00
2015-02-03 00:00:00
2015-02-04 00:00:00
2015-02-05 00:00:00
2015-02-06 00:00:00
2015-02-07 00:00:00
2015-02-15 00:00:00
2015-02-16 00:00:00
2015-02-17 00:00:00
2015-02-18 00:00:00
2015-02-19 00:00:00
2015-02-20 00:00:00
2015-02-21 00:00:00
2015-03-01 00:00:00
2015-03-02 00:00:00
2015-03-03 00:00:00
2015-03-04 00:00:00
2015-03-05 00:00:00
2015-03-06 00:00:00
2015-03-07 00:00:00
2015-03-08 00:00:00
2015-03-09 00:00:00
2015-03-10 00:00:00
2015-03-11 00:00:00
2015-03-12 00:00:00
2015-03-13 00:00:00
2015-03-14 00:00:00
2015-03-15 00:00:00
2015-03-16 00:00:00
2015-03-17 00:00:00
2015-03-18 00:00:00
2015-03-19 00:00:00
2015-03-20 00:00:00
2015-03-21 00:00:00
News Data
Start Date, End Date,News Source,Link,Days,Reason,Comment,Days Reported
2010-12-15,2010-12-20,The Hindu,http://www.thehindu.com/business/Economy/imported-onion-arrive-from-pakistan/article965607.ece,5,not stated,,0
2010-12-16,2010-12-20,The Hindu,http://www.thehindu.com/business/Economy/imported-onion-arrive-from-pakistan/article965607.ece,4,not stated,,0
2010-12-17,2010-12-20,The Hindu,http://www.thehindu.com/business/Economy/imported-onion-arrive-from-pakistan/article965607.ece,3,not stated,,0
2010-12-18,2010-12-20,The Hindu,http://www.thehindu.com/business/Economy/imported-onion-arrive-from-pakistan/article965607.ece,2,not stated,,0
2010-12-19,2010-12-20,The Hindu,http://www.thehindu.com/business/Economy/imported-onion-arrive-from-pakistan/article965607.ece,1,not stated,,0
2010-12-21,2010-12-20,The Hindu,http://www.thehindu.com/business/Economy/imported-onion-arrive-from-pakistan/article965607.ece,-1,not stated,,0
2010-12-22,2010-12-20,The Hindu,http://www.thehindu.com/business/Economy/imported-onion-arrive-from-pakistan/article965607.ece,-2,not stated,,0
2010-12-23,2010-12-20,The Hindu,http://www.thehindu.com/business/Economy/imported-onion-arrive-from-pakistan/article965607.ece,-3,not stated,,0
2010-12-24,2010-12-20,The Hindu,http://www.thehindu.com/business/Economy/imported-onion-arrive-from-pakistan/article965607.ece,-4,not stated,,0
2010-12-25,2010-12-20,The Hindu,http://www.thehindu.com/business/Economy/imported-onion-arrive-from-pakistan/article965607.ece,-5,not stated,,0
2010-12-26,2010-12-21,The Economic Times,http://articles.economictimes.indiatimes.com/2010-12-21/news/27586208_1_minimum-export-price-onion-prices-mep,-5,traders nexus,,0
2010-12-27,2010-12-22,NDTV,http://www.ndtv.com/india-news/why-onion-prices-are-so-high-442629,-5,unseasonal rainfall,,7
2010-12-28,2010-12-23,The Times of India,http://timesofindia.indiatimes.com/city/pune/Onion-prices-still-leave-consumers-teary-eyed/articleshow/7147525.cms,-5,unseasonal rainfall,,0
2010-12-29,2010-12-24,Business Standard,http://www.business-standard.com/article/economy-policy/wholesale-onion-prices-slide-20-in-lasalgaon-manmad-110122400137_1.html,-5,not stated,Prices went down, but for good quality prices went high,None
2010-12-30,2011-01-03,NDTV,http://www.ndtv.com/mumbai-news/mumbai-trader-sells-onions-at-rs-12-per-kg-443770,4,not stated,,0
2010-12-31,2011-01-03,NDTV,http://www.ndtv.com/mumbai-news/mumbai-trader-sells-onions-at-rs-12-per-kg-443770,3,not stated,,0
2011-01-01,2011-01-03,NDTV,http://www.ndtv.com/mumbai-news/mumbai-trader-sells-onions-at-rs-12-per-kg-443770,2,not stated,,0
2011-01-02,2011-01-03,NDTV,http://www.ndtv.com/mumbai-news/mumbai-trader-sells-onions-at-rs-12-per-kg-443770,1,not stated,,0
2011-01-03,2011-01-03,NDTV,http://www.ndtv.com/mumbai-news/mumbai-trader-sells-onions-at-rs-12-per-kg-443770,0,not stated,,0
2011-01-04,2011-01-03,NDTV,http://www.ndtv.com/mumbai-news/mumbai-trader-sells-onions-at-rs-12-per-kg-443770,-1,not stated,,0
2012-12-22,2012-12-27,The Times of India,http://timesofindia.indiatimes.com/india/Onion-prices-80-higher-than-last-year/articleshow/17774280.cms,5,traders nexus,no,0
2012-12-23,2012-12-27,The Times of India,http://timesofindia.indiatimes.com/india/Onion-prices-80-higher-than-last-year/articleshow/17774280.cms,4,traders nexus,no,0
2012-12-24,2012-12-27,The Times of India,http://timesofindia.indiatimes.com/india/Onion-prices-80-higher-than-last-year/articleshow/17774280.cms,3,traders nexus,no,0
2012-12-25,2012-12-27,The Times of India,http://timesofindia.indiatimes.com/india/Onion-prices-80-higher-than-last-year/articleshow/17774280.cms,2,traders nexus,no,0
2012-12-26,2012-12-27,The Times of India,http://timesofindia.indiatimes.com/india/Onion-prices-80-higher-than-last-year/articleshow/17774280.cms,1,traders nexus,no,0
2012-12-27,2012-12-27,The Times of India,http://timesofindia.indiatimes.com/india/Onion-prices-80-higher-than-last-year/articleshow/17774280.cms,0,traders nexus,no,0
2012-12-28,2012-12-27,The Times of India,http://timesofindia.indiatimes.com/india/Onion-prices-80-higher-than-last-year/articleshow/17774280.cms,-1,traders nexus,no,0
2012-12-29,2012-12-27,The Times of India,http://timesofindia.indiatimes.com/india/Onion-prices-80-higher-than-last-year/articleshow/17774280.cms,-2,traders nexus,no,0
2012-12-30,2012-12-27,The Times of India,http://timesofindia.indiatimes.com/india/Onion-prices-80-higher-than-last-year/articleshow/17774280.cms,-3,traders nexus,no,0
2012-12-31,2012-12-27,The Times of India,http://timesofindia.indiatimes.com/india/Onion-prices-80-higher-than-last-year/articleshow/17774280.cms,-4,traders nexus,no,0
2013-01-01,2012-12-27,The Times of India,http://timesofindia.indiatimes.com/india/Onion-prices-80-higher-than-last-year/articleshow/17774280.cms,-5,traders nexus,no,0
2013-01-24,2013-01-22,Business Standard,http://www.business-standard.com/article/markets/onion-prices-up-sharply-on-transport-cost-113012200072_1.html,-2,traders nexus,,14
2013-01-25,2013-01-22,Business Standard,http://www.business-standard.com/article/markets/onion-prices-up-sharply-on-transport-cost-113012200072_1.html,-3,traders nexus,,14
2013-01-26,2013-01-22,Business Standard,http://www.business-standard.com/article/markets/onion-prices-up-sharply-on-transport-cost-113012200072_1.html,-4,traders nexus,,14
2013-01-27,2013-01-22,Business Standard,http://www.business-standard.com/article/markets/onion-prices-up-sharply-on-transport-cost-113012200072_1.html,-5,traders nexus,,14
2013-01-28,2013-01-25,Business Standard,http://www.business-standard.com/article/markets/minimum-export-price-for-onion-likely-113012500082_1.html,-3,low supply,no,None
2013-01-29,2013-01-25,Business Standard,http://www.business-standard.com/article/markets/minimum-export-price-for-onion-likely-113012500082_1.html,-4,low supply,no,None
2013-01-30,2013-01-25,Business Standard,http://www.business-standard.com/article/markets/minimum-export-price-for-onion-likely-113012500082_1.html,-5,low supply,no,None
2013-01-31,2013-01-30,First Post,http://www.firstpost.com/business/economy/rise-in-onion-prices-temporary-phenomenon-pawar-607494.html,-1,low production,Low production bcz of drought and speculation of low production is leading to low supply,0
2013-02-01,2013-01-30,First Post,http://www.firstpost.com/business/economy/rise-in-onion-prices-temporary-phenomenon-pawar-607494.html,-2,low production,Low production bcz of drought and speculation of low production is leading to low supply,0
2013-02-02,2013-01-30,First Post,http://www.firstpost.com/business/economy/rise-in-onion-prices-temporary-phenomenon-pawar-607494.html,-3,low production,Low production bcz of drought and speculation of low production is leading to low supply,0
2013-02-03,2013-01-30,First Post,http://www.firstpost.com/business/economy/rise-in-onion-prices-temporary-phenomenon-pawar-607494.html,-4,low production,Low production bcz of drought and speculation of low production is leading to low supply,0
2013-02-04,2013-01-30,First Post,http://www.firstpost.com/business/economy/rise-in-onion-prices-temporary-phenomenon-pawar-607494.html,-5,low production,Low production bcz of drought and speculation of low production is leading to low supply,0
2013-02-05,2013-02-02,NDTV,http://www.ndtv.com/delhi-news/onions-rs-35-a-kg-govt-may-step-in-to-control-prices-512075,-3,poor monsoon,,30
2013-02-06,2013-02-02,NDTV,http://www.ndtv.com/delhi-news/onions-rs-35-a-kg-govt-may-step-in-to-control-prices-512075,-4,poor monsoon,,30
2013-02-07,2013-02-02,NDTV,http://www.ndtv.com/delhi-news/onions-rs-35-a-kg-govt-may-step-in-to-control-prices-512075,-5,poor monsoon,,30
2013-08-07,2013-08-06,The Hindu,http://www.thehindu.com/news/cities/Delhi/onion-prices-bring-tears-yet-again/article4995124.ece,-1,low production,Even Hoaders are responsible to some extent,0
2013-08-08,2013-08-06,The Hindu,http://www.thehindu.com/news/cities/Delhi/onion-prices-bring-tears-yet-again/article4995124.ece,-2,low production,Even Hoaders are responsible to some extent,0
2013-08-09,2013-08-06,The Hindu,http://www.thehindu.com/news/cities/Delhi/onion-prices-bring-tears-yet-again/article4995124.ece,-3,low production,Even Hoaders are responsible to some extent,0
2013-08-10,2013-08-06,The Hindu,http://www.thehindu.com/news/cities/Delhi/onion-prices-bring-tears-yet-again/article4995124.ece,-4,low production,Even Hoaders are responsible to some extent,0
2013-08-11,2013-08-06,The Hindu,http://www.thehindu.com/news/cities/Delhi/onion-prices-bring-tears-yet-again/article4995124.ece,-5,low production,Even Hoaders are responsible to some extent,0
2013-08-12,2013-08-11,DNA,http://www.dnaindia.com/india/report-onion-prices-rise-to-rs-55-60kg-hike-bring-tears-in-eyes-of-people-1873151,-1,low production,,10
2013-08-13,2013-08-11,DNA,http://www.dnaindia.com/india/report-onion-prices-rise-to-rs-55-60kg-hike-bring-tears-in-eyes-of-people-1873151,-2,low production,,10
2013-08-14,2013-08-11,DNA,http://www.dnaindia.com/india/report-onion-prices-rise-to-rs-55-60kg-hike-bring-tears-in-eyes-of-people-1873151,-3,low production,,10
2013-08-15,2013-08-11,DNA,http://www.dnaindia.com/india/report-onion-prices-rise-to-rs-55-60kg-hike-bring-tears-in-eyes-of-people-1873151,-4,low production,,10
2013-08-16,2013-08-11,DNA,http://www.dnaindia.com/india/report-onion-prices-rise-to-rs-55-60kg-hike-bring-tears-in-eyes-of-people-1873151,-5,low production,,10
2013-08-17,2013-08-13,Telegraph,http://www.telegraphindia.com/1130813/jsp/odisha/story_17226115.jsp,-4,low supply,,30
2013-08-18,2013-08-13,Telegraph,http://www.telegraphindia.com/1130813/jsp/odisha/story_17226115.jsp,-5,low supply,,30
2013-08-19,2013-08-14,The Hindu,http://www.thehindu.com/news/national/cos-meeting-to-wipe-onion-tears/article5019702.ece,-5,low supply,Possiblity of hoarding highlighted clearly,0
2013-08-20,2013-08-17,The Times of India,http://timesofindia.indiatimes.com/india/Hoarding-pushing-onion-prices-up-govt-finds/articleshow/21872501.cms,-3,traders nexus,Clear signs of traders fixing the prices by creating artificial deficit in jun- july 2013,60
2013-08-21,2013-08-17,The Times of India,http://timesofindia.indiatimes.com/india/Hoarding-pushing-onion-prices-up-govt-finds/articleshow/21872501.cms,-4,traders nexus,Clear signs of traders fixing the prices by creating artificial deficit in jun- july 2013,60
2013-08-22,2013-08-17,The Times of India,http://timesofindia.indiatimes.com/india/Hoarding-pushing-onion-prices-up-govt-finds/articleshow/21872501.cms,-5,traders nexus,Clear signs of traders fixing the prices by creating artificial deficit in jun- july 2013,60
2013-08-23,2013-08-21,The Hindu,http://www.thehindu.com/business/Industry/onion-prices-jump-to-rs-80kg-again/article5044776.ece,-2,low supply,Prices hiked again,0
2013-08-24,2013-08-21,The Hindu,http://www.thehindu.com/business/Industry/onion-prices-jump-to-rs-80kg-again/article5044776.ece,-3,low supply,Prices hiked again,0
2013-08-25,2013-08-21,The Hindu,http://www.thehindu.com/business/Industry/onion-prices-jump-to-rs-80kg-again/article5044776.ece,-4,low supply,Prices hiked again,0
2013-08-26,2013-08-21,The Hindu,http://www.thehindu.com/business/Industry/onion-prices-jump-to-rs-80kg-again/article5044776.ece,-5,low supply,Prices hiked again,0
2013-08-27,2013-08-22,Money Control,http://www.moneycontrol.com/news/economy/onion-prices-shoot-back-to-rs-80kgmany-partsindia_939103.html,-5,not stated,,1
2013-08-29,2013-09-03,NDTV,http://www.ndtv.com/india-news/onion-prices-may-ease-when-south-india-crop-hits-market-government-533474,5,low supply,,0
2013-08-30,2013-09-03,NDTV,http://www.ndtv.com/india-news/onion-prices-may-ease-when-south-india-crop-hits-market-government-533474,4,low supply,,0
2013-08-31,2013-09-03,NDTV,http://www.ndtv.com/india-news/onion-prices-may-ease-when-south-india-crop-hits-market-government-533474,3,low supply,,0
2013-09-01,2013-09-03,NDTV,http://www.ndtv.com/india-news/onion-prices-may-ease-when-south-india-crop-hits-market-government-533474,2,low supply,,0
2013-09-02,2013-09-03,NDTV,http://www.ndtv.com/india-news/onion-prices-may-ease-when-south-india-crop-hits-market-government-533474,1,low supply,,0
2013-09-03,2013-09-03,NDTV,http://www.ndtv.com/india-news/onion-prices-may-ease-when-south-india-crop-hits-market-government-533474,0,low supply,,0
2013-09-04,2013-09-03,NDTV,http://www.ndtv.com/india-news/onion-prices-may-ease-when-south-india-crop-hits-market-government-533474,-1,low supply,,0
2013-09-05,2013-09-03,NDTV,http://www.ndtv.com/india-news/onion-prices-may-ease-when-south-india-crop-hits-market-government-533474,-2,low supply,,0
2013-09-08,2013-09-03,NDTV,http://www.ndtv.com/india-news/onion-prices-may-ease-when-south-india-crop-hits-market-government-533474,-5,low supply,,0
2013-09-10,2013-09-15,Business Standard,http://www.business-standard.com/article/current-affairs/imported-onion-from-egypt-hits-indian-ports-prices-to-cool-113091500607_1.html,5,low supply,,7
2013-09-11,2013-09-15,Business Standard,http://www.business-standard.com/article/current-affairs/imported-onion-from-egypt-hits-indian-ports-prices-to-cool-113091500607_1.html,4,low supply,,7
2013-09-12,2013-09-15,Business Standard,http://www.business-standard.com/article/current-affairs/imported-onion-from-egypt-hits-indian-ports-prices-to-cool-113091500607_1.html,3,low supply,,7
2013-09-13,2013-09-15,Business Standard,http://www.business-standard.com/article/current-affairs/imported-onion-from-egypt-hits-indian-ports-prices-to-cool-113091500607_1.html,2,low supply,,7
2013-09-14,2013-09-15,Business Standard,http://www.business-standard.com/article/current-affairs/imported-onion-from-egypt-hits-indian-ports-prices-to-cool-113091500607_1.html,1,low supply,,7
2013-10-05,2013-10-10,The Economic Times,http://articles.economictimes.indiatimes.com/2013-10-10/news/42903314_1_export-price-price-rise-onion-prices,5,traders nexus,,0
2013-10-06,2013-10-10,The Economic Times,http://articles.economictimes.indiatimes.com/2013-10-10/news/42903314_1_export-price-price-rise-onion-prices,4,traders nexus,,0
2013-10-07,2013-10-10,The Economic Times,http://articles.economictimes.indiatimes.com/2013-10-10/news/42903314_1_export-price-price-rise-onion-prices,3,traders nexus,,0
2013-10-08,2013-10-10,The Economic Times,http://articles.economictimes.indiatimes.com/2013-10-10/news/42903314_1_export-price-price-rise-onion-prices,2,traders nexus,,0
2013-10-09,2013-10-10,The Economic Times,http://articles.economictimes.indiatimes.com/2013-10-10/news/42903314_1_export-price-price-rise-onion-prices,1,traders nexus,,0
2013-10-10,2013-10-10,The Economic Times,http://articles.economictimes.indiatimes.com/2013-10-10/news/42903314_1_export-price-price-rise-onion-prices,0,traders nexus,,0
2013-10-11,2013-10-10,The Economic Times,http://articles.economictimes.indiatimes.com/2013-10-10/news/42903314_1_export-price-price-rise-onion-prices,-1,traders nexus,,0
2013-10-12,2013-10-10,The Economic Times,http://articles.economictimes.indiatimes.com/2013-10-10/news/42903314_1_export-price-price-rise-onion-prices,-2,traders nexus,,0
2013-10-20,2013-10-22,NDTV,http://profit.ndtv.com/news/cheat-sheet/article-why-onion-prices-are-inching-towards-rs-100-per-kg-370138,2,low supply,,0
2013-10-21,2013-10-22,NDTV,http://profit.ndtv.com/news/cheat-sheet/article-why-onion-prices-are-inching-towards-rs-100-per-kg-370138,1,low supply,,0
2013-10-22,2013-10-22,NDTV,http://profit.ndtv.com/news/cheat-sheet/article-why-onion-prices-are-inching-towards-rs-100-per-kg-370138,0,low supply,,0
2013-10-23,2013-10-22,NDTV,http://profit.ndtv.com/news/cheat-sheet/article-why-onion-prices-are-inching-towards-rs-100-per-kg-370138,-1,low supply,,0
2013-10-24,2013-10-22,NDTV,http://profit.ndtv.com/news/cheat-sheet/article-why-onion-prices-are-inching-towards-rs-100-per-kg-370138,-2,low supply,,0
2013-10-25,2013-10-22,NDTV,http://profit.ndtv.com/news/cheat-sheet/article-why-onion-prices-are-inching-towards-rs-100-per-kg-370138,-3,low supply,,0
2013-10-26,2013-10-22,NDTV,http://profit.ndtv.com/news/cheat-sheet/article-why-onion-prices-are-inching-towards-rs-100-per-kg-370138,-4,low supply,,0
2013-11-03,2013-11-04,The Hindu,http://www.thehindu.com/business/markets/govt-hikes-onion-mep-to-1150-per-tonne-to-check-prices/article5313950.ece,1,low supply,,30
2013-11-04,2013-11-04,The Hindu,http://www.thehindu.com/business/markets/govt-hikes-onion-mep-to-1150-per-tonne-to-check-prices/article5313950.ece,0,low supply,,30
2013-11-05,2013-11-04,The Hindu,http://www.thehindu.com/business/markets/govt-hikes-onion-mep-to-1150-per-tonne-to-check-prices/article5313950.ece,-1,low supply,,30
2013-11-06,2013-11-04,The Hindu,http://www.thehindu.com/business/markets/govt-hikes-onion-mep-to-1150-per-tonne-to-check-prices/article5313950.ece,-2,low supply,,30
2013-11-07,2013-11-04,The Hindu,http://www.thehindu.com/business/markets/govt-hikes-onion-mep-to-1150-per-tonne-to-check-prices/article5313950.ece,-3,low supply,,30
2013-11-08,2013-11-04,The Hindu,http://www.thehindu.com/business/markets/govt-hikes-onion-mep-to-1150-per-tonne-to-check-prices/article5313950.ece,-4,low supply,,30
2013-11-09,2013-11-04,The Hindu,http://www.thehindu.com/business/markets/govt-hikes-onion-mep-to-1150-per-tonne-to-check-prices/article5313950.ece,-5,low supply,,30
2013-11-10,2013-11-06,The Hindu,http://www.thehindu.com/business/Industry/after-onions-tomato-prices-soar/article5317582.ece,-4,Increased prices of onion,,0
2013-11-11,2013-11-06,The Hindu,http://www.thehindu.com/business/Industry/after-onions-tomato-prices-soar/article5317582.ece,-5,Increased prices of onion,,0
2013-11-12,2013-11-13,The Times of India,http://timesofindia.indiatimes.com/india/No-let-up-in-prices-of-onion-potato-tomato/articleshow/25664320.cms,1,traders nexus,,12
2013-11-13,2013-11-13,The Times of India,http://timesofindia.indiatimes.com/india/No-let-up-in-prices-of-onion-potato-tomato/articleshow/25664320.cms,0,traders nexus,,12
2013-11-14,2013-11-13,The Times of India,http://timesofindia.indiatimes.com/india/No-let-up-in-prices-of-onion-potato-tomato/articleshow/25664320.cms,-1,traders nexus,,12
2013-11-15,2013-11-13,The Times of India,http://timesofindia.indiatimes.com/india/No-let-up-in-prices-of-onion-potato-tomato/articleshow/25664320.cms,-2,traders nexus,,12
2013-11-16,2013-11-13,The Times of India,http://timesofindia.indiatimes.com/india/No-let-up-in-prices-of-onion-potato-tomato/articleshow/25664320.cms,-3,traders nexus,,12
2013-11-17,2013-11-13,The Times of India,http://timesofindia.indiatimes.com/india/No-let-up-in-prices-of-onion-potato-tomato/articleshow/25664320.cms,-4,traders nexus,,12
2013-11-18,2013-11-13,The Times of India,http://timesofindia.indiatimes.com/india/No-let-up-in-prices-of-onion-potato-tomato/articleshow/25664320.cms,-5,traders nexus,,12
2013-11-19,2013-11-15,The Times of India,http://timesofindia.indiatimes.com/business/india-business/Onion-prices-up-278-tomato-122-in-one-year/articleshow/25780005.cms,-4,not stated,,365
2013-11-20,2013-11-15,The Times of India,http://timesofindia.indiatimes.com/business/india-business/Onion-prices-up-278-tomato-122-in-one-year/articleshow/25780005.cms,-5,not stated,,365
2013-11-21,2013-11-19,First Post,http://www.firstpost.com/politics/onion-tomato-price-hoardings-to-malign-party-cong-writes-to-ec-1238589.html,-2,traders nexus,,0
2013-11-22,2013-11-19,First Post,http://www.firstpost.com/politics/onion-tomato-price-hoardings-to-malign-party-cong-writes-to-ec-1238589.html,-3,traders nexus,,0
2013-11-23,2013-11-19,First Post,http://www.firstpost.com/politics/onion-tomato-price-hoardings-to-malign-party-cong-writes-to-ec-1238589.html,-4,traders nexus,,0
2013-12-08,2013-12-13,The Economic Times,http://articles.economictimes.indiatimes.com/2015-09-11/news/66434886_1_lasalgaon-apmc-onion-prices-onion-exporters-association,5,not stated,no,None
2013-12-09,2013-12-13,The Economic Times,http://articles.economictimes.indiatimes.com/2015-09-11/news/66434886_1_lasalgaon-apmc-onion-prices-onion-exporters-association,4,not stated,no,None
2013-12-10,2013-12-13,The Economic Times,http://articles.economictimes.indiatimes.com/2015-09-11/news/66434886_1_lasalgaon-apmc-onion-prices-onion-exporters-association,3,not stated,no,None
2013-12-11,2013-12-13,The Economic Times,http://articles.economictimes.indiatimes.com/2015-09-11/news/66434886_1_lasalgaon-apmc-onion-prices-onion-exporters-association,2,not stated,no,None
2013-12-12,2013-12-13,The Economic Times,http://articles.economictimes.indiatimes.com/2015-09-11/news/66434886_1_lasalgaon-apmc-onion-prices-onion-exporters-association,1,not stated,no,None
2013-12-13,2013-12-13,The Economic Times,http://articles.economictimes.indiatimes.com/2015-09-11/news/66434886_1_lasalgaon-apmc-onion-prices-onion-exporters-association,0,not stated,no,None
2013-12-14,2013-12-13,The Economic Times,http://articles.economictimes.indiatimes.com/2015-09-11/news/66434886_1_lasalgaon-apmc-onion-prices-onion-exporters-association,-1,not stated,no,None
2013-12-15,2013-12-13,The Economic Times,http://articles.economictimes.indiatimes.com/2015-09-11/news/66434886_1_lasalgaon-apmc-onion-prices-onion-exporters-association,-2,not stated,no,None
2013-12-16,2013-12-13,The Economic Times,http://articles.economictimes.indiatimes.com/2015-09-11/news/66434886_1_lasalgaon-apmc-onion-prices-onion-exporters-association,-3,not stated,no,None
2013-12-17,2013-12-13,The Economic Times,http://articles.economictimes.indiatimes.com/2015-09-11/news/66434886_1_lasalgaon-apmc-onion-prices-onion-exporters-association,-4,not stated,no,None
2013-12-18,2013-12-13,The Economic Times,http://articles.economictimes.indiatimes.com/2015-09-11/news/66434886_1_lasalgaon-apmc-onion-prices-onion-exporters-association,-5,not stated,no,None
2014-04-13,2014-04-18,The Economic Times,http://timesofindia.indiatimes.com/india/Onion-prices-rise-about-40-in-a-week/articleshow/33877660.cms,5,unseasonal rainfall,no,None
2014-04-14,2014-04-18,The Economic Times,http://timesofindia.indiatimes.com/india/Onion-prices-rise-about-40-in-a-week/articleshow/33877660.cms,4,unseasonal rainfall,no,None
2014-04-15,2014-04-18,The Economic Times,http://timesofindia.indiatimes.com/india/Onion-prices-rise-about-40-in-a-week/articleshow/33877660.cms,3,unseasonal rainfall,no,None
2014-04-16,2014-04-18,The Economic Times,http://timesofindia.indiatimes.com/india/Onion-prices-rise-about-40-in-a-week/articleshow/33877660.cms,2,unseasonal rainfall,no,None
2014-04-17,2014-04-18,The Economic Times,http://timesofindia.indiatimes.com/india/Onion-prices-rise-about-40-in-a-week/articleshow/33877660.cms,1,unseasonal rainfall,no,None
2014-04-18,2014-04-18,The Economic Times,http://timesofindia.indiatimes.com/india/Onion-prices-rise-about-40-in-a-week/articleshow/33877660.cms,0,unseasonal rainfall,no,None
2014-04-19,2014-04-18,The Economic Times,http://timesofindia.indiatimes.com/india/Onion-prices-rise-about-40-in-a-week/articleshow/33877660.cms,-1,unseasonal rainfall,no,None
2014-04-20,2014-04-18,The Economic Times,http://timesofindia.indiatimes.com/india/Onion-prices-rise-about-40-in-a-week/articleshow/33877660.cms,-2,unseasonal rainfall,no,None
2014-04-21,2014-04-18,The Economic Times,http://timesofindia.indiatimes.com/india/Onion-prices-rise-about-40-in-a-week/articleshow/33877660.cms,-3,unseasonal rainfall,no,None
2014-04-22,2014-04-18,The Economic Times,http://timesofindia.indiatimes.com/india/Onion-prices-rise-about-40-in-a-week/articleshow/33877660.cms,-4,unseasonal rainfall,no,None
2014-04-23,2014-04-18,The Economic Times,http://timesofindia.indiatimes.com/india/Onion-prices-rise-about-40-in-a-week/articleshow/33877660.cms,-5,unseasonal rainfall,no,None
2014-05-07,2014-05-12,Business Standard,http://www.business-standard.com/article/markets/onion-spot-prices-soar-31-in-2-days-likely-to-stay-high-114051200815_1.html,5,unseasonal rainfall,,2
2014-05-08,2014-05-12,Business Standard,http://www.business-standard.com/article/markets/onion-spot-prices-soar-31-in-2-days-likely-to-stay-high-114051200815_1.html,4,unseasonal rainfall,,2
2014-05-09,2014-05-12,Business Standard,http://www.business-standard.com/article/markets/onion-spot-prices-soar-31-in-2-days-likely-to-stay-high-114051200815_1.html,3,unseasonal rainfall,,2
2014-05-10,2014-05-12,Business Standard,http://www.business-standard.com/article/markets/onion-spot-prices-soar-31-in-2-days-likely-to-stay-high-114051200815_1.html,2,unseasonal rainfall,,2
2014-05-11,2014-05-12,Business Standard,http://www.business-standard.com/article/markets/onion-spot-prices-soar-31-in-2-days-likely-to-stay-high-114051200815_1.html,1,unseasonal rainfall,,2
2014-05-12,2014-05-12,Business Standard,http://www.business-standard.com/article/markets/onion-spot-prices-soar-31-in-2-days-likely-to-stay-high-114051200815_1.html,0,unseasonal rainfall,,2
2014-05-13,2014-05-12,Business Standard,http://www.business-standard.com/article/markets/onion-spot-prices-soar-31-in-2-days-likely-to-stay-high-114051200815_1.html,-1,unseasonal rainfall,,2
2014-05-14,2014-05-12,Business Standard,http://www.business-standard.com/article/markets/onion-spot-prices-soar-31-in-2-days-likely-to-stay-high-114051200815_1.html,-2,unseasonal rainfall,,2
2014-05-15,2014-05-12,Business Standard,http://www.business-standard.com/article/markets/onion-spot-prices-soar-31-in-2-days-likely-to-stay-high-114051200815_1.html,-3,unseasonal rainfall,,2
2014-05-16,2014-05-12,Business Standard,http://www.business-standard.com/article/markets/onion-spot-prices-soar-31-in-2-days-likely-to-stay-high-114051200815_1.html,-4,unseasonal rainfall,,2
2014-05-17,2014-05-12,Business Standard,http://www.business-standard.com/article/markets/onion-spot-prices-soar-31-in-2-days-likely-to-stay-high-114051200815_1.html,-5,unseasonal rainfall,,2
2014-06-06,2014-06-11,The Times of India,http://timesofindia.indiatimes.com/business/india-business/Food-prices-soar-on-speculation-over-delayed-monsoon-rains/articleshow/36367024.cms,5,speculation of weak monsoon,,15
2014-06-07,2014-06-11,The Times of India,http://timesofindia.indiatimes.com/business/india-business/Food-prices-soar-on-speculation-over-delayed-monsoon-rains/articleshow/36367024.cms,4,speculation of weak monsoon,,15
2014-06-08,2014-06-11,The Times of India,http://timesofindia.indiatimes.com/business/india-business/Food-prices-soar-on-speculation-over-delayed-monsoon-rains/articleshow/36367024.cms,3,speculation of weak monsoon,,15
2014-06-09,2014-06-11,The Times of India,http://timesofindia.indiatimes.com/business/india-business/Food-prices-soar-on-speculation-over-delayed-monsoon-rains/articleshow/36367024.cms,2,speculation of weak monsoon,,15
2014-06-10,2014-06-11,The Times of India,http://timesofindia.indiatimes.com/business/india-business/Food-prices-soar-on-speculation-over-delayed-monsoon-rains/articleshow/36367024.cms,1,speculation of weak monsoon,,15
2014-06-11,2014-06-11,The Times of India,http://timesofindia.indiatimes.com/business/india-business/Food-prices-soar-on-speculation-over-delayed-monsoon-rains/articleshow/36367024.cms,0,speculation of weak monsoon,,15
2014-06-12,2014-06-11,The Times of India,http://timesofindia.indiatimes.com/business/india-business/Food-prices-soar-on-speculation-over-delayed-monsoon-rains/articleshow/36367024.cms,-1,speculation of weak monsoon,,15
2014-06-13,2014-06-11,The Times of India,http://timesofindia.indiatimes.com/business/india-business/Food-prices-soar-on-speculation-over-delayed-monsoon-rains/articleshow/36367024.cms,-2,speculation of weak monsoon,,15
2014-06-14,2014-06-11,The Times of India,http://timesofindia.indiatimes.com/business/india-business/Food-prices-soar-on-speculation-over-delayed-monsoon-rains/articleshow/36367024.cms,-3,speculation of weak monsoon,,15
2014-06-15,2014-06-11,The Times of India,http://timesofindia.indiatimes.com/business/india-business/Food-prices-soar-on-speculation-over-delayed-monsoon-rains/articleshow/36367024.cms,-4,speculation of weak monsoon,,15
2014-06-16,2014-06-11,The Times of India,http://timesofindia.indiatimes.com/business/india-business/Food-prices-soar-on-speculation-over-delayed-monsoon-rains/articleshow/36367024.cms,-5,speculation of weak monsoon,,15
2014-06-17,2014-06-13,Business Standard,http://www.business-standard.com/article/economy-policy/onion-prices-show-mixed-signals-114061301168_1.html,-4,not stated,normal trend,None
2014-06-18,2014-06-13,Business Standard,http://www.business-standard.com/article/economy-policy/onion-prices-show-mixed-signals-114061301168_1.html,-5,not stated,normal trend,None
2014-06-19,2014-06-18,Business Standard,http://www.business-standard.com/article/economy-policy/govt-initiates-steps-to-cool-food-prices-114061800097_1.html,-1,not stated,,19
2014-06-20,2014-06-18,Business Standard,http://www.business-standard.com/article/economy-policy/govt-initiates-steps-to-cool-food-prices-114061800097_1.html,-2,not stated,,19
2014-06-21,2014-06-18,Business Standard,http://www.business-standard.com/article/economy-policy/govt-initiates-steps-to-cool-food-prices-114061800097_1.html,-3,not stated,,19
2014-06-22,2014-06-18,Business Standard,http://www.business-standard.com/article/economy-policy/govt-initiates-steps-to-cool-food-prices-114061800097_1.html,-4,not stated,,19
2014-06-23,2014-06-18,Business Standard,http://www.business-standard.com/article/economy-policy/govt-initiates-steps-to-cool-food-prices-114061800097_1.html,-5,not stated,,19
2014-06-24,2014-06-19,Business Standard,http://www.business-standard.com/article/markets/kharif-sowing-of-onion-delayed-as-rains-elude-114061900452_1.html,-5,not stated,,79
2014-06-25,2014-06-20,The Times of India,http://timesofindia.indiatimes.com/business/india-business/Despite-record-onion-yield-prices-shoot-up/articleshow/36853238.cms,-5,traders nexus,,15
2014-06-26,2014-06-23,Business Standard,http://www.business-standard.com/article/markets/onion-price-may-escalate-further-in-coming-days-114062301190_1.html,-3,unseasonal rainfall,,26
2014-06-27,2014-06-23,Business Standard,http://www.business-standard.com/article/markets/onion-price-may-escalate-further-in-coming-days-114062301190_1.html,-4,unseasonal rainfall,,26
2014-06-28,2014-06-23,Business Standard,http://www.business-standard.com/article/markets/onion-price-may-escalate-further-in-coming-days-114062301190_1.html,-5,unseasonal rainfall,,26
2014-06-29,2014-06-30,The Times of India,http://timesofindia.indiatimes.com/india/Retail-onion-prices-soar-to-double-of-wholesale-rates/articleshow/37490678.cms,1,traders nexus,,0
(4U5) Result:::
Date
News Data
Start Date, End Date,News Source,Link,Days,Reason,Comment,Days Reported
(1 U 2 U 3) ^ (4 U 5) Result:::
Date
News Data
Start Date, End Date,News Source,Link,Days,Reason,Comment,Days Reported
Retail vs Arrival data
Slope Result:::
Date,Value
2006-01-15 00:00:00,-4.37581146476
2006-01-16 00:00:00,-4.37581146476
2006-01-17 00:00:00,-4.37581146476
2006-01-18 00:00:00,-4.37581146476
2006-01-19 00:00:00,-4.37581146476
2006-01-20 00:00:00,-4.37581146476
2006-01-21 00:00:00,-4.37581146476
2006-05-21 00:00:00,-1.58104843459
2006-05-22 00:00:00,-1.58104843459
2006-05-23 00:00:00,-1.58104843459
2006-05-24 00:00:00,-1.58104843459
2006-05-25 00:00:00,-1.58104843459
2006-05-26 00:00:00,-1.58104843459
2006-05-27 00:00:00,-1.58104843459
2006-07-09 00:00:00,-4.64879688386
2006-07-10 00:00:00,-4.64879688386
2006-07-11 00:00:00,-4.64879688386
2006-07-12 00:00:00,-4.64879688386
2006-07-13 00:00:00,-4.64879688386
2006-07-14 00:00:00,-4.64879688386
2006-07-15 00:00:00,-4.64879688386
2006-10-01 00:00:00,-1.66616782504
2006-10-02 00:00:00,-1.66616782504
2006-10-03 00:00:00,-1.66616782504
2006-10-04 00:00:00,-1.66616782504
2006-10-05 00:00:00,-1.66616782504
2006-10-06 00:00:00,-1.66616782504
2006-10-07 00:00:00,-1.66616782504
2006-11-12 00:00:00,-1.13960138626
2006-11-13 00:00:00,-1.13960138626
2006-11-14 00:00:00,-1.13960138626
2006-11-15 00:00:00,-1.13960138626
2006-11-16 00:00:00,-1.13960138626
2006-11-17 00:00:00,-1.13960138626
2006-11-18 00:00:00,-1.13960138626
2007-01-14 00:00:00,-18.7932518481
2007-01-15 00:00:00,-18.7932518481
2007-01-16 00:00:00,-18.7932518481
2007-01-17 00:00:00,-18.7932518481
2007-01-18 00:00:00,-18.7932518481
2007-01-19 00:00:00,-18.7932518481
2007-01-20 00:00:00,-18.7932518481
2007-05-06 00:00:00,-1.38667551791
2007-05-07 00:00:00,-1.38667551791
2007-05-08 00:00:00,-1.38667551791
2007-05-09 00:00:00,-1.38667551791
2007-05-10 00:00:00,-1.38667551791
2007-05-11 00:00:00,-1.38667551791
2007-05-12 00:00:00,-1.38667551791
2007-06-17 00:00:00,-4.13614632878
2007-06-18 00:00:00,-4.13614632878
2007-06-19 00:00:00,-4.13614632878
2007-06-20 00:00:00,-4.13614632878
2007-06-21 00:00:00,-4.13614632878
2007-06-22 00:00:00,-4.13614632878
2007-06-23 00:00:00,-4.13614632878
2007-07-15 00:00:00,-2.23541915409
2007-07-16 00:00:00,-2.23541915409
2007-07-17 00:00:00,-2.23541915409
2007-07-18 00:00:00,-2.23541915409
2007-07-19 00:00:00,-2.23541915409
2007-07-20 00:00:00,-2.23541915409
2007-07-21 00:00:00,-2.23541915409
2007-08-19 00:00:00,-1.1052891821
2007-08-20 00:00:00,-1.1052891821
2007-08-21 00:00:00,-1.1052891821
2007-08-22 00:00:00,-1.1052891821
2007-08-23 00:00:00,-1.1052891821
2007-08-24 00:00:00,-1.1052891821
2007-08-25 00:00:00,-1.1052891821
2007-08-26 00:00:00,-1.1052891821
2007-08-27 00:00:00,-1.1052891821
2007-08-28 00:00:00,-1.1052891821
2007-08-29 00:00:00,-1.1052891821
2007-08-30 00:00:00,-1.1052891821
2007-08-31 00:00:00,-1.1052891821
2007-09-01 00:00:00,-1.1052891821
2007-09-02 00:00:00,-1.1052891821
2007-09-03 00:00:00,-1.1052891821
2007-09-04 00:00:00,-1.1052891821
2007-09-05 00:00:00,-1.1052891821
2007-09-06 00:00:00,-1.1052891821
2007-09-07 00:00:00,-1.1052891821
2007-09-08 00:00:00,-1.1052891821
2007-09-09 00:00:00,-1.1052891821
2007-09-10 00:00:00,-1.1052891821
2007-09-11 00:00:00,-1.1052891821
2007-09-12 00:00:00,-1.1052891821
2007-09-13 00:00:00,-1.1052891821
2007-09-14 00:00:00,-1.1052891821
2007-09-15 00:00:00,-1.1052891821
2007-09-16 00:00:00,-1.1052891821
2007-09-17 00:00:00,-1.1052891821
2007-09-18 00:00:00,-1.1052891821
2007-09-19 00:00:00,-1.1052891821
2007-09-20 00:00:00,-1.1052891821
2007-09-21 00:00:00,-1.1052891821
2007-09-22 00:00:00,-1.1052891821
2008-02-17 00:00:00,-3.20449598766
2008-02-18 00:00:00,-3.20449598766
2008-02-19 00:00:00,-3.20449598766
2008-02-20 00:00:00,-3.20449598766
2008-02-21 00:00:00,-3.20449598766
2008-02-22 00:00:00,-3.20449598766
2008-02-23 00:00:00,-3.20449598766
2008-07-27 00:00:00,-1.3522817132
2008-07-28 00:00:00,-1.3522817132
2008-07-29 00:00:00,-1.3522817132
2008-07-30 00:00:00,-1.3522817132
2008-07-31 00:00:00,-1.3522817132
2008-08-01 00:00:00,-1.3522817132
2008-08-02 00:00:00,-1.3522817132
2008-11-23 00:00:00,-2.75020105354
2008-11-24 00:00:00,-2.75020105354
2008-11-25 00:00:00,-2.75020105354
2008-11-26 00:00:00,-2.75020105354
2008-11-27 00:00:00,-2.75020105354
2008-11-28 00:00:00,-2.75020105354
2008-11-29 00:00:00,-2.75020105354
2008-11-30 00:00:00,-2.75020105354
2008-12-01 00:00:00,-2.75020105354
2008-12-02 00:00:00,-2.75020105354
2008-12-03 00:00:00,-2.75020105354
2008-12-04 00:00:00,-2.75020105354
2008-12-05 00:00:00,-2.75020105354
2008-12-06 00:00:00,-2.75020105354
2009-03-22 00:00:00,-1.08582596774
2009-03-23 00:00:00,-1.08582596774
2009-03-24 00:00:00,-1.08582596774
2009-03-25 00:00:00,-1.08582596774
2009-03-26 00:00:00,-1.08582596774
2009-03-27 00:00:00,-1.08582596774
2009-03-28 00:00:00,-1.08582596774
2009-06-14 00:00:00,-2.07864610687
2009-06-15 00:00:00,-2.07864610687
2009-06-16 00:00:00,-2.07864610687
2009-06-17 00:00:00,-2.07864610687
2009-06-18 00:00:00,-2.07864610687
2009-06-19 00:00:00,-2.07864610687
2009-06-20 00:00:00,-2.07864610687
2009-07-19 00:00:00,-5.53554064807
2009-07-20 00:00:00,-5.53554064807
2009-07-21 00:00:00,-5.53554064807
2009-07-22 00:00:00,-5.53554064807
2009-07-23 00:00:00,-5.53554064807
2009-07-24 00:00:00,-5.53554064807
2009-07-25 00:00:00,-5.53554064807
2009-11-01 00:00:00,-3.82397642506
2009-11-02 00:00:00,-3.82397642506
2009-11-03 00:00:00,-3.82397642506
2009-11-04 00:00:00,-3.82397642506
2009-11-05 00:00:00,-3.82397642506
2009-11-06 00:00:00,-3.82397642506
2009-11-07 00:00:00,-3.82397642506
2010-09-19 00:00:00,-2.95190237537
2010-09-20 00:00:00,-2.95190237537
2010-09-21 00:00:00,-2.95190237537
2010-09-22 00:00:00,-2.95190237537
2010-09-23 00:00:00,-2.95190237537
2010-09-24 00:00:00,-2.95190237537
2010-09-25 00:00:00,-2.95190237537
2010-09-26 00:00:00,-2.95190237537
2010-09-27 00:00:00,-2.95190237537
2010-09-28 00:00:00,-2.95190237537
2010-09-29 00:00:00,-2.95190237537
2010-09-30 00:00:00,-2.95190237537
2010-10-01 00:00:00,-2.95190237537
2010-10-02 00:00:00,-2.95190237537
2010-10-03 00:00:00,-2.95190237537
2010-10-04 00:00:00,-2.95190237537
2010-10-05 00:00:00,-2.95190237537
2010-10-06 00:00:00,-2.95190237537
2010-10-07 00:00:00,-2.95190237537
2010-10-08 00:00:00,-2.95190237537
2010-10-09 00:00:00,-2.95190237537
2010-11-21 00:00:00,-7.04373859223
2010-11-22 00:00:00,-7.04373859223
2010-11-23 00:00:00,-7.04373859223
2010-11-24 00:00:00,-7.04373859223
2010-11-25 00:00:00,-7.04373859223
2010-11-26 00:00:00,-7.04373859223
2010-11-27 00:00:00,-7.04373859223
2010-12-12 00:00:00,-1.46458964202
2010-12-13 00:00:00,-1.46458964202
2010-12-14 00:00:00,-1.46458964202
2010-12-15 00:00:00,-1.46458964202
2010-12-16 00:00:00,-1.46458964202
2010-12-17 00:00:00,-1.46458964202
2010-12-18 00:00:00,-1.46458964202
2010-12-19 00:00:00,-1.46458964202
2010-12-20 00:00:00,-1.46458964202
2010-12-21 00:00:00,-1.46458964202
2010-12-22 00:00:00,-1.46458964202
2010-12-23 00:00:00,-1.46458964202
2010-12-24 00:00:00,-1.46458964202
2010-12-25 00:00:00,-1.46458964202
2010-12-26 00:00:00,-1.46458964202
2010-12-27 00:00:00,-1.46458964202
2010-12-28 00:00:00,-1.46458964202
2010-12-29 00:00:00,-1.46458964202
2010-12-30 00:00:00,-1.46458964202
2010-12-31 00:00:00,-1.46458964202
2011-01-01 00:00:00,-1.46458964202
2011-02-13 00:00:00,-2.52923235316
2011-02-14 00:00:00,-2.52923235316
2011-02-15 00:00:00,-2.52923235316
2011-02-16 00:00:00,-2.52923235316
2011-02-17 00:00:00,-2.52923235316
2011-02-18 00:00:00,-2.52923235316
2011-02-19 00:00:00,-2.52923235316
2011-03-06 00:00:00,-4.77321984411
2011-03-07 00:00:00,-4.77321984411
2011-03-08 00:00:00,-4.77321984411
2011-03-09 00:00:00,-4.77321984411
2011-03-10 00:00:00,-4.77321984411
2011-03-11 00:00:00,-4.77321984411
2011-03-12 00:00:00,-4.77321984411
2011-03-13 00:00:00,-4.77321984411
2011-03-14 00:00:00,-4.77321984411
2011-03-15 00:00:00,-4.77321984411
2011-03-16 00:00:00,-4.77321984411
2011-03-17 00:00:00,-4.77321984411
2011-03-18 00:00:00,-4.77321984411
2011-03-19 00:00:00,-4.77321984411
2011-05-08 00:00:00,-1.67060559723
2011-05-09 00:00:00,-1.67060559723
2011-05-10 00:00:00,-1.67060559723
2011-05-11 00:00:00,-1.67060559723
2011-05-12 00:00:00,-1.67060559723
2011-05-13 00:00:00,-1.67060559723
2011-05-14 00:00:00,-1.67060559723
2011-07-10 00:00:00,-5.63658305431
2011-07-11 00:00:00,-5.63658305431
2011-07-12 00:00:00,-5.63658305431
2011-07-13 00:00:00,-5.63658305431
2011-07-14 00:00:00,-5.63658305431
2011-07-15 00:00:00,-5.63658305431
2011-07-16 00:00:00,-5.63658305431
2012-01-29 00:00:00,-1.07308598246
2012-01-30 00:00:00,-1.07308598246
2012-01-31 00:00:00,-1.07308598246
2012-02-01 00:00:00,-1.07308598246
2012-02-02 00:00:00,-1.07308598246
2012-02-03 00:00:00,-1.07308598246
2012-02-04 00:00:00,-1.07308598246
2012-02-12 00:00:00,-4.65106019281
2012-02-13 00:00:00,-4.65106019281
2012-02-14 00:00:00,-4.65106019281
2012-02-15 00:00:00,-4.65106019281
2012-02-16 00:00:00,-4.65106019281
2012-02-17 00:00:00,-4.65106019281
2012-02-18 00:00:00,-4.65106019281
2012-02-19 00:00:00,-4.65106019281
2012-02-20 00:00:00,-4.65106019281
2012-02-21 00:00:00,-4.65106019281
2012-02-22 00:00:00,-4.65106019281
2012-02-23 00:00:00,-4.65106019281
2012-02-24 00:00:00,-4.65106019281
2012-02-25 00:00:00,-4.65106019281
2012-04-22 00:00:00,-1.15790003745
2012-04-23 00:00:00,-1.15790003745
2012-04-24 00:00:00,-1.15790003745
2012-04-25 00:00:00,-1.15790003745
2012-04-26 00:00:00,-1.15790003745
2012-04-27 00:00:00,-1.15790003745
2012-04-28 00:00:00,-1.15790003745
2012-05-27 00:00:00,-1.25327959014
2012-05-28 00:00:00,-1.25327959014
2012-05-29 00:00:00,-1.25327959014
2012-05-30 00:00:00,-1.25327959014
2012-05-31 00:00:00,-1.25327959014
2012-06-01 00:00:00,-1.25327959014
2012-06-02 00:00:00,-1.25327959014
2012-06-24 00:00:00,-4.58973790513
2012-06-25 00:00:00,-4.58973790513
2012-06-26 00:00:00,-4.58973790513
2012-06-27 00:00:00,-4.58973790513
2012-06-28 00:00:00,-4.58973790513
2012-06-29 00:00:00,-4.58973790513
2012-06-30 00:00:00,-4.58973790513
2012-07-01 00:00:00,-4.58973790513
2012-07-02 00:00:00,-4.58973790513
2012-07-03 00:00:00,-4.58973790513
2012-07-04 00:00:00,-4.58973790513
2012-07-05 00:00:00,-4.58973790513
2012-07-06 00:00:00,-4.58973790513
2012-07-07 00:00:00,-4.58973790513
2012-07-15 00:00:00,-4.55477708496
2012-07-16 00:00:00,-4.55477708496
2012-07-17 00:00:00,-4.55477708496
2012-07-18 00:00:00,-4.55477708496
2012-07-19 00:00:00,-4.55477708496
2012-07-20 00:00:00,-4.55477708496
2012-07-21 00:00:00,-4.55477708496
2012-08-05 00:00:00,-30.1641212829
2012-08-06 00:00:00,-30.1641212829
2012-08-07 00:00:00,-30.1641212829
2012-08-08 00:00:00,-30.1641212829
2012-08-09 00:00:00,-30.1641212829
2012-08-10 00:00:00,-30.1641212829
2012-08-11 00:00:00,-30.1641212829
2012-08-26 00:00:00,-3.68634636054
2012-08-27 00:00:00,-3.68634636054
2012-08-28 00:00:00,-3.68634636054
2012-08-29 00:00:00,-3.68634636054
2012-08-30 00:00:00,-3.68634636054
2012-08-31 00:00:00,-3.68634636054
2012-09-01 00:00:00,-3.68634636054
2012-10-28 00:00:00,-2.57392076386
2012-10-29 00:00:00,-2.57392076386
2012-10-30 00:00:00,-2.57392076386
2012-10-31 00:00:00,-2.57392076386
2012-11-01 00:00:00,-2.57392076386
2012-11-02 00:00:00,-2.57392076386
2012-11-03 00:00:00,-2.57392076386
2013-02-24 00:00:00,-1.90965308881
2013-02-25 00:00:00,-1.90965308881
2013-02-26 00:00:00,-1.90965308881
2013-02-27 00:00:00,-1.90965308881
2013-02-28 00:00:00,-1.90965308881
2013-03-01 00:00:00,-1.90965308881
2013-03-02 00:00:00,-1.90965308881
2013-04-07 00:00:00,-2.64553474888
2013-04-08 00:00:00,-2.64553474888
2013-04-09 00:00:00,-2.64553474888
2013-04-10 00:00:00,-2.64553474888
2013-04-11 00:00:00,-2.64553474888
2013-04-12 00:00:00,-2.64553474888
2013-04-13 00:00:00,-2.64553474888
2013-05-12 00:00:00,-10.2435184737
2013-05-13 00:00:00,-10.2435184737
2013-05-14 00:00:00,-10.2435184737
2013-05-15 00:00:00,-10.2435184737
2013-05-16 00:00:00,-10.2435184737
2013-05-17 00:00:00,-10.2435184737
2013-05-18 00:00:00,-10.2435184737
2013-05-26 00:00:00,-1.46872507877
2013-05-27 00:00:00,-1.46872507877
2013-05-28 00:00:00,-1.46872507877
2013-05-29 00:00:00,-1.46872507877
2013-05-30 00:00:00,-1.46872507877
2013-05-31 00:00:00,-1.46872507877
2013-06-01 00:00:00,-1.46872507877
2013-06-02 00:00:00,-1.46872507877
2013-06-03 00:00:00,-1.46872507877
2013-06-04 00:00:00,-1.46872507877
2013-06-05 00:00:00,-1.46872507877
2013-06-06 00:00:00,-1.46872507877
2013-06-07 00:00:00,-1.46872507877
2013-06-08 00:00:00,-1.46872507877
2013-09-22 00:00:00,-2.91675704947
2013-09-23 00:00:00,-2.91675704947
2013-09-24 00:00:00,-2.91675704947
2013-09-25 00:00:00,-2.91675704947
2013-09-26 00:00:00,-2.91675704947
2013-09-27 00:00:00,-2.91675704947
2013-09-28 00:00:00,-2.91675704947
2013-10-06 00:00:00,-1.65767905768
2013-10-07 00:00:00,-1.65767905768
2013-10-08 00:00:00,-1.65767905768
2013-10-09 00:00:00,-1.65767905768
2013-10-10 00:00:00,-1.65767905768
2013-10-11 00:00:00,-1.65767905768
2013-10-12 00:00:00,-1.65767905768
2013-12-22 00:00:00,-1.2609156812
2013-12-23 00:00:00,-1.2609156812
2013-12-24 00:00:00,-1.2609156812
2013-12-25 00:00:00,-1.2609156812
2013-12-26 00:00:00,-1.2609156812
2013-12-27 00:00:00,-1.2609156812
2013-12-28 00:00:00,-1.2609156812
2013-12-29 00:00:00,-1.2609156812
2013-12-30 00:00:00,-1.2609156812
2013-12-31 00:00:00,-1.2609156812
2014-01-01 00:00:00,-1.2609156812
2014-01-02 00:00:00,-1.2609156812
2014-01-03 00:00:00,-1.2609156812
2014-01-04 00:00:00,-1.2609156812
2014-01-19 00:00:00,-1.59554615325
2014-01-20 00:00:00,-1.59554615325
2014-01-21 00:00:00,-1.59554615325
2014-01-22 00:00:00,-1.59554615325
2014-01-23 00:00:00,-1.59554615325
2014-01-24 00:00:00,-1.59554615325
2014-01-25 00:00:00,-1.59554615325
2014-05-11 00:00:00,-4.50863645353
2014-05-12 00:00:00,-4.50863645353
2014-05-13 00:00:00,-4.50863645353
2014-05-14 00:00:00,-4.50863645353
2014-05-15 00:00:00,-4.50863645353
2014-05-16 00:00:00,-4.50863645353
2014-05-17 00:00:00,-4.50863645353
2014-05-25 00:00:00,-1.38142906516
2014-05-26 00:00:00,-1.38142906516
2014-05-27 00:00:00,-1.38142906516
2014-05-28 00:00:00,-1.38142906516
2014-05-29 00:00:00,-1.38142906516
2014-05-30 00:00:00,-1.38142906516
2014-05-31 00:00:00,-1.38142906516
2014-07-06 00:00:00,-1.28382222286
2014-07-07 00:00:00,-1.28382222286
2014-07-08 00:00:00,-1.28382222286
2014-07-09 00:00:00,-1.28382222286
2014-07-10 00:00:00,-1.28382222286
2014-07-11 00:00:00,-1.28382222286
2014-07-12 00:00:00,-1.28382222286
2014-10-12 00:00:00,-1.71460350825
2014-10-13 00:00:00,-1.71460350825
2014-10-14 00:00:00,-1.71460350825
2014-10-15 00:00:00,-1.71460350825
2014-10-16 00:00:00,-1.71460350825
2014-10-17 00:00:00,-1.71460350825
2014-10-18 00:00:00,-1.71460350825
2014-11-23 00:00:00,-1.48995612497
2014-11-24 00:00:00,-1.48995612497
2014-11-25 00:00:00,-1.48995612497
2014-11-26 00:00:00,-1.48995612497
2014-11-27 00:00:00,-1.48995612497
2014-11-28 00:00:00,-1.48995612497
2014-11-29 00:00:00,-1.48995612497
News Data
Start Date, End Date,News Source,Link,Days,Reason,Comment,Days Reported
2010-12-15,2010-12-20,The Hindu,http://www.thehindu.com/business/Economy/imported-onion-arrive-from-pakistan/article965607.ece,5,not stated,,0
2010-12-16,2010-12-20,The Hindu,http://www.thehindu.com/business/Economy/imported-onion-arrive-from-pakistan/article965607.ece,4,not stated,,0
2010-12-17,2010-12-20,The Hindu,http://www.thehindu.com/business/Economy/imported-onion-arrive-from-pakistan/article965607.ece,3,not stated,,0
2010-12-18,2010-12-20,The Hindu,http://www.thehindu.com/business/Economy/imported-onion-arrive-from-pakistan/article965607.ece,2,not stated,,0
2010-12-19,2010-12-20,The Hindu,http://www.thehindu.com/business/Economy/imported-onion-arrive-from-pakistan/article965607.ece,1,not stated,,0
2010-12-20,2010-12-20,The Hindu,http://www.thehindu.com/business/Economy/imported-onion-arrive-from-pakistan/article965607.ece,0,not stated,,0
2010-12-21,2010-12-20,The Hindu,http://www.thehindu.com/business/Economy/imported-onion-arrive-from-pakistan/article965607.ece,-1,not stated,,0
2010-12-22,2010-12-20,The Hindu,http://www.thehindu.com/business/Economy/imported-onion-arrive-from-pakistan/article965607.ece,-2,not stated,,0
2010-12-23,2010-12-20,The Hindu,http://www.thehindu.com/business/Economy/imported-onion-arrive-from-pakistan/article965607.ece,-3,not stated,,0
2010-12-24,2010-12-20,The Hindu,http://www.thehindu.com/business/Economy/imported-onion-arrive-from-pakistan/article965607.ece,-4,not stated,,0
2010-12-25,2010-12-20,The Hindu,http://www.thehindu.com/business/Economy/imported-onion-arrive-from-pakistan/article965607.ece,-5,not stated,,0
2010-12-26,2010-12-21,The Economic Times,http://articles.economictimes.indiatimes.com/2010-12-21/news/27586208_1_minimum-export-price-onion-prices-mep,-5,traders nexus,,0
2010-12-27,2010-12-22,NDTV,http://www.ndtv.com/india-news/why-onion-prices-are-so-high-442629,-5,unseasonal rainfall,,7
2010-12-28,2010-12-23,The Times of India,http://timesofindia.indiatimes.com/city/pune/Onion-prices-still-leave-consumers-teary-eyed/articleshow/7147525.cms,-5,unseasonal rainfall,,0
2010-12-29,2010-12-24,Business Standard,http://www.business-standard.com/article/economy-policy/wholesale-onion-prices-slide-20-in-lasalgaon-manmad-110122400137_1.html,-5,not stated,Prices went down, but for good quality prices went high,None
2010-12-30,2011-01-03,NDTV,http://www.ndtv.com/mumbai-news/mumbai-trader-sells-onions-at-rs-12-per-kg-443770,4,not stated,,0
2010-12-31,2011-01-03,NDTV,http://www.ndtv.com/mumbai-news/mumbai-trader-sells-onions-at-rs-12-per-kg-443770,3,not stated,,0
2011-01-01,2011-01-03,NDTV,http://www.ndtv.com/mumbai-news/mumbai-trader-sells-onions-at-rs-12-per-kg-443770,2,not stated,,0
2013-09-22,2013-09-18,The Times of India,http://timesofindia.indiatimes.com/india/Onion-price-rise-may-be-due-to-hoarding-Centre/articleshow/22672225.cms,-4,traders nexus,no,None
2013-09-23,2013-09-18,The Times of India,http://timesofindia.indiatimes.com/india/Onion-price-rise-may-be-due-to-hoarding-Centre/articleshow/22672225.cms,-5,traders nexus,no,None
2013-09-24,2013-09-19,The Hindu,http://www.thehindu.com/news/cities/chennai/price-of-onions-on-the-rise-again/article5142858.ece,-5,not stated,no,None
2013-10-06,2013-10-10,The Economic Times,http://articles.economictimes.indiatimes.com/2013-10-10/news/42903314_1_export-price-price-rise-onion-prices,4,traders nexus,,0
2013-10-07,2013-10-10,The Economic Times,http://articles.economictimes.indiatimes.com/2013-10-10/news/42903314_1_export-price-price-rise-onion-prices,3,traders nexus,,0
2013-10-08,2013-10-10,The Economic Times,http://articles.economictimes.indiatimes.com/2013-10-10/news/42903314_1_export-price-price-rise-onion-prices,2,traders nexus,,0
2013-10-09,2013-10-10,The Economic Times,http://articles.economictimes.indiatimes.com/2013-10-10/news/42903314_1_export-price-price-rise-onion-prices,1,traders nexus,,0
2013-10-10,2013-10-10,The Economic Times,http://articles.economictimes.indiatimes.com/2013-10-10/news/42903314_1_export-price-price-rise-onion-prices,0,traders nexus,,0
2013-10-11,2013-10-10,The Economic Times,http://articles.economictimes.indiatimes.com/2013-10-10/news/42903314_1_export-price-price-rise-onion-prices,-1,traders nexus,,0
2013-10-12,2013-10-10,The Economic Times,http://articles.economictimes.indiatimes.com/2013-10-10/news/42903314_1_export-price-price-rise-onion-prices,-2,traders nexus,,0
2014-05-11,2014-05-12,Business Standard,http://www.business-standard.com/article/markets/onion-spot-prices-soar-31-in-2-days-likely-to-stay-high-114051200815_1.html,1,unseasonal rainfall,,2
2014-05-12,2014-05-12,Business Standard,http://www.business-standard.com/article/markets/onion-spot-prices-soar-31-in-2-days-likely-to-stay-high-114051200815_1.html,0,unseasonal rainfall,,2
2014-05-13,2014-05-12,Business Standard,http://www.business-standard.com/article/markets/onion-spot-prices-soar-31-in-2-days-likely-to-stay-high-114051200815_1.html,-1,unseasonal rainfall,,2
2014-05-14,2014-05-12,Business Standard,http://www.business-standard.com/article/markets/onion-spot-prices-soar-31-in-2-days-likely-to-stay-high-114051200815_1.html,-2,unseasonal rainfall,,2
2014-05-15,2014-05-12,Business Standard,http://www.business-standard.com/article/markets/onion-spot-prices-soar-31-in-2-days-likely-to-stay-high-114051200815_1.html,-3,unseasonal rainfall,,2
2014-05-16,2014-05-12,Business Standard,http://www.business-standard.com/article/markets/onion-spot-prices-soar-31-in-2-days-likely-to-stay-high-114051200815_1.html,-4,unseasonal rainfall,,2
2014-05-17,2014-05-12,Business Standard,http://www.business-standard.com/article/markets/onion-spot-prices-soar-31-in-2-days-likely-to-stay-high-114051200815_1.html,-5,unseasonal rainfall,,2
2014-07-06,2014-07-01,NDTV,http://www.ndtv.com/cheat-sheet/poor-rainfall-could-cause-drought-like-conditions-in-parts-of-west-india-agriculture-minister-582801,-5,not stated,50% hike,7
2014-07-07,2014-07-02,The Times of India,http://timesofindia.indiatimes.com/business/india-business/Govt-hikes-minimum-export-price-of-onion-to-US-500-per-tonne/articleshow/37630139.cms,-5,prediction of delayed monsoon,no,30
2014-07-08,2014-07-03,The Economic Times,http://articles.economictimes.indiatimes.com/2014-07-03/news/51057542_1_stock-limits-onions-ravi-shankar-prasad,-5,traders nexus,,0
2014-07-09,2014-07-13,The Times of India,http://timesofindia.indiatimes.com/india/Govt-to-check-onion-prices-with-imports/articleshow/38282324.cms,4,low production,,30
2014-07-10,2014-07-13,The Times of India,http://timesofindia.indiatimes.com/india/Govt-to-check-onion-prices-with-imports/articleshow/38282324.cms,3,low production,,30
2014-07-11,2014-07-13,The Times of India,http://timesofindia.indiatimes.com/india/Govt-to-check-onion-prices-with-imports/articleshow/38282324.cms,2,low production,,30
2014-07-12,2014-07-13,The Times of India,http://timesofindia.indiatimes.com/india/Govt-to-check-onion-prices-with-imports/articleshow/38282324.cms,1,low production,,30
Correlation Result:::
Date,Value
News Data
Start Date, End Date,News Source,Link,Days,Reason,Comment,Days Reported
Linear Regression Result:::
Date,Value
2010-11-16 00:00:00,215.13568514
2010-11-17 00:00:00,215.13568514
2010-11-18 00:00:00,215.13568514
2010-11-19 00:00:00,215.13568514
2010-11-20 00:00:00,215.13568514
2010-11-21 00:00:00,215.13568514
2010-11-22 00:00:00,215.13568514
2010-11-23 00:00:00,215.13568514
2010-11-24 00:00:00,215.13568514
2010-11-25 00:00:00,215.13568514
2010-11-26 00:00:00,215.13568514
2010-11-27 00:00:00,215.13568514
2010-11-28 00:00:00,215.13568514
2010-11-29 00:00:00,215.13568514
2010-11-30 00:00:00,215.13568514
2010-12-01 00:00:00,215.13568514
2010-12-02 00:00:00,215.13568514
2010-12-03 00:00:00,215.13568514
2010-12-04 00:00:00,215.13568514
2010-12-05 00:00:00,215.13568514
2010-12-06 00:00:00,215.13568514
2010-12-07 00:00:00,215.13568514
2010-12-08 00:00:00,215.13568514
2010-12-09 00:00:00,215.13568514
2010-12-10 00:00:00,215.13568514
2010-12-11 00:00:00,215.13568514
2010-12-12 00:00:00,215.13568514
2010-12-13 00:00:00,215.13568514
2010-12-14 00:00:00,215.13568514
2010-12-15 00:00:00,215.13568514
2010-12-16 00:00:00,215.13568514
2010-12-17 00:00:00,215.13568514
2010-12-18 00:00:00,215.13568514
2010-12-19 00:00:00,215.13568514
2010-12-20 00:00:00,215.13568514
2010-12-21 00:00:00,215.13568514
2010-12-22 00:00:00,215.13568514
2010-12-23 00:00:00,215.13568514
2010-12-24 00:00:00,215.13568514
2010-12-25 00:00:00,215.13568514
2010-12-26 00:00:00,215.13568514
2010-12-27 00:00:00,215.13568514
2010-12-28 00:00:00,215.13568514
2010-12-29 00:00:00,215.13568514
2010-12-30 00:00:00,215.13568514
2010-12-31 00:00:00,215.13568514
2011-01-01 00:00:00,215.13568514
2011-01-02 00:00:00,215.13568514
2011-01-03 00:00:00,215.13568514
2011-01-04 00:00:00,215.13568514
2011-01-05 00:00:00,215.13568514
2011-01-06 00:00:00,215.13568514
2011-01-07 00:00:00,215.13568514
2011-01-08 00:00:00,215.13568514
2011-01-09 00:00:00,215.13568514
2011-01-10 00:00:00,215.13568514
2011-01-11 00:00:00,215.13568514
2011-01-12 00:00:00,215.13568514
2011-01-13 00:00:00,215.13568514
2011-01-14 00:00:00,215.13568514
2011-01-15 00:00:00,215.13568514
2011-01-16 00:00:00,215.13568514
2011-01-17 00:00:00,215.13568514
2011-01-18 00:00:00,215.13568514
2011-01-19 00:00:00,215.13568514
2011-01-20 00:00:00,215.13568514
2011-01-21 00:00:00,215.13568514
2011-01-22 00:00:00,215.13568514
2011-01-23 00:00:00,215.13568514
2011-01-24 00:00:00,215.13568514
2011-01-25 00:00:00,215.13568514
2011-01-26 00:00:00,215.13568514
2011-01-27 00:00:00,215.13568514
2011-01-28 00:00:00,215.13568514
2011-01-29 00:00:00,215.13568514
2011-01-30 00:00:00,215.13568514
2011-01-31 00:00:00,215.13568514
2011-02-01 00:00:00,215.13568514
2011-02-02 00:00:00,215.13568514
2011-02-03 00:00:00,215.13568514
2011-02-04 00:00:00,215.13568514
2011-02-05 00:00:00,215.13568514
2011-02-06 00:00:00,215.13568514
2011-02-07 00:00:00,215.13568514
2011-02-08 00:00:00,215.13568514
2011-02-09 00:00:00,215.13568514
2013-07-16 00:00:00,202.412679654
2013-07-17 00:00:00,202.412679654
2013-07-18 00:00:00,202.412679654
2013-07-19 00:00:00,202.412679654
2013-07-20 00:00:00,202.412679654
2013-07-21 00:00:00,202.412679654
2013-07-22 00:00:00,202.412679654
2013-07-23 00:00:00,202.412679654
2013-07-24 00:00:00,202.412679654
2013-07-25 00:00:00,202.412679654
2013-07-26 00:00:00,202.412679654
2013-07-27 00:00:00,202.412679654
2013-07-28 00:00:00,202.412679654
2013-07-29 00:00:00,202.412679654
2013-07-30 00:00:00,202.412679654
2013-07-31 00:00:00,202.412679654
2013-08-01 00:00:00,202.412679654
2013-08-02 00:00:00,202.412679654
2013-08-03 00:00:00,202.412679654
2013-08-04 00:00:00,202.412679654
2013-08-05 00:00:00,202.412679654
2013-08-06 00:00:00,202.412679654
2013-08-07 00:00:00,202.412679654
2013-08-08 00:00:00,202.412679654
2013-08-09 00:00:00,202.412679654
2013-08-10 00:00:00,202.412679654
2013-08-11 00:00:00,202.412679654
2013-08-12 00:00:00,202.412679654
2013-08-13 00:00:00,202.412679654
2013-08-14 00:00:00,202.412679654
2013-08-15 00:00:00,202.412679654
2013-08-16 00:00:00,202.412679654
2013-08-17 00:00:00,202.412679654
2013-08-18 00:00:00,202.412679654
2013-08-19 00:00:00,202.412679654
2013-08-20 00:00:00,202.412679654
2013-08-21 00:00:00,202.412679654
2013-08-22 00:00:00,202.412679654
2013-08-23 00:00:00,202.412679654
2013-08-24 00:00:00,202.412679654
2013-08-25 00:00:00,202.412679654
2013-08-26 00:00:00,202.412679654
2013-08-27 00:00:00,202.412679654
2013-08-28 00:00:00,202.412679654
2013-08-29 00:00:00,202.412679654
2013-08-30 00:00:00,202.412679654
2013-08-31 00:00:00,202.412679654
2013-09-01 00:00:00,202.412679654
2013-09-02 00:00:00,202.412679654
2013-09-03 00:00:00,202.412679654
2013-09-04 00:00:00,202.412679654
2013-09-05 00:00:00,202.412679654
2013-09-06 00:00:00,202.412679654
2013-09-07 00:00:00,202.412679654
2013-09-08 00:00:00,202.412679654
2013-09-09 00:00:00,202.412679654
2013-09-10 00:00:00,202.412679654
2013-09-11 00:00:00,202.412679654
2013-09-13 00:00:00,281.445008166
2013-09-14 00:00:00,281.445008166
2013-09-15 00:00:00,281.445008166
2013-09-16 00:00:00,281.445008166
2013-09-17 00:00:00,281.445008166
2013-09-18 00:00:00,281.445008166
2013-09-19 00:00:00,281.445008166
2013-09-20 00:00:00,281.445008166
2013-09-21 00:00:00,281.445008166
2013-09-22 00:00:00,281.445008166
2013-09-23 00:00:00,281.445008166
2013-09-24 00:00:00,281.445008166
2013-09-25 00:00:00,281.445008166
2013-09-26 00:00:00,281.445008166
2013-09-27 00:00:00,281.445008166
2013-09-28 00:00:00,281.445008166
2013-09-29 00:00:00,281.445008166
2013-09-30 00:00:00,281.445008166
2013-10-01 00:00:00,281.445008166
2013-10-02 00:00:00,281.445008166
2013-10-03 00:00:00,281.445008166
2013-10-04 00:00:00,281.445008166
2013-10-05 00:00:00,281.445008166
2013-10-06 00:00:00,281.445008166
2013-10-07 00:00:00,281.445008166
2013-10-08 00:00:00,281.445008166
2013-10-09 00:00:00,281.445008166
2013-10-10 00:00:00,281.445008166
2013-10-11 00:00:00,281.445008166
2013-10-12 00:00:00,281.445008166
2013-10-13 00:00:00,281.445008166
2013-10-14 00:00:00,281.445008166
2013-10-15 00:00:00,281.445008166
2013-10-16 00:00:00,281.445008166
2013-10-17 00:00:00,281.445008166
2013-10-18 00:00:00,281.445008166
2013-10-19 00:00:00,281.445008166
2013-10-20 00:00:00,281.445008166
2013-10-21 00:00:00,281.445008166
2013-10-22 00:00:00,281.445008166
2013-10-23 00:00:00,281.445008166
2013-10-24 00:00:00,281.445008166
2013-10-25 00:00:00,281.445008166
2013-10-26 00:00:00,281.445008166
2013-10-27 00:00:00,281.445008166
2013-10-28 00:00:00,281.445008166
2013-10-29 00:00:00,281.445008166
2013-10-30 00:00:00,281.445008166
2013-10-31 00:00:00,281.445008166
2013-11-01 00:00:00,281.445008166
2013-11-02 00:00:00,281.445008166
2013-11-03 00:00:00,281.445008166
2013-11-04 00:00:00,281.445008166
2013-11-05 00:00:00,281.445008166
2013-11-06 00:00:00,281.445008166
2013-11-07 00:00:00,281.445008166
2013-11-08 00:00:00,281.445008166
2013-11-09 00:00:00,281.445008166
2013-11-10 00:00:00,281.445008166
2013-11-11 00:00:00,281.445008166
2013-11-12 00:00:00,281.445008166
2013-11-13 00:00:00,281.445008166
2013-11-14 00:00:00,281.445008166
2013-11-15 00:00:00,281.445008166
2013-11-16 00:00:00,281.445008166
2013-11-17 00:00:00,281.445008166
2013-11-18 00:00:00,281.445008166
2013-11-19 00:00:00,281.445008166
2013-11-20 00:00:00,281.445008166
2013-11-21 00:00:00,281.445008166
2013-11-22 00:00:00,281.445008166
2013-11-23 00:00:00,281.445008166
2013-11-24 00:00:00,281.445008166
2013-11-25 00:00:00,281.445008166
2013-11-26 00:00:00,281.445008166
2013-11-27 00:00:00,281.445008166
2013-11-28 00:00:00,281.445008166
2013-11-29 00:00:00,281.445008166
2013-11-30 00:00:00,281.445008166
2013-12-01 00:00:00,281.445008166
2013-12-02 00:00:00,281.445008166
2013-12-03 00:00:00,281.445008166
2013-12-04 00:00:00,281.445008166
2013-12-05 00:00:00,281.445008166
2013-12-06 00:00:00,281.445008166
2013-12-07 00:00:00,281.445008166
2013-12-08 00:00:00,281.445008166
2013-12-09 00:00:00,281.445008166
2013-12-10 00:00:00,281.445008166
2013-12-11 00:00:00,281.445008166
2013-12-12 00:00:00,281.445008166
2013-12-13 00:00:00,281.445008166
2013-12-14 00:00:00,281.445008166
2013-12-15 00:00:00,281.445008166
2013-12-16 00:00:00,281.445008166
2013-12-17 00:00:00,281.445008166
2013-12-18 00:00:00,281.445008166
2013-12-19 00:00:00,281.445008166
2013-12-20 00:00:00,281.445008166
2013-12-21 00:00:00,281.445008166
2013-12-22 00:00:00,281.445008166
2013-12-23 00:00:00,281.445008166
2013-12-24 00:00:00,281.445008166
2013-12-25 00:00:00,281.445008166
2013-12-26 00:00:00,281.445008166
2013-12-27 00:00:00,281.445008166
2013-12-28 00:00:00,281.445008166
2013-12-29 00:00:00,281.445008166
2013-12-30 00:00:00,281.445008166
2013-12-31 00:00:00,281.445008166
2014-01-01 00:00:00,281.445008166
2014-01-02 00:00:00,281.445008166
2014-01-03 00:00:00,281.445008166
2014-01-04 00:00:00,281.445008166
2014-01-05 00:00:00,281.445008166
2014-06-17 00:00:00,59.8515556536
2014-08-25 00:00:00,64.2950056829
2014-08-26 00:00:00,64.2950056829
2014-08-27 00:00:00,64.2950056829
2014-08-28 00:00:00,64.2950056829
2014-09-05 00:00:00,63.4727011904
2014-09-06 00:00:00,63.4727011904
2014-09-07 00:00:00,63.4727011904
2014-09-15 00:00:00,72.7344738218
2014-09-16 00:00:00,72.7344738218
2014-09-17 00:00:00,72.7344738218
2014-09-18 00:00:00,72.7344738218
2014-09-19 00:00:00,72.7344738218
2014-09-20 00:00:00,72.7344738218
2014-09-21 00:00:00,72.7344738218
2014-09-22 00:00:00,72.7344738218
2014-09-23 00:00:00,72.7344738218
2014-09-24 00:00:00,72.7344738218
2014-09-25 00:00:00,72.7344738218
2014-09-26 00:00:00,72.7344738218
2014-09-27 00:00:00,72.7344738218
2014-09-28 00:00:00,72.7344738218
2014-09-29 00:00:00,72.7344738218
2014-09-30 00:00:00,72.7344738218
2014-10-01 00:00:00,72.7344738218
2014-10-02 00:00:00,72.7344738218
2014-10-03 00:00:00,72.7344738218
2014-10-04 00:00:00,72.7344738218
2014-10-05 00:00:00,72.7344738218
2014-10-06 00:00:00,72.7344738218
2014-10-07 00:00:00,72.7344738218
2014-10-08 00:00:00,72.7344738218
2014-10-09 00:00:00,72.7344738218
2014-10-10 00:00:00,72.7344738218
2014-10-11 00:00:00,72.7344738218
2014-10-12 00:00:00,72.7344738218
2014-10-13 00:00:00,72.7344738218
2014-10-14 00:00:00,72.7344738218
2014-10-22 00:00:00,63.0798430053
2014-10-23 00:00:00,63.0798430053
2014-11-05 00:00:00,77.5719267234
2014-11-06 00:00:00,77.5719267234
2014-11-07 00:00:00,77.5719267234
2014-11-08 00:00:00,77.5719267234
2014-11-09 00:00:00,77.5719267234
2014-11-10 00:00:00,77.5719267234
2014-11-11 00:00:00,77.5719267234
2014-11-12 00:00:00,77.5719267234
2014-11-13 00:00:00,77.5719267234
2014-11-14 00:00:00,77.5719267234
2014-11-15 00:00:00,77.5719267234
2014-11-16 00:00:00,77.5719267234
2014-11-17 00:00:00,77.5719267234
2014-11-18 00:00:00,77.5719267234
2014-11-19 00:00:00,77.5719267234
2014-11-20 00:00:00,77.5719267234
2014-11-21 00:00:00,77.5719267234
2014-11-22 00:00:00,77.5719267234
2014-11-23 00:00:00,77.5719267234
2014-11-24 00:00:00,77.5719267234
2014-11-25 00:00:00,77.5719267234
2014-11-26 00:00:00,77.5719267234
2014-11-27 00:00:00,77.5719267234
2014-11-28 00:00:00,77.5719267234
2014-11-29 00:00:00,77.5719267234
2014-11-30 00:00:00,77.5719267234
2014-12-01 00:00:00,77.5719267234
2014-12-02 00:00:00,77.5719267234
2014-12-03 00:00:00,77.5719267234
2014-12-04 00:00:00,77.5719267234
2014-12-05 00:00:00,77.5719267234
2014-12-06 00:00:00,77.5719267234
2014-12-07 00:00:00,77.5719267234
2014-12-08 00:00:00,77.5719267234
2014-12-09 00:00:00,77.5719267234
2014-12-10 00:00:00,77.5719267234
2014-12-11 00:00:00,77.5719267234
2014-12-12 00:00:00,77.5719267234
2014-12-13 00:00:00,77.5719267234
2014-12-14 00:00:00,77.5719267234
2014-12-15 00:00:00,77.5719267234
2014-12-16 00:00:00,77.5719267234
2014-12-17 00:00:00,77.5719267234
2014-12-18 00:00:00,77.5719267234
2014-12-19 00:00:00,77.5719267234
2014-12-20 00:00:00,77.5719267234
2014-12-21 00:00:00,77.5719267234
2014-12-22 00:00:00,77.5719267234
2014-12-23 00:00:00,77.5719267234
2014-12-24 00:00:00,77.5719267234
2014-12-25 00:00:00,77.5719267234
2014-12-26 00:00:00,77.5719267234
2014-12-27 00:00:00,77.5719267234
2014-12-28 00:00:00,77.5719267234
News Data
Start Date, End Date,News Source,Link,Days,Reason,Comment,Days Reported
2010-12-15,2010-12-20,The Hindu,http://www.thehindu.com/business/Economy/imported-onion-arrive-from-pakistan/article965607.ece,5,not stated,,0
2010-12-16,2010-12-20,The Hindu,http://www.thehindu.com/business/Economy/imported-onion-arrive-from-pakistan/article965607.ece,4,not stated,,0
2010-12-17,2010-12-20,The Hindu,http://www.thehindu.com/business/Economy/imported-onion-arrive-from-pakistan/article965607.ece,3,not stated,,0
2010-12-18,2010-12-20,The Hindu,http://www.thehindu.com/business/Economy/imported-onion-arrive-from-pakistan/article965607.ece,2,not stated,,0
2010-12-19,2010-12-20,The Hindu,http://www.thehindu.com/business/Economy/imported-onion-arrive-from-pakistan/article965607.ece,1,not stated,,0
2010-12-20,2010-12-20,The Hindu,http://www.thehindu.com/business/Economy/imported-onion-arrive-from-pakistan/article965607.ece,0,not stated,,0
2010-12-21,2010-12-20,The Hindu,http://www.thehindu.com/business/Economy/imported-onion-arrive-from-pakistan/article965607.ece,-1,not stated,,0
2010-12-22,2010-12-20,The Hindu,http://www.thehindu.com/business/Economy/imported-onion-arrive-from-pakistan/article965607.ece,-2,not stated,,0
2010-12-23,2010-12-20,The Hindu,http://www.thehindu.com/business/Economy/imported-onion-arrive-from-pakistan/article965607.ece,-3,not stated,,0
2010-12-24,2010-12-20,The Hindu,http://www.thehindu.com/business/Economy/imported-onion-arrive-from-pakistan/article965607.ece,-4,not stated,,0
2010-12-25,2010-12-20,The Hindu,http://www.thehindu.com/business/Economy/imported-onion-arrive-from-pakistan/article965607.ece,-5,not stated,,0
2010-12-26,2010-12-21,The Economic Times,http://articles.economictimes.indiatimes.com/2010-12-21/news/27586208_1_minimum-export-price-onion-prices-mep,-5,traders nexus,,0
2010-12-27,2010-12-22,NDTV,http://www.ndtv.com/india-news/why-onion-prices-are-so-high-442629,-5,unseasonal rainfall,,7
2010-12-28,2010-12-23,The Times of India,http://timesofindia.indiatimes.com/city/pune/Onion-prices-still-leave-consumers-teary-eyed/articleshow/7147525.cms,-5,unseasonal rainfall,,0
2010-12-29,2010-12-24,Business Standard,http://www.business-standard.com/article/economy-policy/wholesale-onion-prices-slide-20-in-lasalgaon-manmad-110122400137_1.html,-5,not stated,Prices went down, but for good quality prices went high,None
2010-12-30,2011-01-03,NDTV,http://www.ndtv.com/mumbai-news/mumbai-trader-sells-onions-at-rs-12-per-kg-443770,4,not stated,,0
2010-12-31,2011-01-03,NDTV,http://www.ndtv.com/mumbai-news/mumbai-trader-sells-onions-at-rs-12-per-kg-443770,3,not stated,,0
2011-01-01,2011-01-03,NDTV,http://www.ndtv.com/mumbai-news/mumbai-trader-sells-onions-at-rs-12-per-kg-443770,2,not stated,,0
2011-01-02,2011-01-03,NDTV,http://www.ndtv.com/mumbai-news/mumbai-trader-sells-onions-at-rs-12-per-kg-443770,1,not stated,,0
2011-01-03,2011-01-03,NDTV,http://www.ndtv.com/mumbai-news/mumbai-trader-sells-onions-at-rs-12-per-kg-443770,0,not stated,,0
2011-01-04,2011-01-03,NDTV,http://www.ndtv.com/mumbai-news/mumbai-trader-sells-onions-at-rs-12-per-kg-443770,-1,not stated,,0
2011-01-05,2011-01-03,NDTV,http://www.ndtv.com/mumbai-news/mumbai-trader-sells-onions-at-rs-12-per-kg-443770,-2,not stated,,0
2011-01-06,2011-01-03,NDTV,http://www.ndtv.com/mumbai-news/mumbai-trader-sells-onions-at-rs-12-per-kg-443770,-3,not stated,,0
2011-01-07,2011-01-03,NDTV,http://www.ndtv.com/mumbai-news/mumbai-trader-sells-onions-at-rs-12-per-kg-443770,-4,not stated,,0
2011-01-08,2011-01-03,NDTV,http://www.ndtv.com/mumbai-news/mumbai-trader-sells-onions-at-rs-12-per-kg-443770,-5,not stated,,0
2011-01-09,2011-01-06,The Times of India,http://timesofindia.indiatimes.com/business/india-business/-Retail-onion-prices-up-by-Rs-5-10/kg-on-Pak-export-ban-reports/articleshow/7230895.cms,-3,Pak banned export,,0
2011-01-10,2011-01-06,The Times of India,http://timesofindia.indiatimes.com/business/india-business/-Retail-onion-prices-up-by-Rs-5-10/kg-on-Pak-export-ban-reports/articleshow/7230895.cms,-4,Pak banned export,,0
2011-01-11,2011-01-06,The Times of India,http://timesofindia.indiatimes.com/business/india-business/-Retail-onion-prices-up-by-Rs-5-10/kg-on-Pak-export-ban-reports/articleshow/7230895.cms,-5,Pak banned export,,0
2011-01-12,2011-01-07,The Hindu,http://www.thehindu.com/business/act-swiftly-against-hoarders-pranab/article1051003.ece,-5,traders nexus,main article on inflation, but it says due to hoarding onion prices are high.,0
2013-07-16,2013-07-17,The Times of India,http://timesofindia.indiatimes.com/business/india-business/Onion-prices-at-two-and-a-half-year-high/articleshow/21125776.cms,1,unseasonal rainfall,no,None
2013-07-17,2013-07-17,The Times of India,http://timesofindia.indiatimes.com/business/india-business/Onion-prices-at-two-and-a-half-year-high/articleshow/21125776.cms,0,unseasonal rainfall,no,None
2013-07-18,2013-07-17,The Times of India,http://timesofindia.indiatimes.com/business/india-business/Onion-prices-at-two-and-a-half-year-high/articleshow/21125776.cms,-1,unseasonal rainfall,no,None
2013-07-19,2013-07-17,The Times of India,http://timesofindia.indiatimes.com/business/india-business/Onion-prices-at-two-and-a-half-year-high/articleshow/21125776.cms,-2,unseasonal rainfall,no,None
2013-07-20,2013-07-17,The Times of India,http://timesofindia.indiatimes.com/business/india-business/Onion-prices-at-two-and-a-half-year-high/articleshow/21125776.cms,-3,unseasonal rainfall,no,None
2013-07-21,2013-07-17,The Times of India,http://timesofindia.indiatimes.com/business/india-business/Onion-prices-at-two-and-a-half-year-high/articleshow/21125776.cms,-4,unseasonal rainfall,no,None
2013-07-22,2013-07-17,The Times of India,http://timesofindia.indiatimes.com/business/india-business/Onion-prices-at-two-and-a-half-year-high/articleshow/21125776.cms,-5,unseasonal rainfall,no,None
2013-07-23,2013-07-23,The Times of India,http://timesofindia.indiatimes.com/business/india-business/Onion-prices-more-than-double-to-Rs-36-40/kg-in-metros/articleshow/21272374.cms,0,low production,,0
2013-07-24,2013-07-23,The Times of India,http://timesofindia.indiatimes.com/business/india-business/Onion-prices-more-than-double-to-Rs-36-40/kg-in-metros/articleshow/21272374.cms,-1,low production,,0
2013-07-25,2013-07-23,The Times of India,http://timesofindia.indiatimes.com/business/india-business/Onion-prices-more-than-double-to-Rs-36-40/kg-in-metros/articleshow/21272374.cms,-2,low production,,0
2013-07-26,2013-07-23,The Times of India,http://timesofindia.indiatimes.com/business/india-business/Onion-prices-more-than-double-to-Rs-36-40/kg-in-metros/articleshow/21272374.cms,-3,low production,,0
2013-07-27,2013-07-23,The Times of India,http://timesofindia.indiatimes.com/business/india-business/Onion-prices-more-than-double-to-Rs-36-40/kg-in-metros/articleshow/21272374.cms,-4,low production,,0
2013-07-28,2013-07-23,The Times of India,http://timesofindia.indiatimes.com/business/india-business/Onion-prices-more-than-double-to-Rs-36-40/kg-in-metros/articleshow/21272374.cms,-5,low production,,0
2013-08-01,2013-08-06,The Hindu,http://www.thehindu.com/news/cities/Delhi/onion-prices-bring-tears-yet-again/article4995124.ece,5,low production,Even Hoaders are responsible to some extent,0
2013-08-02,2013-08-06,The Hindu,http://www.thehindu.com/news/cities/Delhi/onion-prices-bring-tears-yet-again/article4995124.ece,4,low production,Even Hoaders are responsible to some extent,0
2013-08-03,2013-08-06,The Hindu,http://www.thehindu.com/news/cities/Delhi/onion-prices-bring-tears-yet-again/article4995124.ece,3,low production,Even Hoaders are responsible to some extent,0
2013-08-04,2013-08-06,The Hindu,http://www.thehindu.com/news/cities/Delhi/onion-prices-bring-tears-yet-again/article4995124.ece,2,low production,Even Hoaders are responsible to some extent,0
2013-08-05,2013-08-06,The Hindu,http://www.thehindu.com/news/cities/Delhi/onion-prices-bring-tears-yet-again/article4995124.ece,1,low production,Even Hoaders are responsible to some extent,0
2013-08-06,2013-08-06,The Hindu,http://www.thehindu.com/news/cities/Delhi/onion-prices-bring-tears-yet-again/article4995124.ece,0,low production,Even Hoaders are responsible to some extent,0
2013-08-07,2013-08-06,The Hindu,http://www.thehindu.com/news/cities/Delhi/onion-prices-bring-tears-yet-again/article4995124.ece,-1,low production,Even Hoaders are responsible to some extent,0
2013-08-08,2013-08-06,The Hindu,http://www.thehindu.com/news/cities/Delhi/onion-prices-bring-tears-yet-again/article4995124.ece,-2,low production,Even Hoaders are responsible to some extent,0
2013-08-09,2013-08-06,The Hindu,http://www.thehindu.com/news/cities/Delhi/onion-prices-bring-tears-yet-again/article4995124.ece,-3,low production,Even Hoaders are responsible to some extent,0
2013-08-10,2013-08-06,The Hindu,http://www.thehindu.com/news/cities/Delhi/onion-prices-bring-tears-yet-again/article4995124.ece,-4,low production,Even Hoaders are responsible to some extent,0
2013-08-11,2013-08-06,The Hindu,http://www.thehindu.com/news/cities/Delhi/onion-prices-bring-tears-yet-again/article4995124.ece,-5,low production,Even Hoaders are responsible to some extent,0
2013-08-12,2013-08-11,DNA,http://www.dnaindia.com/india/report-onion-prices-rise-to-rs-55-60kg-hike-bring-tears-in-eyes-of-people-1873151,-1,low production,,10
2013-08-13,2013-08-11,DNA,http://www.dnaindia.com/india/report-onion-prices-rise-to-rs-55-60kg-hike-bring-tears-in-eyes-of-people-1873151,-2,low production,,10
2013-08-14,2013-08-11,DNA,http://www.dnaindia.com/india/report-onion-prices-rise-to-rs-55-60kg-hike-bring-tears-in-eyes-of-people-1873151,-3,low production,,10
2013-08-15,2013-08-11,DNA,http://www.dnaindia.com/india/report-onion-prices-rise-to-rs-55-60kg-hike-bring-tears-in-eyes-of-people-1873151,-4,low production,,10
2013-08-16,2013-08-11,DNA,http://www.dnaindia.com/india/report-onion-prices-rise-to-rs-55-60kg-hike-bring-tears-in-eyes-of-people-1873151,-5,low production,,10
2013-08-17,2013-08-13,Telegraph,http://www.telegraphindia.com/1130813/jsp/odisha/story_17226115.jsp,-4,low supply,,30
2013-08-18,2013-08-13,Telegraph,http://www.telegraphindia.com/1130813/jsp/odisha/story_17226115.jsp,-5,low supply,,30
2013-08-19,2013-08-14,The Hindu,http://www.thehindu.com/news/national/cos-meeting-to-wipe-onion-tears/article5019702.ece,-5,low supply,Possiblity of hoarding highlighted clearly,0
2013-08-20,2013-08-17,The Times of India,http://timesofindia.indiatimes.com/india/Hoarding-pushing-onion-prices-up-govt-finds/articleshow/21872501.cms,-3,traders nexus,Clear signs of traders fixing the prices by creating artificial deficit in jun- july 2013,60
2013-08-21,2013-08-17,The Times of India,http://timesofindia.indiatimes.com/india/Hoarding-pushing-onion-prices-up-govt-finds/articleshow/21872501.cms,-4,traders nexus,Clear signs of traders fixing the prices by creating artificial deficit in jun- july 2013,60
2013-08-22,2013-08-17,The Times of India,http://timesofindia.indiatimes.com/india/Hoarding-pushing-onion-prices-up-govt-finds/articleshow/21872501.cms,-5,traders nexus,Clear signs of traders fixing the prices by creating artificial deficit in jun- july 2013,60
2013-08-23,2013-08-21,The Hindu,http://www.thehindu.com/business/Industry/onion-prices-jump-to-rs-80kg-again/article5044776.ece,-2,low supply,Prices hiked again,0
2013-08-24,2013-08-21,The Hindu,http://www.thehindu.com/business/Industry/onion-prices-jump-to-rs-80kg-again/article5044776.ece,-3,low supply,Prices hiked again,0
2013-08-25,2013-08-21,The Hindu,http://www.thehindu.com/business/Industry/onion-prices-jump-to-rs-80kg-again/article5044776.ece,-4,low supply,Prices hiked again,0
2013-08-26,2013-08-21,The Hindu,http://www.thehindu.com/business/Industry/onion-prices-jump-to-rs-80kg-again/article5044776.ece,-5,low supply,Prices hiked again,0
2013-08-27,2013-08-22,Money Control,http://www.moneycontrol.com/news/economy/onion-prices-shoot-back-to-rs-80kgmany-partsindia_939103.html,-5,not stated,,1
2013-08-29,2013-09-03,NDTV,http://www.ndtv.com/india-news/onion-prices-may-ease-when-south-india-crop-hits-market-government-533474,5,low supply,,0
2013-08-30,2013-09-03,NDTV,http://www.ndtv.com/india-news/onion-prices-may-ease-when-south-india-crop-hits-market-government-533474,4,low supply,,0
2013-08-31,2013-09-03,NDTV,http://www.ndtv.com/india-news/onion-prices-may-ease-when-south-india-crop-hits-market-government-533474,3,low supply,,0
2013-09-01,2013-09-03,NDTV,http://www.ndtv.com/india-news/onion-prices-may-ease-when-south-india-crop-hits-market-government-533474,2,low supply,,0
2013-09-02,2013-09-03,NDTV,http://www.ndtv.com/india-news/onion-prices-may-ease-when-south-india-crop-hits-market-government-533474,1,low supply,,0
2013-09-03,2013-09-03,NDTV,http://www.ndtv.com/india-news/onion-prices-may-ease-when-south-india-crop-hits-market-government-533474,0,low supply,,0
2013-09-04,2013-09-03,NDTV,http://www.ndtv.com/india-news/onion-prices-may-ease-when-south-india-crop-hits-market-government-533474,-1,low supply,,0
2013-09-05,2013-09-03,NDTV,http://www.ndtv.com/india-news/onion-prices-may-ease-when-south-india-crop-hits-market-government-533474,-2,low supply,,0
2013-09-06,2013-09-03,NDTV,http://www.ndtv.com/india-news/onion-prices-may-ease-when-south-india-crop-hits-market-government-533474,-3,low supply,,0
2013-09-07,2013-09-03,NDTV,http://www.ndtv.com/india-news/onion-prices-may-ease-when-south-india-crop-hits-market-government-533474,-4,low supply,,0
2013-09-08,2013-09-03,NDTV,http://www.ndtv.com/india-news/onion-prices-may-ease-when-south-india-crop-hits-market-government-533474,-5,low supply,,0
2013-09-10,2013-09-15,Business Standard,http://www.business-standard.com/article/current-affairs/imported-onion-from-egypt-hits-indian-ports-prices-to-cool-113091500607_1.html,5,low supply,,7
2013-09-11,2013-09-15,Business Standard,http://www.business-standard.com/article/current-affairs/imported-onion-from-egypt-hits-indian-ports-prices-to-cool-113091500607_1.html,4,low supply,,7
2013-09-13,2013-09-15,Business Standard,http://www.business-standard.com/article/current-affairs/imported-onion-from-egypt-hits-indian-ports-prices-to-cool-113091500607_1.html,2,low supply,,7
2013-09-14,2013-09-15,Business Standard,http://www.business-standard.com/article/current-affairs/imported-onion-from-egypt-hits-indian-ports-prices-to-cool-113091500607_1.html,1,low supply,,7
2013-09-15,2013-09-15,Business Standard,http://www.business-standard.com/article/current-affairs/imported-onion-from-egypt-hits-indian-ports-prices-to-cool-113091500607_1.html,0,low supply,,7
2013-09-16,2013-09-15,Business Standard,http://www.business-standard.com/article/current-affairs/imported-onion-from-egypt-hits-indian-ports-prices-to-cool-113091500607_1.html,-1,low supply,,7
2013-09-17,2013-09-15,Business Standard,http://www.business-standard.com/article/current-affairs/imported-onion-from-egypt-hits-indian-ports-prices-to-cool-113091500607_1.html,-2,low supply,,7
2013-09-18,2013-09-15,Business Standard,http://www.business-standard.com/article/current-affairs/imported-onion-from-egypt-hits-indian-ports-prices-to-cool-113091500607_1.html,-3,low supply,,7
2013-09-19,2013-09-15,Business Standard,http://www.business-standard.com/article/current-affairs/imported-onion-from-egypt-hits-indian-ports-prices-to-cool-113091500607_1.html,-4,low supply,,7
2013-09-20,2013-09-15,Business Standard,http://www.business-standard.com/article/current-affairs/imported-onion-from-egypt-hits-indian-ports-prices-to-cool-113091500607_1.html,-5,low supply,,7
2013-09-21,2013-09-16,Business Standard,http://www.business-standard.com/article/markets/onion-prices-rise-despite-arrival-of-imported-stock-113091600861_1.html,-5,low supply,no,None
2013-09-22,2013-09-18,The Times of India,http://timesofindia.indiatimes.com/india/Onion-price-rise-may-be-due-to-hoarding-Centre/articleshow/22672225.cms,-4,traders nexus,no,None
2013-09-23,2013-09-18,The Times of India,http://timesofindia.indiatimes.com/india/Onion-price-rise-may-be-due-to-hoarding-Centre/articleshow/22672225.cms,-5,traders nexus,no,None
2013-09-24,2013-09-19,The Hindu,http://www.thehindu.com/news/cities/chennai/price-of-onions-on-the-rise-again/article5142858.ece,-5,not stated,no,None
2013-10-05,2013-10-10,The Economic Times,http://articles.economictimes.indiatimes.com/2013-10-10/news/42903314_1_export-price-price-rise-onion-prices,5,traders nexus,,0
2013-10-06,2013-10-10,The Economic Times,http://articles.economictimes.indiatimes.com/2013-10-10/news/42903314_1_export-price-price-rise-onion-prices,4,traders nexus,,0
2013-10-07,2013-10-10,The Economic Times,http://articles.economictimes.indiatimes.com/2013-10-10/news/42903314_1_export-price-price-rise-onion-prices,3,traders nexus,,0
2013-10-08,2013-10-10,The Economic Times,http://articles.economictimes.indiatimes.com/2013-10-10/news/42903314_1_export-price-price-rise-onion-prices,2,traders nexus,,0
2013-10-09,2013-10-10,The Economic Times,http://articles.economictimes.indiatimes.com/2013-10-10/news/42903314_1_export-price-price-rise-onion-prices,1,traders nexus,,0
2013-10-10,2013-10-10,The Economic Times,http://articles.economictimes.indiatimes.com/2013-10-10/news/42903314_1_export-price-price-rise-onion-prices,0,traders nexus,,0
2013-10-11,2013-10-10,The Economic Times,http://articles.economictimes.indiatimes.com/2013-10-10/news/42903314_1_export-price-price-rise-onion-prices,-1,traders nexus,,0
2013-10-12,2013-10-10,The Economic Times,http://articles.economictimes.indiatimes.com/2013-10-10/news/42903314_1_export-price-price-rise-onion-prices,-2,traders nexus,,0
2013-10-13,2013-10-10,The Economic Times,http://articles.economictimes.indiatimes.com/2013-10-10/news/42903314_1_export-price-price-rise-onion-prices,-3,traders nexus,,0
2013-10-14,2013-10-10,The Economic Times,http://articles.economictimes.indiatimes.com/2013-10-10/news/42903314_1_export-price-price-rise-onion-prices,-4,traders nexus,,0
2013-10-15,2013-10-10,The Economic Times,http://articles.economictimes.indiatimes.com/2013-10-10/news/42903314_1_export-price-price-rise-onion-prices,-5,traders nexus,,0
2013-10-17,2013-10-22,NDTV,http://profit.ndtv.com/news/cheat-sheet/article-why-onion-prices-are-inching-towards-rs-100-per-kg-370138,5,low supply,,0
2013-10-18,2013-10-22,NDTV,http://profit.ndtv.com/news/cheat-sheet/article-why-onion-prices-are-inching-towards-rs-100-per-kg-370138,4,low supply,,0
2013-10-19,2013-10-22,NDTV,http://profit.ndtv.com/news/cheat-sheet/article-why-onion-prices-are-inching-towards-rs-100-per-kg-370138,3,low supply,,0
2013-10-20,2013-10-22,NDTV,http://profit.ndtv.com/news/cheat-sheet/article-why-onion-prices-are-inching-towards-rs-100-per-kg-370138,2,low supply,,0
2013-10-21,2013-10-22,NDTV,http://profit.ndtv.com/news/cheat-sheet/article-why-onion-prices-are-inching-towards-rs-100-per-kg-370138,1,low supply,,0
2013-10-22,2013-10-22,NDTV,http://profit.ndtv.com/news/cheat-sheet/article-why-onion-prices-are-inching-towards-rs-100-per-kg-370138,0,low supply,,0
2013-10-23,2013-10-22,NDTV,http://profit.ndtv.com/news/cheat-sheet/article-why-onion-prices-are-inching-towards-rs-100-per-kg-370138,-1,low supply,,0
2013-10-24,2013-10-22,NDTV,http://profit.ndtv.com/news/cheat-sheet/article-why-onion-prices-are-inching-towards-rs-100-per-kg-370138,-2,low supply,,0
2013-10-25,2013-10-22,NDTV,http://profit.ndtv.com/news/cheat-sheet/article-why-onion-prices-are-inching-towards-rs-100-per-kg-370138,-3,low supply,,0
2013-10-26,2013-10-22,NDTV,http://profit.ndtv.com/news/cheat-sheet/article-why-onion-prices-are-inching-towards-rs-100-per-kg-370138,-4,low supply,,0
2013-10-27,2013-10-22,NDTV,http://profit.ndtv.com/news/cheat-sheet/article-why-onion-prices-are-inching-towards-rs-100-per-kg-370138,-5,low supply,,0
2013-10-28,2013-10-23,The Hindustan Times,http://www.hindustantimes.com/india/rs-100-and-rising-onion-prices-surge-uncontrollably/story-sFzxWMO87KI5KnQ2FXdLFL.html,-5,bad weather,no,None
2013-10-29,2013-10-24,The Hindu,http://www.thehindu.com/business/Industry/india-floats-tender-for-import-of-onions/article5264970.ece,-5,traders nexus,,10
2013-10-30,2013-10-25,First Post,http://www.firstpost.com/india/why-onions-are-rs-100kg-despite-10-crop-increase-supply-traders-1194063.html,-5,traders nexus,,0
2013-10-31,2013-10-26,NDTV,http://www.ndtv.com/india-news/chief-ministers-onion-mission-begins-in-assam-538929,-5,Not mentioned,,0
2013-11-01,2013-10-28,DNA,http://www.dnaindia.com/mumbai/report-dna-exclusive-traders-not-farmers-making-the-most-of-soaring-onion-price-1909850,-4,traders nexus,,0
2013-11-02,2013-10-28,DNA,http://www.dnaindia.com/mumbai/report-dna-exclusive-traders-not-farmers-making-the-most-of-soaring-onion-price-1909850,-5,traders nexus,,0
2013-11-03,2013-11-04,The Hindu,http://www.thehindu.com/business/markets/govt-hikes-onion-mep-to-1150-per-tonne-to-check-prices/article5313950.ece,1,low supply,,30
2013-11-04,2013-11-04,The Hindu,http://www.thehindu.com/business/markets/govt-hikes-onion-mep-to-1150-per-tonne-to-check-prices/article5313950.ece,0,low supply,,30
2013-11-05,2013-11-04,The Hindu,http://www.thehindu.com/business/markets/govt-hikes-onion-mep-to-1150-per-tonne-to-check-prices/article5313950.ece,-1,low supply,,30
2013-11-06,2013-11-04,The Hindu,http://www.thehindu.com/business/markets/govt-hikes-onion-mep-to-1150-per-tonne-to-check-prices/article5313950.ece,-2,low supply,,30
2013-11-07,2013-11-04,The Hindu,http://www.thehindu.com/business/markets/govt-hikes-onion-mep-to-1150-per-tonne-to-check-prices/article5313950.ece,-3,low supply,,30
2013-11-08,2013-11-04,The Hindu,http://www.thehindu.com/business/markets/govt-hikes-onion-mep-to-1150-per-tonne-to-check-prices/article5313950.ece,-4,low supply,,30
2013-11-09,2013-11-04,The Hindu,http://www.thehindu.com/business/markets/govt-hikes-onion-mep-to-1150-per-tonne-to-check-prices/article5313950.ece,-5,low supply,,30
2013-11-10,2013-11-06,The Hindu,http://www.thehindu.com/business/Industry/after-onions-tomato-prices-soar/article5317582.ece,-4,Increased prices of onion,,0
2013-11-11,2013-11-06,The Hindu,http://www.thehindu.com/business/Industry/after-onions-tomato-prices-soar/article5317582.ece,-5,Increased prices of onion,,0
2013-11-12,2013-11-13,The Times of India,http://timesofindia.indiatimes.com/india/No-let-up-in-prices-of-onion-potato-tomato/articleshow/25664320.cms,1,traders nexus,,12
2013-11-13,2013-11-13,The Times of India,http://timesofindia.indiatimes.com/india/No-let-up-in-prices-of-onion-potato-tomato/articleshow/25664320.cms,0,traders nexus,,12
2013-11-14,2013-11-13,The Times of India,http://timesofindia.indiatimes.com/india/No-let-up-in-prices-of-onion-potato-tomato/articleshow/25664320.cms,-1,traders nexus,,12
2013-11-15,2013-11-13,The Times of India,http://timesofindia.indiatimes.com/india/No-let-up-in-prices-of-onion-potato-tomato/articleshow/25664320.cms,-2,traders nexus,,12
2013-11-16,2013-11-13,The Times of India,http://timesofindia.indiatimes.com/india/No-let-up-in-prices-of-onion-potato-tomato/articleshow/25664320.cms,-3,traders nexus,,12
2013-11-17,2013-11-13,The Times of India,http://timesofindia.indiatimes.com/india/No-let-up-in-prices-of-onion-potato-tomato/articleshow/25664320.cms,-4,traders nexus,,12
2013-11-18,2013-11-13,The Times of India,http://timesofindia.indiatimes.com/india/No-let-up-in-prices-of-onion-potato-tomato/articleshow/25664320.cms,-5,traders nexus,,12
2013-11-19,2013-11-15,The Times of India,http://timesofindia.indiatimes.com/business/india-business/Onion-prices-up-278-tomato-122-in-one-year/articleshow/25780005.cms,-4,not stated,,365
2013-11-20,2013-11-15,The Times of India,http://timesofindia.indiatimes.com/business/india-business/Onion-prices-up-278-tomato-122-in-one-year/articleshow/25780005.cms,-5,not stated,,365
2013-11-21,2013-11-19,First Post,http://www.firstpost.com/politics/onion-tomato-price-hoardings-to-malign-party-cong-writes-to-ec-1238589.html,-2,traders nexus,,0
2013-11-22,2013-11-19,First Post,http://www.firstpost.com/politics/onion-tomato-price-hoardings-to-malign-party-cong-writes-to-ec-1238589.html,-3,traders nexus,,0
2013-11-23,2013-11-19,First Post,http://www.firstpost.com/politics/onion-tomato-price-hoardings-to-malign-party-cong-writes-to-ec-1238589.html,-4,traders nexus,,0
2013-11-24,2013-11-19,First Post,http://www.firstpost.com/politics/onion-tomato-price-hoardings-to-malign-party-cong-writes-to-ec-1238589.html,-5,traders nexus,,0
2013-12-08,2013-12-13,The Economic Times,http://articles.economictimes.indiatimes.com/2015-09-11/news/66434886_1_lasalgaon-apmc-onion-prices-onion-exporters-association,5,not stated,no,None
2013-12-09,2013-12-13,The Economic Times,http://articles.economictimes.indiatimes.com/2015-09-11/news/66434886_1_lasalgaon-apmc-onion-prices-onion-exporters-association,4,not stated,no,None
2013-12-10,2013-12-13,The Economic Times,http://articles.economictimes.indiatimes.com/2015-09-11/news/66434886_1_lasalgaon-apmc-onion-prices-onion-exporters-association,3,not stated,no,None
2013-12-11,2013-12-13,The Economic Times,http://articles.economictimes.indiatimes.com/2015-09-11/news/66434886_1_lasalgaon-apmc-onion-prices-onion-exporters-association,2,not stated,no,None
2013-12-12,2013-12-13,The Economic Times,http://articles.economictimes.indiatimes.com/2015-09-11/news/66434886_1_lasalgaon-apmc-onion-prices-onion-exporters-association,1,not stated,no,None
2013-12-13,2013-12-13,The Economic Times,http://articles.economictimes.indiatimes.com/2015-09-11/news/66434886_1_lasalgaon-apmc-onion-prices-onion-exporters-association,0,not stated,no,None
2013-12-14,2013-12-13,The Economic Times,http://articles.economictimes.indiatimes.com/2015-09-11/news/66434886_1_lasalgaon-apmc-onion-prices-onion-exporters-association,-1,not stated,no,None
2013-12-15,2013-12-13,The Economic Times,http://articles.economictimes.indiatimes.com/2015-09-11/news/66434886_1_lasalgaon-apmc-onion-prices-onion-exporters-association,-2,not stated,no,None
2013-12-16,2013-12-13,The Economic Times,http://articles.economictimes.indiatimes.com/2015-09-11/news/66434886_1_lasalgaon-apmc-onion-prices-onion-exporters-association,-3,not stated,no,None
2013-12-17,2013-12-13,The Economic Times,http://articles.economictimes.indiatimes.com/2015-09-11/news/66434886_1_lasalgaon-apmc-onion-prices-onion-exporters-association,-4,not stated,no,None
2013-12-18,2013-12-13,The Economic Times,http://articles.economictimes.indiatimes.com/2015-09-11/news/66434886_1_lasalgaon-apmc-onion-prices-onion-exporters-association,-5,not stated,no,None
2014-06-17,2014-06-13,Business Standard,http://www.business-standard.com/article/economy-policy/onion-prices-show-mixed-signals-114061301168_1.html,-4,not stated,normal trend,None
2014-12-13,2014-12-18,Business Standard,http://www.business-standard.com/article/markets/onion-price-rises-65-this-month-as-rain-interrupts-harvest-114121800395_1.html,5,unseasonal rainfall,,18
2014-12-14,2014-12-18,Business Standard,http://www.business-standard.com/article/markets/onion-price-rises-65-this-month-as-rain-interrupts-harvest-114121800395_1.html,4,unseasonal rainfall,,18
2014-12-15,2014-12-18,Business Standard,http://www.business-standard.com/article/markets/onion-price-rises-65-this-month-as-rain-interrupts-harvest-114121800395_1.html,3,unseasonal rainfall,,18
2014-12-16,2014-12-18,Business Standard,http://www.business-standard.com/article/markets/onion-price-rises-65-this-month-as-rain-interrupts-harvest-114121800395_1.html,2,unseasonal rainfall,,18
2014-12-17,2014-12-18,Business Standard,http://www.business-standard.com/article/markets/onion-price-rises-65-this-month-as-rain-interrupts-harvest-114121800395_1.html,1,unseasonal rainfall,,18
2014-12-18,2014-12-18,Business Standard,http://www.business-standard.com/article/markets/onion-price-rises-65-this-month-as-rain-interrupts-harvest-114121800395_1.html,0,unseasonal rainfall,,18
2014-12-19,2014-12-18,Business Standard,http://www.business-standard.com/article/markets/onion-price-rises-65-this-month-as-rain-interrupts-harvest-114121800395_1.html,-1,unseasonal rainfall,,18
2014-12-20,2014-12-18,Business Standard,http://www.business-standard.com/article/markets/onion-price-rises-65-this-month-as-rain-interrupts-harvest-114121800395_1.html,-2,unseasonal rainfall,,18
2014-12-21,2014-12-18,Business Standard,http://www.business-standard.com/article/markets/onion-price-rises-65-this-month-as-rain-interrupts-harvest-114121800395_1.html,-3,unseasonal rainfall,,18
2014-12-22,2014-12-18,Business Standard,http://www.business-standard.com/article/markets/onion-price-rises-65-this-month-as-rain-interrupts-harvest-114121800395_1.html,-4,unseasonal rainfall,,18
2014-12-23,2014-12-18,Business Standard,http://www.business-standard.com/article/markets/onion-price-rises-65-this-month-as-rain-interrupts-harvest-114121800395_1.html,-5,unseasonal rainfall,,18
Graph Based Result:::
Date,Value
News Data
Start Date, End Date,News Source,Link,Days,Reason,Comment,Days Reported
VAR Result:::
Date,Value
News Data
Start Date, End Date,News Source,Link,Days,Reason,Comment,Days Reported
(1U2U3) Result:::
Date
2006-01-15 00:00:00
2006-01-16 00:00:00
2006-01-17 00:00:00
2006-01-18 00:00:00
2006-01-19 00:00:00
2006-01-20 00:00:00
2006-01-21 00:00:00
2006-05-21 00:00:00
2006-05-22 00:00:00
2006-05-23 00:00:00
2006-05-24 00:00:00
2006-05-25 00:00:00
2006-05-26 00:00:00
2006-05-27 00:00:00
2006-07-09 00:00:00
2006-07-10 00:00:00
2006-07-11 00:00:00
2006-07-12 00:00:00
2006-07-13 00:00:00
2006-07-14 00:00:00
2006-07-15 00:00:00
2006-10-01 00:00:00
2006-10-02 00:00:00
2006-10-03 00:00:00
2006-10-04 00:00:00
2006-10-05 00:00:00
2006-10-06 00:00:00
2006-10-07 00:00:00
2006-11-12 00:00:00
2006-11-13 00:00:00
2006-11-14 00:00:00
2006-11-15 00:00:00
2006-11-16 00:00:00
2006-11-17 00:00:00
2006-11-18 00:00:00
2007-01-14 00:00:00
2007-01-15 00:00:00
2007-01-16 00:00:00
2007-01-17 00:00:00
2007-01-18 00:00:00
2007-01-19 00:00:00
2007-01-20 00:00:00
2007-05-06 00:00:00
2007-05-07 00:00:00
2007-05-08 00:00:00
2007-05-09 00:00:00
2007-05-10 00:00:00
2007-05-11 00:00:00
2007-05-12 00:00:00
2007-06-17 00:00:00
2007-06-18 00:00:00
2007-06-19 00:00:00
2007-06-20 00:00:00
2007-06-21 00:00:00
2007-06-22 00:00:00
2007-06-23 00:00:00
2007-07-15 00:00:00
2007-07-16 00:00:00
2007-07-17 00:00:00
2007-07-18 00:00:00
2007-07-19 00:00:00
2007-07-20 00:00:00
2007-07-21 00:00:00
2007-08-19 00:00:00
2007-08-20 00:00:00
2007-08-21 00:00:00
2007-08-22 00:00:00
2007-08-23 00:00:00
2007-08-24 00:00:00
2007-08-25 00:00:00
2007-08-26 00:00:00
2007-08-27 00:00:00
2007-08-28 00:00:00
2007-08-29 00:00:00
2007-08-30 00:00:00
2007-08-31 00:00:00
2007-09-01 00:00:00
2007-09-02 00:00:00
2007-09-03 00:00:00
2007-09-04 00:00:00
2007-09-05 00:00:00
2007-09-06 00:00:00
2007-09-07 00:00:00
2007-09-08 00:00:00
2007-09-09 00:00:00
2007-09-10 00:00:00
2007-09-11 00:00:00
2007-09-12 00:00:00
2007-09-13 00:00:00
2007-09-14 00:00:00
2007-09-15 00:00:00
2007-09-16 00:00:00
2007-09-17 00:00:00
2007-09-18 00:00:00
2007-09-19 00:00:00
2007-09-20 00:00:00
2007-09-21 00:00:00
2007-09-22 00:00:00
2008-02-17 00:00:00
2008-02-18 00:00:00
2008-02-19 00:00:00
2008-02-20 00:00:00
2008-02-21 00:00:00
2008-02-22 00:00:00
2008-02-23 00:00:00
2008-07-27 00:00:00
2008-07-28 00:00:00
2008-07-29 00:00:00
2008-07-30 00:00:00
2008-07-31 00:00:00
2008-08-01 00:00:00
2008-08-02 00:00:00
2008-11-23 00:00:00
2008-11-24 00:00:00
2008-11-25 00:00:00
2008-11-26 00:00:00
2008-11-27 00:00:00
2008-11-28 00:00:00
2008-11-29 00:00:00
2008-11-30 00:00:00
2008-12-01 00:00:00
2008-12-02 00:00:00
2008-12-03 00:00:00
2008-12-04 00:00:00
2008-12-05 00:00:00
2008-12-06 00:00:00
2009-03-22 00:00:00
2009-03-23 00:00:00
2009-03-24 00:00:00
2009-03-25 00:00:00
2009-03-26 00:00:00
2009-03-27 00:00:00
2009-03-28 00:00:00
2009-06-14 00:00:00
2009-06-15 00:00:00
2009-06-16 00:00:00
2009-06-17 00:00:00
2009-06-18 00:00:00
2009-06-19 00:00:00
2009-06-20 00:00:00
2009-07-19 00:00:00
2009-07-20 00:00:00
2009-07-21 00:00:00
2009-07-22 00:00:00
2009-07-23 00:00:00
2009-07-24 00:00:00
2009-07-25 00:00:00
2009-11-01 00:00:00
2009-11-02 00:00:00
2009-11-03 00:00:00
2009-11-04 00:00:00
2009-11-05 00:00:00
2009-11-06 00:00:00
2009-11-07 00:00:00
2010-09-19 00:00:00
2010-09-20 00:00:00
2010-09-21 00:00:00
2010-09-22 00:00:00
2010-09-23 00:00:00
2010-09-24 00:00:00
2010-09-25 00:00:00
2010-09-26 00:00:00
2010-09-27 00:00:00
2010-09-28 00:00:00
2010-09-29 00:00:00
2010-09-30 00:00:00
2010-10-01 00:00:00
2010-10-02 00:00:00
2010-10-03 00:00:00
2010-10-04 00:00:00
2010-10-05 00:00:00
2010-10-06 00:00:00
2010-10-07 00:00:00
2010-10-08 00:00:00
2010-10-09 00:00:00
2010-11-16 00:00:00
2010-11-17 00:00:00
2010-11-18 00:00:00
2010-11-19 00:00:00
2010-11-20 00:00:00
2010-11-21 00:00:00
2010-11-22 00:00:00
2010-11-23 00:00:00
2010-11-24 00:00:00
2010-11-25 00:00:00
2010-11-26 00:00:00
2010-11-27 00:00:00
2010-11-28 00:00:00
2010-11-29 00:00:00
2010-11-30 00:00:00
2010-12-01 00:00:00
2010-12-02 00:00:00
2010-12-03 00:00:00
2010-12-04 00:00:00
2010-12-05 00:00:00
2010-12-06 00:00:00
2010-12-07 00:00:00
2010-12-08 00:00:00
2010-12-09 00:00:00
2010-12-10 00:00:00
2010-12-11 00:00:00
2010-12-12 00:00:00
2010-12-13 00:00:00
2010-12-14 00:00:00
2010-12-15 00:00:00
2010-12-16 00:00:00
2010-12-17 00:00:00
2010-12-18 00:00:00
2010-12-19 00:00:00
2010-12-20 00:00:00
2010-12-21 00:00:00
2010-12-22 00:00:00
2010-12-23 00:00:00
2010-12-24 00:00:00
2010-12-25 00:00:00
2010-12-26 00:00:00
2010-12-27 00:00:00
2010-12-28 00:00:00
2010-12-29 00:00:00
2010-12-30 00:00:00
2010-12-31 00:00:00
2011-01-01 00:00:00
2011-01-02 00:00:00
2011-01-03 00:00:00
2011-01-04 00:00:00
2011-01-05 00:00:00
2011-01-06 00:00:00
2011-01-07 00:00:00
2011-01-08 00:00:00
2011-01-09 00:00:00
2011-01-10 00:00:00
2011-01-11 00:00:00
2011-01-12 00:00:00
2011-01-13 00:00:00
2011-01-14 00:00:00
2011-01-15 00:00:00
2011-01-16 00:00:00
2011-01-17 00:00:00
2011-01-18 00:00:00
2011-01-19 00:00:00
2011-01-20 00:00:00
2011-01-21 00:00:00
2011-01-22 00:00:00
2011-01-23 00:00:00
2011-01-24 00:00:00
2011-01-25 00:00:00
2011-01-26 00:00:00
2011-01-27 00:00:00
2011-01-28 00:00:00
2011-01-29 00:00:00
2011-01-30 00:00:00
2011-01-31 00:00:00
2011-02-01 00:00:00
2011-02-02 00:00:00
2011-02-03 00:00:00
2011-02-04 00:00:00
2011-02-05 00:00:00
2011-02-06 00:00:00
2011-02-07 00:00:00
2011-02-08 00:00:00
2011-02-09 00:00:00
2011-02-13 00:00:00
2011-02-14 00:00:00
2011-02-15 00:00:00
2011-02-16 00:00:00
2011-02-17 00:00:00
2011-02-18 00:00:00
2011-02-19 00:00:00
2011-03-06 00:00:00
2011-03-07 00:00:00
2011-03-08 00:00:00
2011-03-09 00:00:00
2011-03-10 00:00:00
2011-03-11 00:00:00
2011-03-12 00:00:00
2011-03-13 00:00:00
2011-03-14 00:00:00
2011-03-15 00:00:00
2011-03-16 00:00:00
2011-03-17 00:00:00
2011-03-18 00:00:00
2011-03-19 00:00:00
2011-05-08 00:00:00
2011-05-09 00:00:00
2011-05-10 00:00:00
2011-05-11 00:00:00
2011-05-12 00:00:00
2011-05-13 00:00:00
2011-05-14 00:00:00
2011-07-10 00:00:00
2011-07-11 00:00:00
2011-07-12 00:00:00
2011-07-13 00:00:00
2011-07-14 00:00:00
2011-07-15 00:00:00
2011-07-16 00:00:00
2012-01-29 00:00:00
2012-01-30 00:00:00
2012-01-31 00:00:00
2012-02-01 00:00:00
2012-02-02 00:00:00
2012-02-03 00:00:00
2012-02-04 00:00:00
2012-02-12 00:00:00
2012-02-13 00:00:00
2012-02-14 00:00:00
2012-02-15 00:00:00
2012-02-16 00:00:00
2012-02-17 00:00:00
2012-02-18 00:00:00
2012-02-19 00:00:00
2012-02-20 00:00:00
2012-02-21 00:00:00
2012-02-22 00:00:00
2012-02-23 00:00:00
2012-02-24 00:00:00
2012-02-25 00:00:00
2012-04-22 00:00:00
2012-04-23 00:00:00
2012-04-24 00:00:00
2012-04-25 00:00:00
2012-04-26 00:00:00
2012-04-27 00:00:00
2012-04-28 00:00:00
2012-05-27 00:00:00
2012-05-28 00:00:00
2012-05-29 00:00:00
2012-05-30 00:00:00
2012-05-31 00:00:00
2012-06-01 00:00:00
2012-06-02 00:00:00
2012-06-24 00:00:00
2012-06-25 00:00:00
2012-06-26 00:00:00
2012-06-27 00:00:00
2012-06-28 00:00:00
2012-06-29 00:00:00
2012-06-30 00:00:00
2012-07-01 00:00:00
2012-07-02 00:00:00
2012-07-03 00:00:00
2012-07-04 00:00:00
2012-07-05 00:00:00
2012-07-06 00:00:00
2012-07-07 00:00:00
2012-07-15 00:00:00
2012-07-16 00:00:00
2012-07-17 00:00:00
2012-07-18 00:00:00
2012-07-19 00:00:00
2012-07-20 00:00:00
2012-07-21 00:00:00
2012-08-05 00:00:00
2012-08-06 00:00:00
2012-08-07 00:00:00
2012-08-08 00:00:00
2012-08-09 00:00:00
2012-08-10 00:00:00
2012-08-11 00:00:00
2012-08-26 00:00:00
2012-08-27 00:00:00
2012-08-28 00:00:00
2012-08-29 00:00:00
2012-08-30 00:00:00
2012-08-31 00:00:00
2012-09-01 00:00:00
2012-10-28 00:00:00
2012-10-29 00:00:00
2012-10-30 00:00:00
2012-10-31 00:00:00
2012-11-01 00:00:00
2012-11-02 00:00:00
2012-11-03 00:00:00
2013-02-24 00:00:00
2013-02-25 00:00:00
2013-02-26 00:00:00
2013-02-27 00:00:00
2013-02-28 00:00:00
2013-03-01 00:00:00
2013-03-02 00:00:00
2013-04-07 00:00:00
2013-04-08 00:00:00
2013-04-09 00:00:00
2013-04-10 00:00:00
2013-04-11 00:00:00
2013-04-12 00:00:00
2013-04-13 00:00:00
2013-05-12 00:00:00
2013-05-13 00:00:00
2013-05-14 00:00:00
2013-05-15 00:00:00
2013-05-16 00:00:00
2013-05-17 00:00:00
2013-05-18 00:00:00
2013-05-26 00:00:00
2013-05-27 00:00:00
2013-05-28 00:00:00
2013-05-29 00:00:00
2013-05-30 00:00:00
2013-05-31 00:00:00
2013-06-01 00:00:00
2013-06-02 00:00:00
2013-06-03 00:00:00
2013-06-04 00:00:00
2013-06-05 00:00:00
2013-06-06 00:00:00
2013-06-07 00:00:00
2013-06-08 00:00:00
2013-07-16 00:00:00
2013-07-17 00:00:00
2013-07-18 00:00:00
2013-07-19 00:00:00
2013-07-20 00:00:00
2013-07-21 00:00:00
2013-07-22 00:00:00
2013-07-23 00:00:00
2013-07-24 00:00:00
2013-07-25 00:00:00
2013-07-26 00:00:00
2013-07-27 00:00:00
2013-07-28 00:00:00
2013-07-29 00:00:00
2013-07-30 00:00:00
2013-07-31 00:00:00
2013-08-01 00:00:00
2013-08-02 00:00:00
2013-08-03 00:00:00
2013-08-04 00:00:00
2013-08-05 00:00:00
2013-08-06 00:00:00
2013-08-07 00:00:00
2013-08-08 00:00:00
2013-08-09 00:00:00
2013-08-10 00:00:00
2013-08-11 00:00:00
2013-08-12 00:00:00
2013-08-13 00:00:00
2013-08-14 00:00:00
2013-08-15 00:00:00
2013-08-16 00:00:00
2013-08-17 00:00:00
2013-08-18 00:00:00
2013-08-19 00:00:00
2013-08-20 00:00:00
2013-08-21 00:00:00
2013-08-22 00:00:00
2013-08-23 00:00:00
2013-08-24 00:00:00
2013-08-25 00:00:00
2013-08-26 00:00:00
2013-08-27 00:00:00
2013-08-28 00:00:00
2013-08-29 00:00:00
2013-08-30 00:00:00
2013-08-31 00:00:00
2013-09-01 00:00:00
2013-09-02 00:00:00
2013-09-03 00:00:00
2013-09-04 00:00:00
2013-09-05 00:00:00
2013-09-06 00:00:00
2013-09-07 00:00:00
2013-09-08 00:00:00
2013-09-09 00:00:00
2013-09-10 00:00:00
2013-09-11 00:00:00
2013-09-13 00:00:00
2013-09-14 00:00:00
2013-09-15 00:00:00
2013-09-16 00:00:00
2013-09-17 00:00:00
2013-09-18 00:00:00
2013-09-19 00:00:00
2013-09-20 00:00:00
2013-09-21 00:00:00
2013-09-22 00:00:00
2013-09-23 00:00:00
2013-09-24 00:00:00
2013-09-25 00:00:00
2013-09-26 00:00:00
2013-09-27 00:00:00
2013-09-28 00:00:00
2013-09-29 00:00:00
2013-09-30 00:00:00
2013-10-01 00:00:00
2013-10-02 00:00:00
2013-10-03 00:00:00
2013-10-04 00:00:00
2013-10-05 00:00:00
2013-10-06 00:00:00
2013-10-07 00:00:00
2013-10-08 00:00:00
2013-10-09 00:00:00
2013-10-10 00:00:00
2013-10-11 00:00:00
2013-10-12 00:00:00
2013-10-13 00:00:00
2013-10-14 00:00:00
2013-10-15 00:00:00
2013-10-16 00:00:00
2013-10-17 00:00:00
2013-10-18 00:00:00
2013-10-19 00:00:00
2013-10-20 00:00:00
2013-10-21 00:00:00
2013-10-22 00:00:00
2013-10-23 00:00:00
2013-10-24 00:00:00
2013-10-25 00:00:00
2013-10-26 00:00:00
2013-10-27 00:00:00
2013-10-28 00:00:00
2013-10-29 00:00:00
2013-10-30 00:00:00
2013-10-31 00:00:00
2013-11-01 00:00:00
2013-11-02 00:00:00
2013-11-03 00:00:00
2013-11-04 00:00:00
2013-11-05 00:00:00
2013-11-06 00:00:00
2013-11-07 00:00:00
2013-11-08 00:00:00
2013-11-09 00:00:00
2013-11-10 00:00:00
2013-11-11 00:00:00
2013-11-12 00:00:00
2013-11-13 00:00:00
2013-11-14 00:00:00
2013-11-15 00:00:00
2013-11-16 00:00:00
2013-11-17 00:00:00
2013-11-18 00:00:00
2013-11-19 00:00:00
2013-11-20 00:00:00
2013-11-21 00:00:00
2013-11-22 00:00:00
2013-11-23 00:00:00
2013-11-24 00:00:00
2013-11-25 00:00:00
2013-11-26 00:00:00
2013-11-27 00:00:00
2013-11-28 00:00:00
2013-11-29 00:00:00
2013-11-30 00:00:00
2013-12-01 00:00:00
2013-12-02 00:00:00
2013-12-03 00:00:00
2013-12-04 00:00:00
2013-12-05 00:00:00
2013-12-06 00:00:00
2013-12-07 00:00:00
2013-12-08 00:00:00
2013-12-09 00:00:00
2013-12-10 00:00:00
2013-12-11 00:00:00
2013-12-12 00:00:00
2013-12-13 00:00:00
2013-12-14 00:00:00
2013-12-15 00:00:00
2013-12-16 00:00:00
2013-12-17 00:00:00
2013-12-18 00:00:00
2013-12-19 00:00:00
2013-12-20 00:00:00
2013-12-21 00:00:00
2013-12-22 00:00:00
2013-12-23 00:00:00
2013-12-24 00:00:00
2013-12-25 00:00:00
2013-12-26 00:00:00
2013-12-27 00:00:00
2013-12-28 00:00:00
2013-12-29 00:00:00
2013-12-30 00:00:00
2013-12-31 00:00:00
2014-01-01 00:00:00
2014-01-02 00:00:00
2014-01-03 00:00:00
2014-01-04 00:00:00
2014-01-05 00:00:00
2014-01-19 00:00:00
2014-01-20 00:00:00
2014-01-21 00:00:00
2014-01-22 00:00:00
2014-01-23 00:00:00
2014-01-24 00:00:00
2014-01-25 00:00:00
2014-05-11 00:00:00
2014-05-12 00:00:00
2014-05-13 00:00:00
2014-05-14 00:00:00
2014-05-15 00:00:00
2014-05-16 00:00:00
2014-05-17 00:00:00
2014-05-25 00:00:00
2014-05-26 00:00:00
2014-05-27 00:00:00
2014-05-28 00:00:00
2014-05-29 00:00:00
2014-05-30 00:00:00
2014-05-31 00:00:00
2014-06-17 00:00:00
2014-07-06 00:00:00
2014-07-07 00:00:00
2014-07-08 00:00:00
2014-07-09 00:00:00
2014-07-10 00:00:00
2014-07-11 00:00:00
2014-07-12 00:00:00
2014-08-25 00:00:00
2014-08-26 00:00:00
2014-08-27 00:00:00
2014-08-28 00:00:00
2014-09-05 00:00:00
2014-09-06 00:00:00
2014-09-07 00:00:00
2014-09-15 00:00:00
2014-09-16 00:00:00
2014-09-17 00:00:00
2014-09-18 00:00:00
2014-09-19 00:00:00
2014-09-20 00:00:00
2014-09-21 00:00:00
2014-09-22 00:00:00
2014-09-23 00:00:00
2014-09-24 00:00:00
2014-09-25 00:00:00
2014-09-26 00:00:00
2014-09-27 00:00:00
2014-09-28 00:00:00
2014-09-29 00:00:00
2014-09-30 00:00:00
2014-10-01 00:00:00
2014-10-02 00:00:00
2014-10-03 00:00:00
2014-10-04 00:00:00
2014-10-05 00:00:00
2014-10-06 00:00:00
2014-10-07 00:00:00
2014-10-08 00:00:00
2014-10-09 00:00:00
2014-10-10 00:00:00
2014-10-11 00:00:00
2014-10-12 00:00:00
2014-10-13 00:00:00
2014-10-14 00:00:00
2014-10-15 00:00:00
2014-10-16 00:00:00
2014-10-17 00:00:00
2014-10-18 00:00:00
2014-10-22 00:00:00
2014-10-23 00:00:00
2014-11-05 00:00:00
2014-11-06 00:00:00
2014-11-07 00:00:00
2014-11-08 00:00:00
2014-11-09 00:00:00
2014-11-10 00:00:00
2014-11-11 00:00:00
2014-11-12 00:00:00
2014-11-13 00:00:00
2014-11-14 00:00:00
2014-11-15 00:00:00
2014-11-16 00:00:00
2014-11-17 00:00:00
2014-11-18 00:00:00
2014-11-19 00:00:00
2014-11-20 00:00:00
2014-11-21 00:00:00
2014-11-22 00:00:00
2014-11-23 00:00:00
2014-11-24 00:00:00
2014-11-25 00:00:00
2014-11-26 00:00:00
2014-11-27 00:00:00
2014-11-28 00:00:00
2014-11-29 00:00:00
2014-11-30 00:00:00
2014-12-01 00:00:00
2014-12-02 00:00:00
2014-12-03 00:00:00
2014-12-04 00:00:00
2014-12-05 00:00:00
2014-12-06 00:00:00
2014-12-07 00:00:00
2014-12-08 00:00:00
2014-12-09 00:00:00
2014-12-10 00:00:00
2014-12-11 00:00:00
2014-12-12 00:00:00
2014-12-13 00:00:00
2014-12-14 00:00:00
2014-12-15 00:00:00
2014-12-16 00:00:00
2014-12-17 00:00:00
2014-12-18 00:00:00
2014-12-19 00:00:00
2014-12-20 00:00:00
2014-12-21 00:00:00
2014-12-22 00:00:00
2014-12-23 00:00:00
2014-12-24 00:00:00
2014-12-25 00:00:00
2014-12-26 00:00:00
2014-12-27 00:00:00
2014-12-28 00:00:00
News Data
Start Date, End Date,News Source,Link,Days,Reason,Comment,Days Reported
2010-12-15,2010-12-20,The Hindu,http://www.thehindu.com/business/Economy/imported-onion-arrive-from-pakistan/article965607.ece,5,not stated,,0
2010-12-16,2010-12-20,The Hindu,http://www.thehindu.com/business/Economy/imported-onion-arrive-from-pakistan/article965607.ece,4,not stated,,0
2010-12-17,2010-12-20,The Hindu,http://www.thehindu.com/business/Economy/imported-onion-arrive-from-pakistan/article965607.ece,3,not stated,,0
2010-12-18,2010-12-20,The Hindu,http://www.thehindu.com/business/Economy/imported-onion-arrive-from-pakistan/article965607.ece,2,not stated,,0
2010-12-19,2010-12-20,The Hindu,http://www.thehindu.com/business/Economy/imported-onion-arrive-from-pakistan/article965607.ece,1,not stated,,0
2010-12-20,2010-12-20,The Hindu,http://www.thehindu.com/business/Economy/imported-onion-arrive-from-pakistan/article965607.ece,0,not stated,,0
2010-12-21,2010-12-20,The Hindu,http://www.thehindu.com/business/Economy/imported-onion-arrive-from-pakistan/article965607.ece,-1,not stated,,0
2010-12-22,2010-12-20,The Hindu,http://www.thehindu.com/business/Economy/imported-onion-arrive-from-pakistan/article965607.ece,-2,not stated,,0
2010-12-23,2010-12-20,The Hindu,http://www.thehindu.com/business/Economy/imported-onion-arrive-from-pakistan/article965607.ece,-3,not stated,,0
2010-12-24,2010-12-20,The Hindu,http://www.thehindu.com/business/Economy/imported-onion-arrive-from-pakistan/article965607.ece,-4,not stated,,0
2010-12-25,2010-12-20,The Hindu,http://www.thehindu.com/business/Economy/imported-onion-arrive-from-pakistan/article965607.ece,-5,not stated,,0
2010-12-26,2010-12-21,The Economic Times,http://articles.economictimes.indiatimes.com/2010-12-21/news/27586208_1_minimum-export-price-onion-prices-mep,-5,traders nexus,,0
2010-12-27,2010-12-22,NDTV,http://www.ndtv.com/india-news/why-onion-prices-are-so-high-442629,-5,unseasonal rainfall,,7
2010-12-28,2010-12-23,The Times of India,http://timesofindia.indiatimes.com/city/pune/Onion-prices-still-leave-consumers-teary-eyed/articleshow/7147525.cms,-5,unseasonal rainfall,,0
2010-12-29,2010-12-24,Business Standard,http://www.business-standard.com/article/economy-policy/wholesale-onion-prices-slide-20-in-lasalgaon-manmad-110122400137_1.html,-5,not stated,Prices went down, but for good quality prices went high,None
2010-12-30,2011-01-03,NDTV,http://www.ndtv.com/mumbai-news/mumbai-trader-sells-onions-at-rs-12-per-kg-443770,4,not stated,,0
2010-12-31,2011-01-03,NDTV,http://www.ndtv.com/mumbai-news/mumbai-trader-sells-onions-at-rs-12-per-kg-443770,3,not stated,,0
2011-01-01,2011-01-03,NDTV,http://www.ndtv.com/mumbai-news/mumbai-trader-sells-onions-at-rs-12-per-kg-443770,2,not stated,,0
2011-01-02,2011-01-03,NDTV,http://www.ndtv.com/mumbai-news/mumbai-trader-sells-onions-at-rs-12-per-kg-443770,1,not stated,,0
2011-01-03,2011-01-03,NDTV,http://www.ndtv.com/mumbai-news/mumbai-trader-sells-onions-at-rs-12-per-kg-443770,0,not stated,,0
2011-01-04,2011-01-03,NDTV,http://www.ndtv.com/mumbai-news/mumbai-trader-sells-onions-at-rs-12-per-kg-443770,-1,not stated,,0
2011-01-05,2011-01-03,NDTV,http://www.ndtv.com/mumbai-news/mumbai-trader-sells-onions-at-rs-12-per-kg-443770,-2,not stated,,0
2011-01-06,2011-01-03,NDTV,http://www.ndtv.com/mumbai-news/mumbai-trader-sells-onions-at-rs-12-per-kg-443770,-3,not stated,,0
2011-01-07,2011-01-03,NDTV,http://www.ndtv.com/mumbai-news/mumbai-trader-sells-onions-at-rs-12-per-kg-443770,-4,not stated,,0
2011-01-08,2011-01-03,NDTV,http://www.ndtv.com/mumbai-news/mumbai-trader-sells-onions-at-rs-12-per-kg-443770,-5,not stated,,0
2011-01-09,2011-01-06,The Times of India,http://timesofindia.indiatimes.com/business/india-business/-Retail-onion-prices-up-by-Rs-5-10/kg-on-Pak-export-ban-reports/articleshow/7230895.cms,-3,Pak banned export,,0
2011-01-10,2011-01-06,The Times of India,http://timesofindia.indiatimes.com/business/india-business/-Retail-onion-prices-up-by-Rs-5-10/kg-on-Pak-export-ban-reports/articleshow/7230895.cms,-4,Pak banned export,,0
2011-01-11,2011-01-06,The Times of India,http://timesofindia.indiatimes.com/business/india-business/-Retail-onion-prices-up-by-Rs-5-10/kg-on-Pak-export-ban-reports/articleshow/7230895.cms,-5,Pak banned export,,0
2011-01-12,2011-01-07,The Hindu,http://www.thehindu.com/business/act-swiftly-against-hoarders-pranab/article1051003.ece,-5,traders nexus,main article on inflation, but it says due to hoarding onion prices are high.,0
2013-07-16,2013-07-17,The Times of India,http://timesofindia.indiatimes.com/business/india-business/Onion-prices-at-two-and-a-half-year-high/articleshow/21125776.cms,1,unseasonal rainfall,no,None
2013-07-17,2013-07-17,The Times of India,http://timesofindia.indiatimes.com/business/india-business/Onion-prices-at-two-and-a-half-year-high/articleshow/21125776.cms,0,unseasonal rainfall,no,None
2013-07-18,2013-07-17,The Times of India,http://timesofindia.indiatimes.com/business/india-business/Onion-prices-at-two-and-a-half-year-high/articleshow/21125776.cms,-1,unseasonal rainfall,no,None
2013-07-19,2013-07-17,The Times of India,http://timesofindia.indiatimes.com/business/india-business/Onion-prices-at-two-and-a-half-year-high/articleshow/21125776.cms,-2,unseasonal rainfall,no,None
2013-07-20,2013-07-17,The Times of India,http://timesofindia.indiatimes.com/business/india-business/Onion-prices-at-two-and-a-half-year-high/articleshow/21125776.cms,-3,unseasonal rainfall,no,None
2013-07-21,2013-07-17,The Times of India,http://timesofindia.indiatimes.com/business/india-business/Onion-prices-at-two-and-a-half-year-high/articleshow/21125776.cms,-4,unseasonal rainfall,no,None
2013-07-22,2013-07-17,The Times of India,http://timesofindia.indiatimes.com/business/india-business/Onion-prices-at-two-and-a-half-year-high/articleshow/21125776.cms,-5,unseasonal rainfall,no,None
2013-07-23,2013-07-23,The Times of India,http://timesofindia.indiatimes.com/business/india-business/Onion-prices-more-than-double-to-Rs-36-40/kg-in-metros/articleshow/21272374.cms,0,low production,,0
2013-07-24,2013-07-23,The Times of India,http://timesofindia.indiatimes.com/business/india-business/Onion-prices-more-than-double-to-Rs-36-40/kg-in-metros/articleshow/21272374.cms,-1,low production,,0
2013-07-25,2013-07-23,The Times of India,http://timesofindia.indiatimes.com/business/india-business/Onion-prices-more-than-double-to-Rs-36-40/kg-in-metros/articleshow/21272374.cms,-2,low production,,0
2013-07-26,2013-07-23,The Times of India,http://timesofindia.indiatimes.com/business/india-business/Onion-prices-more-than-double-to-Rs-36-40/kg-in-metros/articleshow/21272374.cms,-3,low production,,0
2013-07-27,2013-07-23,The Times of India,http://timesofindia.indiatimes.com/business/india-business/Onion-prices-more-than-double-to-Rs-36-40/kg-in-metros/articleshow/21272374.cms,-4,low production,,0
2013-07-28,2013-07-23,The Times of India,http://timesofindia.indiatimes.com/business/india-business/Onion-prices-more-than-double-to-Rs-36-40/kg-in-metros/articleshow/21272374.cms,-5,low production,,0
2013-08-01,2013-08-06,The Hindu,http://www.thehindu.com/news/cities/Delhi/onion-prices-bring-tears-yet-again/article4995124.ece,5,low production,Even Hoaders are responsible to some extent,0
2013-08-02,2013-08-06,The Hindu,http://www.thehindu.com/news/cities/Delhi/onion-prices-bring-tears-yet-again/article4995124.ece,4,low production,Even Hoaders are responsible to some extent,0
2013-08-03,2013-08-06,The Hindu,http://www.thehindu.com/news/cities/Delhi/onion-prices-bring-tears-yet-again/article4995124.ece,3,low production,Even Hoaders are responsible to some extent,0
2013-08-04,2013-08-06,The Hindu,http://www.thehindu.com/news/cities/Delhi/onion-prices-bring-tears-yet-again/article4995124.ece,2,low production,Even Hoaders are responsible to some extent,0
2013-08-05,2013-08-06,The Hindu,http://www.thehindu.com/news/cities/Delhi/onion-prices-bring-tears-yet-again/article4995124.ece,1,low production,Even Hoaders are responsible to some extent,0
2013-08-06,2013-08-06,The Hindu,http://www.thehindu.com/news/cities/Delhi/onion-prices-bring-tears-yet-again/article4995124.ece,0,low production,Even Hoaders are responsible to some extent,0
2013-08-07,2013-08-06,The Hindu,http://www.thehindu.com/news/cities/Delhi/onion-prices-bring-tears-yet-again/article4995124.ece,-1,low production,Even Hoaders are responsible to some extent,0
2013-08-08,2013-08-06,The Hindu,http://www.thehindu.com/news/cities/Delhi/onion-prices-bring-tears-yet-again/article4995124.ece,-2,low production,Even Hoaders are responsible to some extent,0
2013-08-09,2013-08-06,The Hindu,http://www.thehindu.com/news/cities/Delhi/onion-prices-bring-tears-yet-again/article4995124.ece,-3,low production,Even Hoaders are responsible to some extent,0
2013-08-10,2013-08-06,The Hindu,http://www.thehindu.com/news/cities/Delhi/onion-prices-bring-tears-yet-again/article4995124.ece,-4,low production,Even Hoaders are responsible to some extent,0
2013-08-11,2013-08-06,The Hindu,http://www.thehindu.com/news/cities/Delhi/onion-prices-bring-tears-yet-again/article4995124.ece,-5,low production,Even Hoaders are responsible to some extent,0
2013-08-12,2013-08-11,DNA,http://www.dnaindia.com/india/report-onion-prices-rise-to-rs-55-60kg-hike-bring-tears-in-eyes-of-people-1873151,-1,low production,,10
2013-08-13,2013-08-11,DNA,http://www.dnaindia.com/india/report-onion-prices-rise-to-rs-55-60kg-hike-bring-tears-in-eyes-of-people-1873151,-2,low production,,10
2013-08-14,2013-08-11,DNA,http://www.dnaindia.com/india/report-onion-prices-rise-to-rs-55-60kg-hike-bring-tears-in-eyes-of-people-1873151,-3,low production,,10
2013-08-15,2013-08-11,DNA,http://www.dnaindia.com/india/report-onion-prices-rise-to-rs-55-60kg-hike-bring-tears-in-eyes-of-people-1873151,-4,low production,,10
2013-08-16,2013-08-11,DNA,http://www.dnaindia.com/india/report-onion-prices-rise-to-rs-55-60kg-hike-bring-tears-in-eyes-of-people-1873151,-5,low production,,10
2013-08-17,2013-08-13,Telegraph,http://www.telegraphindia.com/1130813/jsp/odisha/story_17226115.jsp,-4,low supply,,30
2013-08-18,2013-08-13,Telegraph,http://www.telegraphindia.com/1130813/jsp/odisha/story_17226115.jsp,-5,low supply,,30
2013-08-19,2013-08-14,The Hindu,http://www.thehindu.com/news/national/cos-meeting-to-wipe-onion-tears/article5019702.ece,-5,low supply,Possiblity of hoarding highlighted clearly,0
2013-08-20,2013-08-17,The Times of India,http://timesofindia.indiatimes.com/india/Hoarding-pushing-onion-prices-up-govt-finds/articleshow/21872501.cms,-3,traders nexus,Clear signs of traders fixing the prices by creating artificial deficit in jun- july 2013,60
2013-08-21,2013-08-17,The Times of India,http://timesofindia.indiatimes.com/india/Hoarding-pushing-onion-prices-up-govt-finds/articleshow/21872501.cms,-4,traders nexus,Clear signs of traders fixing the prices by creating artificial deficit in jun- july 2013,60
2013-08-22,2013-08-17,The Times of India,http://timesofindia.indiatimes.com/india/Hoarding-pushing-onion-prices-up-govt-finds/articleshow/21872501.cms,-5,traders nexus,Clear signs of traders fixing the prices by creating artificial deficit in jun- july 2013,60
2013-08-23,2013-08-21,The Hindu,http://www.thehindu.com/business/Industry/onion-prices-jump-to-rs-80kg-again/article5044776.ece,-2,low supply,Prices hiked again,0
2013-08-24,2013-08-21,The Hindu,http://www.thehindu.com/business/Industry/onion-prices-jump-to-rs-80kg-again/article5044776.ece,-3,low supply,Prices hiked again,0
2013-08-25,2013-08-21,The Hindu,http://www.thehindu.com/business/Industry/onion-prices-jump-to-rs-80kg-again/article5044776.ece,-4,low supply,Prices hiked again,0
2013-08-26,2013-08-21,The Hindu,http://www.thehindu.com/business/Industry/onion-prices-jump-to-rs-80kg-again/article5044776.ece,-5,low supply,Prices hiked again,0
2013-08-27,2013-08-22,Money Control,http://www.moneycontrol.com/news/economy/onion-prices-shoot-back-to-rs-80kgmany-partsindia_939103.html,-5,not stated,,1
2013-08-29,2013-09-03,NDTV,http://www.ndtv.com/india-news/onion-prices-may-ease-when-south-india-crop-hits-market-government-533474,5,low supply,,0
2013-08-30,2013-09-03,NDTV,http://www.ndtv.com/india-news/onion-prices-may-ease-when-south-india-crop-hits-market-government-533474,4,low supply,,0
2013-08-31,2013-09-03,NDTV,http://www.ndtv.com/india-news/onion-prices-may-ease-when-south-india-crop-hits-market-government-533474,3,low supply,,0
2013-09-01,2013-09-03,NDTV,http://www.ndtv.com/india-news/onion-prices-may-ease-when-south-india-crop-hits-market-government-533474,2,low supply,,0
2013-09-02,2013-09-03,NDTV,http://www.ndtv.com/india-news/onion-prices-may-ease-when-south-india-crop-hits-market-government-533474,1,low supply,,0
2013-09-03,2013-09-03,NDTV,http://www.ndtv.com/india-news/onion-prices-may-ease-when-south-india-crop-hits-market-government-533474,0,low supply,,0
2013-09-04,2013-09-03,NDTV,http://www.ndtv.com/india-news/onion-prices-may-ease-when-south-india-crop-hits-market-government-533474,-1,low supply,,0
2013-09-05,2013-09-03,NDTV,http://www.ndtv.com/india-news/onion-prices-may-ease-when-south-india-crop-hits-market-government-533474,-2,low supply,,0
2013-09-06,2013-09-03,NDTV,http://www.ndtv.com/india-news/onion-prices-may-ease-when-south-india-crop-hits-market-government-533474,-3,low supply,,0
2013-09-07,2013-09-03,NDTV,http://www.ndtv.com/india-news/onion-prices-may-ease-when-south-india-crop-hits-market-government-533474,-4,low supply,,0
2013-09-08,2013-09-03,NDTV,http://www.ndtv.com/india-news/onion-prices-may-ease-when-south-india-crop-hits-market-government-533474,-5,low supply,,0
2013-09-10,2013-09-15,Business Standard,http://www.business-standard.com/article/current-affairs/imported-onion-from-egypt-hits-indian-ports-prices-to-cool-113091500607_1.html,5,low supply,,7
2013-09-11,2013-09-15,Business Standard,http://www.business-standard.com/article/current-affairs/imported-onion-from-egypt-hits-indian-ports-prices-to-cool-113091500607_1.html,4,low supply,,7
2013-09-13,2013-09-15,Business Standard,http://www.business-standard.com/article/current-affairs/imported-onion-from-egypt-hits-indian-ports-prices-to-cool-113091500607_1.html,2,low supply,,7
2013-09-14,2013-09-15,Business Standard,http://www.business-standard.com/article/current-affairs/imported-onion-from-egypt-hits-indian-ports-prices-to-cool-113091500607_1.html,1,low supply,,7
2013-09-15,2013-09-15,Business Standard,http://www.business-standard.com/article/current-affairs/imported-onion-from-egypt-hits-indian-ports-prices-to-cool-113091500607_1.html,0,low supply,,7
2013-09-16,2013-09-15,Business Standard,http://www.business-standard.com/article/current-affairs/imported-onion-from-egypt-hits-indian-ports-prices-to-cool-113091500607_1.html,-1,low supply,,7
2013-09-17,2013-09-15,Business Standard,http://www.business-standard.com/article/current-affairs/imported-onion-from-egypt-hits-indian-ports-prices-to-cool-113091500607_1.html,-2,low supply,,7
2013-09-18,2013-09-15,Business Standard,http://www.business-standard.com/article/current-affairs/imported-onion-from-egypt-hits-indian-ports-prices-to-cool-113091500607_1.html,-3,low supply,,7
2013-09-19,2013-09-15,Business Standard,http://www.business-standard.com/article/current-affairs/imported-onion-from-egypt-hits-indian-ports-prices-to-cool-113091500607_1.html,-4,low supply,,7
2013-09-20,2013-09-15,Business Standard,http://www.business-standard.com/article/current-affairs/imported-onion-from-egypt-hits-indian-ports-prices-to-cool-113091500607_1.html,-5,low supply,,7
2013-09-21,2013-09-16,Business Standard,http://www.business-standard.com/article/markets/onion-prices-rise-despite-arrival-of-imported-stock-113091600861_1.html,-5,low supply,no,None
2013-09-22,2013-09-18,The Times of India,http://timesofindia.indiatimes.com/india/Onion-price-rise-may-be-due-to-hoarding-Centre/articleshow/22672225.cms,-4,traders nexus,no,None
2013-09-23,2013-09-18,The Times of India,http://timesofindia.indiatimes.com/india/Onion-price-rise-may-be-due-to-hoarding-Centre/articleshow/22672225.cms,-5,traders nexus,no,None
2013-09-24,2013-09-19,The Hindu,http://www.thehindu.com/news/cities/chennai/price-of-onions-on-the-rise-again/article5142858.ece,-5,not stated,no,None
2013-10-05,2013-10-10,The Economic Times,http://articles.economictimes.indiatimes.com/2013-10-10/news/42903314_1_export-price-price-rise-onion-prices,5,traders nexus,,0
2013-10-06,2013-10-10,The Economic Times,http://articles.economictimes.indiatimes.com/2013-10-10/news/42903314_1_export-price-price-rise-onion-prices,4,traders nexus,,0
2013-10-07,2013-10-10,The Economic Times,http://articles.economictimes.indiatimes.com/2013-10-10/news/42903314_1_export-price-price-rise-onion-prices,3,traders nexus,,0
2013-10-08,2013-10-10,The Economic Times,http://articles.economictimes.indiatimes.com/2013-10-10/news/42903314_1_export-price-price-rise-onion-prices,2,traders nexus,,0
2013-10-09,2013-10-10,The Economic Times,http://articles.economictimes.indiatimes.com/2013-10-10/news/42903314_1_export-price-price-rise-onion-prices,1,traders nexus,,0
2013-10-10,2013-10-10,The Economic Times,http://articles.economictimes.indiatimes.com/2013-10-10/news/42903314_1_export-price-price-rise-onion-prices,0,traders nexus,,0
2013-10-11,2013-10-10,The Economic Times,http://articles.economictimes.indiatimes.com/2013-10-10/news/42903314_1_export-price-price-rise-onion-prices,-1,traders nexus,,0
2013-10-12,2013-10-10,The Economic Times,http://articles.economictimes.indiatimes.com/2013-10-10/news/42903314_1_export-price-price-rise-onion-prices,-2,traders nexus,,0
2013-10-13,2013-10-10,The Economic Times,http://articles.economictimes.indiatimes.com/2013-10-10/news/42903314_1_export-price-price-rise-onion-prices,-3,traders nexus,,0
2013-10-14,2013-10-10,The Economic Times,http://articles.economictimes.indiatimes.com/2013-10-10/news/42903314_1_export-price-price-rise-onion-prices,-4,traders nexus,,0
2013-10-15,2013-10-10,The Economic Times,http://articles.economictimes.indiatimes.com/2013-10-10/news/42903314_1_export-price-price-rise-onion-prices,-5,traders nexus,,0
2013-10-17,2013-10-22,NDTV,http://profit.ndtv.com/news/cheat-sheet/article-why-onion-prices-are-inching-towards-rs-100-per-kg-370138,5,low supply,,0
2013-10-18,2013-10-22,NDTV,http://profit.ndtv.com/news/cheat-sheet/article-why-onion-prices-are-inching-towards-rs-100-per-kg-370138,4,low supply,,0
2013-10-19,2013-10-22,NDTV,http://profit.ndtv.com/news/cheat-sheet/article-why-onion-prices-are-inching-towards-rs-100-per-kg-370138,3,low supply,,0
2013-10-20,2013-10-22,NDTV,http://profit.ndtv.com/news/cheat-sheet/article-why-onion-prices-are-inching-towards-rs-100-per-kg-370138,2,low supply,,0
2013-10-21,2013-10-22,NDTV,http://profit.ndtv.com/news/cheat-sheet/article-why-onion-prices-are-inching-towards-rs-100-per-kg-370138,1,low supply,,0
2013-10-22,2013-10-22,NDTV,http://profit.ndtv.com/news/cheat-sheet/article-why-onion-prices-are-inching-towards-rs-100-per-kg-370138,0,low supply,,0
2013-10-23,2013-10-22,NDTV,http://profit.ndtv.com/news/cheat-sheet/article-why-onion-prices-are-inching-towards-rs-100-per-kg-370138,-1,low supply,,0
2013-10-24,2013-10-22,NDTV,http://profit.ndtv.com/news/cheat-sheet/article-why-onion-prices-are-inching-towards-rs-100-per-kg-370138,-2,low supply,,0
2013-10-25,2013-10-22,NDTV,http://profit.ndtv.com/news/cheat-sheet/article-why-onion-prices-are-inching-towards-rs-100-per-kg-370138,-3,low supply,,0
2013-10-26,2013-10-22,NDTV,http://profit.ndtv.com/news/cheat-sheet/article-why-onion-prices-are-inching-towards-rs-100-per-kg-370138,-4,low supply,,0
2013-10-27,2013-10-22,NDTV,http://profit.ndtv.com/news/cheat-sheet/article-why-onion-prices-are-inching-towards-rs-100-per-kg-370138,-5,low supply,,0
2013-10-28,2013-10-23,The Hindustan Times,http://www.hindustantimes.com/india/rs-100-and-rising-onion-prices-surge-uncontrollably/story-sFzxWMO87KI5KnQ2FXdLFL.html,-5,bad weather,no,None
2013-10-29,2013-10-24,The Hindu,http://www.thehindu.com/business/Industry/india-floats-tender-for-import-of-onions/article5264970.ece,-5,traders nexus,,10
2013-10-30,2013-10-25,First Post,http://www.firstpost.com/india/why-onions-are-rs-100kg-despite-10-crop-increase-supply-traders-1194063.html,-5,traders nexus,,0
2013-10-31,2013-10-26,NDTV,http://www.ndtv.com/india-news/chief-ministers-onion-mission-begins-in-assam-538929,-5,Not mentioned,,0
2013-11-01,2013-10-28,DNA,http://www.dnaindia.com/mumbai/report-dna-exclusive-traders-not-farmers-making-the-most-of-soaring-onion-price-1909850,-4,traders nexus,,0
2013-11-02,2013-10-28,DNA,http://www.dnaindia.com/mumbai/report-dna-exclusive-traders-not-farmers-making-the-most-of-soaring-onion-price-1909850,-5,traders nexus,,0
2013-11-03,2013-11-04,The Hindu,http://www.thehindu.com/business/markets/govt-hikes-onion-mep-to-1150-per-tonne-to-check-prices/article5313950.ece,1,low supply,,30
2013-11-04,2013-11-04,The Hindu,http://www.thehindu.com/business/markets/govt-hikes-onion-mep-to-1150-per-tonne-to-check-prices/article5313950.ece,0,low supply,,30
2013-11-05,2013-11-04,The Hindu,http://www.thehindu.com/business/markets/govt-hikes-onion-mep-to-1150-per-tonne-to-check-prices/article5313950.ece,-1,low supply,,30
2013-11-06,2013-11-04,The Hindu,http://www.thehindu.com/business/markets/govt-hikes-onion-mep-to-1150-per-tonne-to-check-prices/article5313950.ece,-2,low supply,,30
2013-11-07,2013-11-04,The Hindu,http://www.thehindu.com/business/markets/govt-hikes-onion-mep-to-1150-per-tonne-to-check-prices/article5313950.ece,-3,low supply,,30
2013-11-08,2013-11-04,The Hindu,http://www.thehindu.com/business/markets/govt-hikes-onion-mep-to-1150-per-tonne-to-check-prices/article5313950.ece,-4,low supply,,30
2013-11-09,2013-11-04,The Hindu,http://www.thehindu.com/business/markets/govt-hikes-onion-mep-to-1150-per-tonne-to-check-prices/article5313950.ece,-5,low supply,,30
2013-11-10,2013-11-06,The Hindu,http://www.thehindu.com/business/Industry/after-onions-tomato-prices-soar/article5317582.ece,-4,Increased prices of onion,,0
2013-11-11,2013-11-06,The Hindu,http://www.thehindu.com/business/Industry/after-onions-tomato-prices-soar/article5317582.ece,-5,Increased prices of onion,,0
2013-11-12,2013-11-13,The Times of India,http://timesofindia.indiatimes.com/india/No-let-up-in-prices-of-onion-potato-tomato/articleshow/25664320.cms,1,traders nexus,,12
2013-11-13,2013-11-13,The Times of India,http://timesofindia.indiatimes.com/india/No-let-up-in-prices-of-onion-potato-tomato/articleshow/25664320.cms,0,traders nexus,,12
2013-11-14,2013-11-13,The Times of India,http://timesofindia.indiatimes.com/india/No-let-up-in-prices-of-onion-potato-tomato/articleshow/25664320.cms,-1,traders nexus,,12
2013-11-15,2013-11-13,The Times of India,http://timesofindia.indiatimes.com/india/No-let-up-in-prices-of-onion-potato-tomato/articleshow/25664320.cms,-2,traders nexus,,12
2013-11-16,2013-11-13,The Times of India,http://timesofindia.indiatimes.com/india/No-let-up-in-prices-of-onion-potato-tomato/articleshow/25664320.cms,-3,traders nexus,,12
2013-11-17,2013-11-13,The Times of India,http://timesofindia.indiatimes.com/india/No-let-up-in-prices-of-onion-potato-tomato/articleshow/25664320.cms,-4,traders nexus,,12
2013-11-18,2013-11-13,The Times of India,http://timesofindia.indiatimes.com/india/No-let-up-in-prices-of-onion-potato-tomato/articleshow/25664320.cms,-5,traders nexus,,12
2013-11-19,2013-11-15,The Times of India,http://timesofindia.indiatimes.com/business/india-business/Onion-prices-up-278-tomato-122-in-one-year/articleshow/25780005.cms,-4,not stated,,365
2013-11-20,2013-11-15,The Times of India,http://timesofindia.indiatimes.com/business/india-business/Onion-prices-up-278-tomato-122-in-one-year/articleshow/25780005.cms,-5,not stated,,365
2013-11-21,2013-11-19,First Post,http://www.firstpost.com/politics/onion-tomato-price-hoardings-to-malign-party-cong-writes-to-ec-1238589.html,-2,traders nexus,,0
2013-11-22,2013-11-19,First Post,http://www.firstpost.com/politics/onion-tomato-price-hoardings-to-malign-party-cong-writes-to-ec-1238589.html,-3,traders nexus,,0
2013-11-23,2013-11-19,First Post,http://www.firstpost.com/politics/onion-tomato-price-hoardings-to-malign-party-cong-writes-to-ec-1238589.html,-4,traders nexus,,0
2013-11-24,2013-11-19,First Post,http://www.firstpost.com/politics/onion-tomato-price-hoardings-to-malign-party-cong-writes-to-ec-1238589.html,-5,traders nexus,,0
2013-12-08,2013-12-13,The Economic Times,http://articles.economictimes.indiatimes.com/2015-09-11/news/66434886_1_lasalgaon-apmc-onion-prices-onion-exporters-association,5,not stated,no,None
2013-12-09,2013-12-13,The Economic Times,http://articles.economictimes.indiatimes.com/2015-09-11/news/66434886_1_lasalgaon-apmc-onion-prices-onion-exporters-association,4,not stated,no,None
2013-12-10,2013-12-13,The Economic Times,http://articles.economictimes.indiatimes.com/2015-09-11/news/66434886_1_lasalgaon-apmc-onion-prices-onion-exporters-association,3,not stated,no,None
2013-12-11,2013-12-13,The Economic Times,http://articles.economictimes.indiatimes.com/2015-09-11/news/66434886_1_lasalgaon-apmc-onion-prices-onion-exporters-association,2,not stated,no,None
2013-12-12,2013-12-13,The Economic Times,http://articles.economictimes.indiatimes.com/2015-09-11/news/66434886_1_lasalgaon-apmc-onion-prices-onion-exporters-association,1,not stated,no,None
2013-12-13,2013-12-13,The Economic Times,http://articles.economictimes.indiatimes.com/2015-09-11/news/66434886_1_lasalgaon-apmc-onion-prices-onion-exporters-association,0,not stated,no,None
2013-12-14,2013-12-13,The Economic Times,http://articles.economictimes.indiatimes.com/2015-09-11/news/66434886_1_lasalgaon-apmc-onion-prices-onion-exporters-association,-1,not stated,no,None
2013-12-15,2013-12-13,The Economic Times,http://articles.economictimes.indiatimes.com/2015-09-11/news/66434886_1_lasalgaon-apmc-onion-prices-onion-exporters-association,-2,not stated,no,None
2013-12-16,2013-12-13,The Economic Times,http://articles.economictimes.indiatimes.com/2015-09-11/news/66434886_1_lasalgaon-apmc-onion-prices-onion-exporters-association,-3,not stated,no,None
2013-12-17,2013-12-13,The Economic Times,http://articles.economictimes.indiatimes.com/2015-09-11/news/66434886_1_lasalgaon-apmc-onion-prices-onion-exporters-association,-4,not stated,no,None
2013-12-18,2013-12-13,The Economic Times,http://articles.economictimes.indiatimes.com/2015-09-11/news/66434886_1_lasalgaon-apmc-onion-prices-onion-exporters-association,-5,not stated,no,None
2014-05-11,2014-05-12,Business Standard,http://www.business-standard.com/article/markets/onion-spot-prices-soar-31-in-2-days-likely-to-stay-high-114051200815_1.html,1,unseasonal rainfall,,2
2014-05-12,2014-05-12,Business Standard,http://www.business-standard.com/article/markets/onion-spot-prices-soar-31-in-2-days-likely-to-stay-high-114051200815_1.html,0,unseasonal rainfall,,2
2014-05-13,2014-05-12,Business Standard,http://www.business-standard.com/article/markets/onion-spot-prices-soar-31-in-2-days-likely-to-stay-high-114051200815_1.html,-1,unseasonal rainfall,,2
2014-05-14,2014-05-12,Business Standard,http://www.business-standard.com/article/markets/onion-spot-prices-soar-31-in-2-days-likely-to-stay-high-114051200815_1.html,-2,unseasonal rainfall,,2
2014-05-15,2014-05-12,Business Standard,http://www.business-standard.com/article/markets/onion-spot-prices-soar-31-in-2-days-likely-to-stay-high-114051200815_1.html,-3,unseasonal rainfall,,2
2014-05-16,2014-05-12,Business Standard,http://www.business-standard.com/article/markets/onion-spot-prices-soar-31-in-2-days-likely-to-stay-high-114051200815_1.html,-4,unseasonal rainfall,,2
2014-05-17,2014-05-12,Business Standard,http://www.business-standard.com/article/markets/onion-spot-prices-soar-31-in-2-days-likely-to-stay-high-114051200815_1.html,-5,unseasonal rainfall,,2
2014-06-17,2014-06-13,Business Standard,http://www.business-standard.com/article/economy-policy/onion-prices-show-mixed-signals-114061301168_1.html,-4,not stated,normal trend,None
2014-07-06,2014-07-01,NDTV,http://www.ndtv.com/cheat-sheet/poor-rainfall-could-cause-drought-like-conditions-in-parts-of-west-india-agriculture-minister-582801,-5,not stated,50% hike,7
2014-07-07,2014-07-02,The Times of India,http://timesofindia.indiatimes.com/business/india-business/Govt-hikes-minimum-export-price-of-onion-to-US-500-per-tonne/articleshow/37630139.cms,-5,prediction of delayed monsoon,no,30
2014-07-08,2014-07-03,The Economic Times,http://articles.economictimes.indiatimes.com/2014-07-03/news/51057542_1_stock-limits-onions-ravi-shankar-prasad,-5,traders nexus,,0
2014-07-09,2014-07-13,The Times of India,http://timesofindia.indiatimes.com/india/Govt-to-check-onion-prices-with-imports/articleshow/38282324.cms,4,low production,,30
2014-07-10,2014-07-13,The Times of India,http://timesofindia.indiatimes.com/india/Govt-to-check-onion-prices-with-imports/articleshow/38282324.cms,3,low production,,30
2014-07-11,2014-07-13,The Times of India,http://timesofindia.indiatimes.com/india/Govt-to-check-onion-prices-with-imports/articleshow/38282324.cms,2,low production,,30
2014-07-12,2014-07-13,The Times of India,http://timesofindia.indiatimes.com/india/Govt-to-check-onion-prices-with-imports/articleshow/38282324.cms,1,low production,,30
2014-12-13,2014-12-18,Business Standard,http://www.business-standard.com/article/markets/onion-price-rises-65-this-month-as-rain-interrupts-harvest-114121800395_1.html,5,unseasonal rainfall,,18
2014-12-14,2014-12-18,Business Standard,http://www.business-standard.com/article/markets/onion-price-rises-65-this-month-as-rain-interrupts-harvest-114121800395_1.html,4,unseasonal rainfall,,18
2014-12-15,2014-12-18,Business Standard,http://www.business-standard.com/article/markets/onion-price-rises-65-this-month-as-rain-interrupts-harvest-114121800395_1.html,3,unseasonal rainfall,,18
2014-12-16,2014-12-18,Business Standard,http://www.business-standard.com/article/markets/onion-price-rises-65-this-month-as-rain-interrupts-harvest-114121800395_1.html,2,unseasonal rainfall,,18
2014-12-17,2014-12-18,Business Standard,http://www.business-standard.com/article/markets/onion-price-rises-65-this-month-as-rain-interrupts-harvest-114121800395_1.html,1,unseasonal rainfall,,18
2014-12-18,2014-12-18,Business Standard,http://www.business-standard.com/article/markets/onion-price-rises-65-this-month-as-rain-interrupts-harvest-114121800395_1.html,0,unseasonal rainfall,,18
2014-12-19,2014-12-18,Business Standard,http://www.business-standard.com/article/markets/onion-price-rises-65-this-month-as-rain-interrupts-harvest-114121800395_1.html,-1,unseasonal rainfall,,18
2014-12-20,2014-12-18,Business Standard,http://www.business-standard.com/article/markets/onion-price-rises-65-this-month-as-rain-interrupts-harvest-114121800395_1.html,-2,unseasonal rainfall,,18
2014-12-21,2014-12-18,Business Standard,http://www.business-standard.com/article/markets/onion-price-rises-65-this-month-as-rain-interrupts-harvest-114121800395_1.html,-3,unseasonal rainfall,,18
2014-12-22,2014-12-18,Business Standard,http://www.business-standard.com/article/markets/onion-price-rises-65-this-month-as-rain-interrupts-harvest-114121800395_1.html,-4,unseasonal rainfall,,18
2014-12-23,2014-12-18,Business Standard,http://www.business-standard.com/article/markets/onion-price-rises-65-this-month-as-rain-interrupts-harvest-114121800395_1.html,-5,unseasonal rainfall,,18
(4U5) Result:::
Date
News Data
Start Date, End Date,News Source,Link,Days,Reason,Comment,Days Reported
(1 U 2 U 3) ^ (4 U 5) Result:::
Date
News Data
Start Date, End Date,News Source,Link,Days,Reason,Comment,Days Reported
Retail vs Wholesale data
Slope Result:::
Date,Value
2006-02-12 00:00:00,3.4469978537
2006-02-13 00:00:00,3.4469978537
2006-02-14 00:00:00,3.4469978537
2006-02-15 00:00:00,3.4469978537
2006-02-16 00:00:00,3.4469978537
2006-02-17 00:00:00,3.4469978537
2006-02-18 00:00:00,3.4469978537
2006-02-26 00:00:00,2.8227902129
2006-02-27 00:00:00,2.8227902129
2006-02-28 00:00:00,2.8227902129
2006-03-01 00:00:00,2.8227902129
2006-03-02 00:00:00,2.8227902129
2006-03-03 00:00:00,2.8227902129
2006-03-04 00:00:00,2.8227902129
2006-03-05 00:00:00,2.8227902129
2006-03-06 00:00:00,2.8227902129
2006-03-07 00:00:00,2.8227902129
2006-03-08 00:00:00,2.8227902129
2006-03-09 00:00:00,2.8227902129
2006-03-10 00:00:00,2.8227902129
2006-03-11 00:00:00,2.8227902129
2006-03-19 00:00:00,2.52035318892
2006-03-20 00:00:00,2.52035318892
2006-03-21 00:00:00,2.52035318892
2006-03-22 00:00:00,2.52035318892
2006-03-23 00:00:00,2.52035318892
2006-03-24 00:00:00,2.52035318892
2006-03-25 00:00:00,2.52035318892
2006-04-02 00:00:00,2.91914411862
2006-04-03 00:00:00,2.91914411862
2006-04-04 00:00:00,2.91914411862
2006-04-05 00:00:00,2.91914411862
2006-04-06 00:00:00,2.91914411862
2006-04-07 00:00:00,2.91914411862
2006-04-08 00:00:00,2.91914411862
2006-05-28 00:00:00,1.71921183994
2006-05-29 00:00:00,1.71921183994
2006-05-30 00:00:00,1.71921183994
2006-05-31 00:00:00,1.71921183994
2006-06-01 00:00:00,1.71921183994
2006-06-02 00:00:00,1.71921183994
2006-06-03 00:00:00,1.71921183994
2006-06-18 00:00:00,7.71222686908
2006-06-19 00:00:00,7.71222686908
2006-06-20 00:00:00,7.71222686908
2006-06-21 00:00:00,7.71222686908
2006-06-22 00:00:00,7.71222686908
2006-06-23 00:00:00,7.71222686908
2006-06-24 00:00:00,7.71222686908
2006-06-25 00:00:00,7.71222686908
2006-06-26 00:00:00,7.71222686908
2006-06-27 00:00:00,7.71222686908
2006-06-28 00:00:00,7.71222686908
2006-06-29 00:00:00,7.71222686908
2006-06-30 00:00:00,7.71222686908
2006-07-01 00:00:00,7.71222686908
2006-07-02 00:00:00,7.71222686908
2006-07-03 00:00:00,7.71222686908
2006-07-04 00:00:00,7.71222686908
2006-07-05 00:00:00,7.71222686908
2006-07-06 00:00:00,7.71222686908
2006-07-07 00:00:00,7.71222686908
2006-07-08 00:00:00,7.71222686908
2006-07-09 00:00:00,7.71222686908
2006-07-10 00:00:00,7.71222686908
2006-07-11 00:00:00,7.71222686908
2006-07-12 00:00:00,7.71222686908
2006-07-13 00:00:00,7.71222686908
2006-07-14 00:00:00,7.71222686908
2006-07-15 00:00:00,7.71222686908
2006-07-16 00:00:00,7.71222686908
2006-07-17 00:00:00,7.71222686908
2006-07-18 00:00:00,7.71222686908
2006-07-19 00:00:00,7.71222686908
2006-07-20 00:00:00,7.71222686908
2006-07-21 00:00:00,7.71222686908
2006-07-22 00:00:00,7.71222686908
2006-08-27 00:00:00,4.51817550316
2006-08-28 00:00:00,4.51817550316
2006-08-29 00:00:00,4.51817550316
2006-08-30 00:00:00,4.51817550316
2006-08-31 00:00:00,4.51817550316
2006-09-01 00:00:00,4.51817550316
2006-09-02 00:00:00,4.51817550316
2006-09-03 00:00:00,4.51817550316
2006-09-04 00:00:00,4.51817550316
2006-09-05 00:00:00,4.51817550316
2006-09-06 00:00:00,4.51817550316
2006-09-07 00:00:00,4.51817550316
2006-09-08 00:00:00,4.51817550316
2006-09-09 00:00:00,4.51817550316
2006-10-01 00:00:00,20.8328652357
2006-10-02 00:00:00,20.8328652357
2006-10-03 00:00:00,20.8328652357
2006-10-04 00:00:00,20.8328652357
2006-10-05 00:00:00,20.8328652357
2006-10-06 00:00:00,20.8328652357
2006-10-07 00:00:00,20.8328652357
2006-10-08 00:00:00,20.8328652357
2006-10-09 00:00:00,20.8328652357
2006-10-10 00:00:00,20.8328652357
2006-10-11 00:00:00,20.8328652357
2006-10-12 00:00:00,20.8328652357
2006-10-13 00:00:00,20.8328652357
2006-10-14 00:00:00,20.8328652357
2006-11-05 00:00:00,4.81124135177
2006-11-06 00:00:00,4.81124135177
2006-11-07 00:00:00,4.81124135177
2006-11-08 00:00:00,4.81124135177
2006-11-09 00:00:00,4.81124135177
2006-11-10 00:00:00,4.81124135177
2006-11-11 00:00:00,4.81124135177
2006-11-12 00:00:00,4.81124135177
2006-11-13 00:00:00,4.81124135177
2006-11-14 00:00:00,4.81124135177
2006-11-15 00:00:00,4.81124135177
2006-11-16 00:00:00,4.81124135177
2006-11-17 00:00:00,4.81124135177
2006-11-18 00:00:00,4.81124135177
2006-11-19 00:00:00,4.81124135177
2006-11-20 00:00:00,4.81124135177
2006-11-21 00:00:00,4.81124135177
2006-11-22 00:00:00,4.81124135177
2006-11-23 00:00:00,4.81124135177
2006-11-24 00:00:00,4.81124135177
2006-11-25 00:00:00,4.81124135177
2007-01-21 00:00:00,3.39021662742
2007-01-22 00:00:00,3.39021662742
2007-01-23 00:00:00,3.39021662742
2007-01-24 00:00:00,3.39021662742
2007-01-25 00:00:00,3.39021662742
2007-01-26 00:00:00,3.39021662742
2007-01-27 00:00:00,3.39021662742
2007-01-28 00:00:00,3.39021662742
2007-01-29 00:00:00,3.39021662742
2007-01-30 00:00:00,3.39021662742
2007-01-31 00:00:00,3.39021662742
2007-02-01 00:00:00,3.39021662742
2007-02-02 00:00:00,3.39021662742
2007-02-03 00:00:00,3.39021662742
2007-02-11 00:00:00,1.90948722789
2007-02-12 00:00:00,1.90948722789
2007-02-13 00:00:00,1.90948722789
2007-02-14 00:00:00,1.90948722789
2007-02-15 00:00:00,1.90948722789
2007-02-16 00:00:00,1.90948722789
2007-02-17 00:00:00,1.90948722789
2007-03-11 00:00:00,3.54437168136
2007-03-12 00:00:00,3.54437168136
2007-03-13 00:00:00,3.54437168136
2007-03-14 00:00:00,3.54437168136
2007-03-15 00:00:00,3.54437168136
2007-03-16 00:00:00,3.54437168136
2007-03-17 00:00:00,3.54437168136
2007-03-18 00:00:00,3.54437168136
2007-03-19 00:00:00,3.54437168136
2007-03-20 00:00:00,3.54437168136
2007-03-21 00:00:00,3.54437168136
2007-03-22 00:00:00,3.54437168136
2007-03-23 00:00:00,3.54437168136
2007-03-24 00:00:00,3.54437168136
2007-03-25 00:00:00,3.54437168136
2007-03-26 00:00:00,3.54437168136
2007-03-27 00:00:00,3.54437168136
2007-03-28 00:00:00,3.54437168136
2007-03-29 00:00:00,3.54437168136
2007-03-30 00:00:00,3.54437168136
2007-03-31 00:00:00,3.54437168136
2007-04-29 00:00:00,3.7318902399
2007-04-30 00:00:00,3.7318902399
2007-05-01 00:00:00,3.7318902399
2007-05-02 00:00:00,3.7318902399
2007-05-03 00:00:00,3.7318902399
2007-05-04 00:00:00,3.7318902399
2007-05-05 00:00:00,3.7318902399
2007-07-08 00:00:00,4.39563036133
2007-07-09 00:00:00,4.39563036133
2007-07-10 00:00:00,4.39563036133
2007-07-11 00:00:00,4.39563036133
2007-07-12 00:00:00,4.39563036133
2007-07-13 00:00:00,4.39563036133
2007-07-14 00:00:00,4.39563036133
2007-07-15 00:00:00,4.39563036133
2007-07-16 00:00:00,4.39563036133
2007-07-17 00:00:00,4.39563036133
2007-07-18 00:00:00,4.39563036133
2007-07-19 00:00:00,4.39563036133
2007-07-20 00:00:00,4.39563036133
2007-07-21 00:00:00,4.39563036133
2007-09-02 00:00:00,3.524999397
2007-09-03 00:00:00,3.524999397
2007-09-04 00:00:00,3.524999397
2007-09-05 00:00:00,3.524999397
2007-09-06 00:00:00,3.524999397
2007-09-07 00:00:00,3.524999397
2007-09-08 00:00:00,3.524999397
2007-09-09 00:00:00,3.524999397
2007-09-10 00:00:00,3.524999397
2007-09-11 00:00:00,3.524999397
2007-09-12 00:00:00,3.524999397
2007-09-13 00:00:00,3.524999397
2007-09-14 00:00:00,3.524999397
2007-09-15 00:00:00,3.524999397
2008-02-17 00:00:00,43.707625757
2008-02-18 00:00:00,43.707625757
2008-02-19 00:00:00,43.707625757
2008-02-20 00:00:00,43.707625757
2008-02-21 00:00:00,43.707625757
2008-02-22 00:00:00,43.707625757
2008-02-23 00:00:00,43.707625757
2008-02-24 00:00:00,43.707625757
2008-02-25 00:00:00,43.707625757
2008-02-26 00:00:00,43.707625757
2008-02-27 00:00:00,43.707625757
2008-02-28 00:00:00,43.707625757
2008-02-29 00:00:00,43.707625757
2008-03-01 00:00:00,43.707625757
2008-04-27 00:00:00,2.66301070998
2008-04-28 00:00:00,2.66301070998
2008-04-29 00:00:00,2.66301070998
2008-04-30 00:00:00,2.66301070998
2008-05-01 00:00:00,2.66301070998
2008-05-02 00:00:00,2.66301070998
2008-05-03 00:00:00,2.66301070998
2008-06-29 00:00:00,2.85869307848
2008-06-30 00:00:00,2.85869307848
2008-07-01 00:00:00,2.85869307848
2008-07-02 00:00:00,2.85869307848
2008-07-03 00:00:00,2.85869307848
2008-07-04 00:00:00,2.85869307848
2008-07-05 00:00:00,2.85869307848
2008-08-03 00:00:00,2.87828138475
2008-08-04 00:00:00,2.87828138475
2008-08-05 00:00:00,2.87828138475
2008-08-06 00:00:00,2.87828138475
2008-08-07 00:00:00,2.87828138475
2008-08-08 00:00:00,2.87828138475
2008-08-09 00:00:00,2.87828138475
2008-08-10 00:00:00,2.87828138475
2008-08-11 00:00:00,2.87828138475
2008-08-12 00:00:00,2.87828138475
2008-08-13 00:00:00,2.87828138475
2008-08-14 00:00:00,2.87828138475
2008-08-15 00:00:00,2.87828138475
2008-08-16 00:00:00,2.87828138475
2008-09-14 00:00:00,1.75779650875
2008-09-15 00:00:00,1.75779650875
2008-09-16 00:00:00,1.75779650875
2008-09-17 00:00:00,1.75779650875
2008-09-18 00:00:00,1.75779650875
2008-09-19 00:00:00,1.75779650875
2008-09-20 00:00:00,1.75779650875
2008-10-12 00:00:00,2.39421398532
2008-10-13 00:00:00,2.39421398532
2008-10-14 00:00:00,2.39421398532
2008-10-15 00:00:00,2.39421398532
2008-10-16 00:00:00,2.39421398532
2008-10-17 00:00:00,2.39421398532
2008-10-18 00:00:00,2.39421398532
2008-11-30 00:00:00,7.03406900553
2008-12-01 00:00:00,7.03406900553
2008-12-02 00:00:00,7.03406900553
2008-12-03 00:00:00,7.03406900553
2008-12-04 00:00:00,7.03406900553
2008-12-05 00:00:00,7.03406900553
2008-12-06 00:00:00,7.03406900553
2008-12-07 00:00:00,7.03406900553
2008-12-08 00:00:00,7.03406900553
2008-12-09 00:00:00,7.03406900553
2008-12-10 00:00:00,7.03406900553
2008-12-11 00:00:00,7.03406900553
2008-12-12 00:00:00,7.03406900553
2008-12-13 00:00:00,7.03406900553
2009-01-11 00:00:00,4.10019622498
2009-01-12 00:00:00,4.10019622498
2009-01-13 00:00:00,4.10019622498
2009-01-14 00:00:00,4.10019622498
2009-01-15 00:00:00,4.10019622498
2009-01-16 00:00:00,4.10019622498
2009-01-17 00:00:00,4.10019622498
2009-01-18 00:00:00,4.10019622498
2009-01-19 00:00:00,4.10019622498
2009-01-20 00:00:00,4.10019622498
2009-01-21 00:00:00,4.10019622498
2009-01-22 00:00:00,4.10019622498
2009-01-23 00:00:00,4.10019622498
2009-01-24 00:00:00,4.10019622498
2009-02-15 00:00:00,9.50855034328
2009-02-16 00:00:00,9.50855034328
2009-02-17 00:00:00,9.50855034328
2009-02-18 00:00:00,9.50855034328
2009-02-19 00:00:00,9.50855034328
2009-02-20 00:00:00,9.50855034328
2009-02-21 00:00:00,9.50855034328
2009-02-22 00:00:00,9.50855034328
2009-02-23 00:00:00,9.50855034328
2009-02-24 00:00:00,9.50855034328
2009-02-25 00:00:00,9.50855034328
2009-02-26 00:00:00,9.50855034328
2009-02-27 00:00:00,9.50855034328
2009-02-28 00:00:00,9.50855034328
2009-04-26 00:00:00,6.830673501
2009-04-27 00:00:00,6.830673501
2009-04-28 00:00:00,6.830673501
2009-04-29 00:00:00,6.830673501
2009-04-30 00:00:00,6.830673501
2009-05-01 00:00:00,6.830673501
2009-05-02 00:00:00,6.830673501
2009-06-21 00:00:00,1.8757427936
2009-06-22 00:00:00,1.8757427936
2009-06-23 00:00:00,1.8757427936
2009-06-24 00:00:00,1.8757427936
2009-06-25 00:00:00,1.8757427936
2009-06-26 00:00:00,1.8757427936
2009-06-27 00:00:00,1.8757427936
2009-07-05 00:00:00,9.09151977992
2009-07-06 00:00:00,9.09151977992
2009-07-07 00:00:00,9.09151977992
2009-07-08 00:00:00,9.09151977992
2009-07-09 00:00:00,9.09151977992
2009-07-10 00:00:00,9.09151977992
2009-07-11 00:00:00,9.09151977992
2009-09-20 00:00:00,3.07617173047
2009-09-21 00:00:00,3.07617173047
2009-09-22 00:00:00,3.07617173047
2009-09-23 00:00:00,3.07617173047
2009-09-24 00:00:00,3.07617173047
2009-09-25 00:00:00,3.07617173047
2009-09-26 00:00:00,3.07617173047
2009-10-25 00:00:00,2.3141388128
2009-10-26 00:00:00,2.3141388128
2009-10-27 00:00:00,2.3141388128
2009-10-28 00:00:00,2.3141388128
2009-10-29 00:00:00,2.3141388128
2009-10-30 00:00:00,2.3141388128
2009-10-31 00:00:00,2.3141388128
2010-01-24 00:00:00,4.02027246048
2010-01-25 00:00:00,4.02027246048
2010-01-26 00:00:00,4.02027246048
2010-01-27 00:00:00,4.02027246048
2010-01-28 00:00:00,4.02027246048
2010-01-29 00:00:00,4.02027246048
2010-01-30 00:00:00,4.02027246048
2010-03-28 00:00:00,1.99585383603
2010-03-29 00:00:00,1.99585383603
2010-03-30 00:00:00,1.99585383603
2010-03-31 00:00:00,1.99585383603
2010-04-01 00:00:00,1.99585383603
2010-04-02 00:00:00,1.99585383603
2010-04-03 00:00:00,1.99585383603
2010-05-02 00:00:00,8.5638119548
2010-05-03 00:00:00,8.5638119548
2010-05-04 00:00:00,8.5638119548
2010-05-05 00:00:00,8.5638119548
2010-05-06 00:00:00,8.5638119548
2010-05-07 00:00:00,8.5638119548
2010-05-08 00:00:00,8.5638119548
2010-07-11 00:00:00,1.91970542592
2010-07-12 00:00:00,1.91970542592
2010-07-13 00:00:00,1.91970542592
2010-07-14 00:00:00,1.91970542592
2010-07-15 00:00:00,1.91970542592
2010-07-16 00:00:00,1.91970542592
2010-07-17 00:00:00,1.91970542592
2010-10-03 00:00:00,2.19839849634
2010-10-04 00:00:00,2.19839849634
2010-10-05 00:00:00,2.19839849634
2010-10-06 00:00:00,2.19839849634
2010-10-07 00:00:00,2.19839849634
2010-10-08 00:00:00,2.19839849634
2010-10-09 00:00:00,2.19839849634
2010-10-17 00:00:00,3.12094127479
2010-10-18 00:00:00,3.12094127479
2010-10-19 00:00:00,3.12094127479
2010-10-20 00:00:00,3.12094127479
2010-10-21 00:00:00,3.12094127479
2010-10-22 00:00:00,3.12094127479
2010-10-23 00:00:00,3.12094127479
2010-11-28 00:00:00,28.7656495553
2010-11-29 00:00:00,28.7656495553
2010-11-30 00:00:00,28.7656495553
2010-12-01 00:00:00,28.7656495553
2010-12-02 00:00:00,28.7656495553
2010-12-03 00:00:00,28.7656495553
2010-12-04 00:00:00,28.7656495553
2010-12-05 00:00:00,28.7656495553
2010-12-06 00:00:00,28.7656495553
2010-12-07 00:00:00,28.7656495553
2010-12-08 00:00:00,28.7656495553
2010-12-09 00:00:00,28.7656495553
2010-12-10 00:00:00,28.7656495553
2010-12-11 00:00:00,28.7656495553
2010-12-26 00:00:00,2.14008511317
2010-12-27 00:00:00,2.14008511317
2010-12-28 00:00:00,2.14008511317
2010-12-29 00:00:00,2.14008511317
2010-12-30 00:00:00,2.14008511317
2010-12-31 00:00:00,2.14008511317
2011-01-01 00:00:00,2.14008511317
2011-03-27 00:00:00,3.59011942946
2011-03-28 00:00:00,3.59011942946
2011-03-29 00:00:00,3.59011942946
2011-03-30 00:00:00,3.59011942946
2011-03-31 00:00:00,3.59011942946
2011-04-01 00:00:00,3.59011942946
2011-04-02 00:00:00,3.59011942946
2011-04-03 00:00:00,3.59011942946
2011-04-04 00:00:00,3.59011942946
2011-04-05 00:00:00,3.59011942946
2011-04-06 00:00:00,3.59011942946
2011-04-07 00:00:00,3.59011942946
2011-04-08 00:00:00,3.59011942946
2011-04-09 00:00:00,3.59011942946
2011-05-22 00:00:00,1.92829059431
2011-05-23 00:00:00,1.92829059431
2011-05-24 00:00:00,1.92829059431
2011-05-25 00:00:00,1.92829059431
2011-05-26 00:00:00,1.92829059431
2011-05-27 00:00:00,1.92829059431
2011-05-28 00:00:00,1.92829059431
2011-09-04 00:00:00,24.0603391925
2011-09-05 00:00:00,24.0603391925
2011-09-06 00:00:00,24.0603391925
2011-09-07 00:00:00,24.0603391925
2011-09-08 00:00:00,24.0603391925
2011-09-09 00:00:00,24.0603391925
2011-09-10 00:00:00,24.0603391925
2011-09-18 00:00:00,3.24880685653
2011-09-19 00:00:00,3.24880685653
2011-09-20 00:00:00,3.24880685653
2011-09-21 00:00:00,3.24880685653
2011-09-22 00:00:00,3.24880685653
2011-09-23 00:00:00,3.24880685653
2011-09-24 00:00:00,3.24880685653
2011-10-23 00:00:00,3.03385104594
2011-10-24 00:00:00,3.03385104594
2011-10-25 00:00:00,3.03385104594
2011-10-26 00:00:00,3.03385104594
2011-10-27 00:00:00,3.03385104594
2011-10-28 00:00:00,3.03385104594
2011-10-29 00:00:00,3.03385104594
2011-11-06 00:00:00,4.90804258485
2011-11-07 00:00:00,4.90804258485
2011-11-08 00:00:00,4.90804258485
2011-11-09 00:00:00,4.90804258485
2011-11-10 00:00:00,4.90804258485
2011-11-11 00:00:00,4.90804258485
2011-11-12 00:00:00,4.90804258485
2012-03-18 00:00:00,2.33077368241
2012-03-19 00:00:00,2.33077368241
2012-03-20 00:00:00,2.33077368241
2012-03-21 00:00:00,2.33077368241
2012-03-22 00:00:00,2.33077368241
2012-03-23 00:00:00,2.33077368241
2012-03-24 00:00:00,2.33077368241
2012-04-29 00:00:00,4.66401496618
2012-04-30 00:00:00,4.66401496618
2012-05-01 00:00:00,4.66401496618
2012-05-02 00:00:00,4.66401496618
2012-05-03 00:00:00,4.66401496618
2012-05-04 00:00:00,4.66401496618
2012-05-05 00:00:00,4.66401496618
2012-05-20 00:00:00,31.4131655881
2012-05-21 00:00:00,31.4131655881
2012-05-22 00:00:00,31.4131655881
2012-05-23 00:00:00,31.4131655881
2012-05-24 00:00:00,31.4131655881
2012-05-25 00:00:00,31.4131655881
2012-05-26 00:00:00,31.4131655881
2012-05-27 00:00:00,31.4131655881
2012-05-28 00:00:00,31.4131655881
2012-05-29 00:00:00,31.4131655881
2012-05-30 00:00:00,31.4131655881
2012-05-31 00:00:00,31.4131655881
2012-06-01 00:00:00,31.4131655881
2012-06-02 00:00:00,31.4131655881
2012-06-03 00:00:00,31.4131655881
2012-06-04 00:00:00,31.4131655881
2012-06-05 00:00:00,31.4131655881
2012-06-06 00:00:00,31.4131655881
2012-06-07 00:00:00,31.4131655881
2012-06-08 00:00:00,31.4131655881
2012-06-09 00:00:00,31.4131655881
2012-07-08 00:00:00,5.21234461045
2012-07-09 00:00:00,5.21234461045
2012-07-10 00:00:00,5.21234461045
2012-07-11 00:00:00,5.21234461045
2012-07-12 00:00:00,5.21234461045
2012-07-13 00:00:00,5.21234461045
2012-07-14 00:00:00,5.21234461045
2012-07-15 00:00:00,5.21234461045
2012-07-16 00:00:00,5.21234461045
2012-07-17 00:00:00,5.21234461045
2012-07-18 00:00:00,5.21234461045
2012-07-19 00:00:00,5.21234461045
2012-07-20 00:00:00,5.21234461045
2012-07-21 00:00:00,5.21234461045
2012-09-16 00:00:00,1.95975102622
2012-09-17 00:00:00,1.95975102622
2012-09-18 00:00:00,1.95975102622
2012-09-19 00:00:00,1.95975102622
2012-09-20 00:00:00,1.95975102622
2012-09-21 00:00:00,1.95975102622
2012-09-22 00:00:00,1.95975102622
2012-11-04 00:00:00,2.46532648847
2012-11-05 00:00:00,2.46532648847
2012-11-06 00:00:00,2.46532648847
2012-11-07 00:00:00,2.46532648847
2012-11-08 00:00:00,2.46532648847
2012-11-09 00:00:00,2.46532648847
2012-11-10 00:00:00,2.46532648847
2012-11-25 00:00:00,3.34047929469
2012-11-26 00:00:00,3.34047929469
2012-11-27 00:00:00,3.34047929469
2012-11-28 00:00:00,3.34047929469
2012-11-29 00:00:00,3.34047929469
2012-11-30 00:00:00,3.34047929469
2012-12-01 00:00:00,3.34047929469
2012-12-30 00:00:00,3.10717710228
2012-12-31 00:00:00,3.10717710228
2013-01-01 00:00:00,3.10717710228
2013-01-02 00:00:00,3.10717710228
2013-01-03 00:00:00,3.10717710228
2013-01-04 00:00:00,3.10717710228
2013-01-05 00:00:00,3.10717710228
2013-04-07 00:00:00,2.39771371434
2013-04-08 00:00:00,2.39771371434
2013-04-09 00:00:00,2.39771371434
2013-04-10 00:00:00,2.39771371434
2013-04-11 00:00:00,2.39771371434
2013-04-12 00:00:00,2.39771371434
2013-04-13 00:00:00,2.39771371434
2013-04-28 00:00:00,8.09402351778
2013-04-29 00:00:00,8.09402351778
2013-04-30 00:00:00,8.09402351778
2013-05-01 00:00:00,8.09402351778
2013-05-02 00:00:00,8.09402351778
2013-05-03 00:00:00,8.09402351778
2013-05-04 00:00:00,8.09402351778
2013-05-05 00:00:00,8.09402351778
2013-05-06 00:00:00,8.09402351778
2013-05-07 00:00:00,8.09402351778
2013-05-08 00:00:00,8.09402351778
2013-05-09 00:00:00,8.09402351778
2013-05-10 00:00:00,8.09402351778
2013-05-11 00:00:00,8.09402351778
2013-05-12 00:00:00,8.09402351778
2013-05-13 00:00:00,8.09402351778
2013-05-14 00:00:00,8.09402351778
2013-05-15 00:00:00,8.09402351778
2013-05-16 00:00:00,8.09402351778
2013-05-17 00:00:00,8.09402351778
2013-05-18 00:00:00,8.09402351778
2013-05-19 00:00:00,8.09402351778
2013-05-20 00:00:00,8.09402351778
2013-05-21 00:00:00,8.09402351778
2013-05-22 00:00:00,8.09402351778
2013-05-23 00:00:00,8.09402351778
2013-05-24 00:00:00,8.09402351778
2013-05-25 00:00:00,8.09402351778
2013-10-13 00:00:00,3.8370473889
2013-10-14 00:00:00,3.8370473889
2013-10-15 00:00:00,3.8370473889
2013-10-16 00:00:00,3.8370473889
2013-10-17 00:00:00,3.8370473889
2013-10-18 00:00:00,3.8370473889
2013-10-19 00:00:00,3.8370473889
2013-12-29 00:00:00,2.78174763186
2013-12-30 00:00:00,2.78174763186
2013-12-31 00:00:00,2.78174763186
2014-01-01 00:00:00,2.78174763186
2014-01-02 00:00:00,2.78174763186
2014-01-03 00:00:00,2.78174763186
2014-01-04 00:00:00,2.78174763186
2014-01-05 00:00:00,2.78174763186
2014-01-06 00:00:00,2.78174763186
2014-01-07 00:00:00,2.78174763186
2014-01-08 00:00:00,2.78174763186
2014-01-09 00:00:00,2.78174763186
2014-01-10 00:00:00,2.78174763186
2014-01-11 00:00:00,2.78174763186
2014-03-23 00:00:00,5.38759641899
2014-03-24 00:00:00,5.38759641899
2014-03-25 00:00:00,5.38759641899
2014-03-26 00:00:00,5.38759641899
2014-03-27 00:00:00,5.38759641899
2014-03-28 00:00:00,5.38759641899
2014-03-29 00:00:00,5.38759641899
2014-05-04 00:00:00,3.34827160666
2014-05-05 00:00:00,3.34827160666
2014-05-06 00:00:00,3.34827160666
2014-05-07 00:00:00,3.34827160666
2014-05-08 00:00:00,3.34827160666
2014-05-09 00:00:00,3.34827160666
2014-05-10 00:00:00,3.34827160666
2014-05-11 00:00:00,3.34827160666
2014-05-12 00:00:00,3.34827160666
2014-05-13 00:00:00,3.34827160666
2014-05-14 00:00:00,3.34827160666
2014-05-15 00:00:00,3.34827160666
2014-05-16 00:00:00,3.34827160666
2014-05-17 00:00:00,3.34827160666
2014-05-18 00:00:00,3.34827160666
2014-05-19 00:00:00,3.34827160666
2014-05-20 00:00:00,3.34827160666
2014-05-21 00:00:00,3.34827160666
2014-05-22 00:00:00,3.34827160666
2014-05-23 00:00:00,3.34827160666
2014-05-24 00:00:00,3.34827160666
2014-05-25 00:00:00,3.34827160666
2014-05-26 00:00:00,3.34827160666
2014-05-27 00:00:00,3.34827160666
2014-05-28 00:00:00,3.34827160666
2014-05-29 00:00:00,3.34827160666
2014-05-30 00:00:00,3.34827160666
2014-05-31 00:00:00,3.34827160666
2014-07-20 00:00:00,2.4288165932
2014-07-21 00:00:00,2.4288165932
2014-07-22 00:00:00,2.4288165932
2014-07-23 00:00:00,2.4288165932
2014-07-24 00:00:00,2.4288165932
2014-07-25 00:00:00,2.4288165932
2014-07-26 00:00:00,2.4288165932
2014-08-03 00:00:00,2.65798147754
2014-08-04 00:00:00,2.65798147754
2014-08-05 00:00:00,2.65798147754
2014-08-06 00:00:00,2.65798147754
2014-08-07 00:00:00,2.65798147754
2014-08-08 00:00:00,2.65798147754
2014-08-09 00:00:00,2.65798147754
2015-01-25 00:00:00,2.50121798037
2015-01-26 00:00:00,2.50121798037
2015-01-27 00:00:00,2.50121798037
2015-01-28 00:00:00,2.50121798037
2015-01-29 00:00:00,2.50121798037
2015-01-30 00:00:00,2.50121798037
2015-01-31 00:00:00,2.50121798037
2015-04-12 00:00:00,6.60842001526
2015-04-13 00:00:00,6.60842001526
2015-04-14 00:00:00,6.60842001526
2015-04-15 00:00:00,6.60842001526
2015-04-16 00:00:00,6.60842001526
2015-04-17 00:00:00,6.60842001526
2015-04-18 00:00:00,6.60842001526
2015-04-19 00:00:00,6.60842001526
2015-04-20 00:00:00,6.60842001526
2015-04-21 00:00:00,6.60842001526
2015-04-22 00:00:00,6.60842001526
2015-04-23 00:00:00,6.60842001526
2015-04-24 00:00:00,6.60842001526
2015-04-25 00:00:00,6.60842001526
2015-04-26 00:00:00,6.60842001526
2015-04-27 00:00:00,6.60842001526
2015-04-28 00:00:00,6.60842001526
2015-04-29 00:00:00,6.60842001526
2015-04-30 00:00:00,6.60842001526
2015-05-01 00:00:00,6.60842001526
2015-05-02 00:00:00,6.60842001526
News Data
Start Date, End Date,News Source,Link,Days,Reason,Comment,Days Reported
2010-12-26,2010-12-21,The Economic Times,http://articles.economictimes.indiatimes.com/2010-12-21/news/27586208_1_minimum-export-price-onion-prices-mep,-5,traders nexus,,0
2010-12-27,2010-12-22,NDTV,http://www.ndtv.com/india-news/why-onion-prices-are-so-high-442629,-5,unseasonal rainfall,,7
2010-12-28,2010-12-23,The Times of India,http://timesofindia.indiatimes.com/city/pune/Onion-prices-still-leave-consumers-teary-eyed/articleshow/7147525.cms,-5,unseasonal rainfall,,0
2010-12-29,2010-12-24,Business Standard,http://www.business-standard.com/article/economy-policy/wholesale-onion-prices-slide-20-in-lasalgaon-manmad-110122400137_1.html,-5,not stated,Prices went down, but for good quality prices went high,None
2010-12-30,2011-01-03,NDTV,http://www.ndtv.com/mumbai-news/mumbai-trader-sells-onions-at-rs-12-per-kg-443770,4,not stated,,0
2010-12-31,2011-01-03,NDTV,http://www.ndtv.com/mumbai-news/mumbai-trader-sells-onions-at-rs-12-per-kg-443770,3,not stated,,0
2011-01-01,2011-01-03,NDTV,http://www.ndtv.com/mumbai-news/mumbai-trader-sells-onions-at-rs-12-per-kg-443770,2,not stated,,0
2011-09-18,2011-09-20,NDTV,http://www.ndtv.com/india-news/onion-ban-lifted-politics-vs-prices-468166,2,delete, export ban lifted,,0
2011-09-19,2011-09-20,NDTV,http://www.ndtv.com/india-news/onion-ban-lifted-politics-vs-prices-468166,1,delete, export ban lifted,,0
2011-09-20,2011-09-20,NDTV,http://www.ndtv.com/india-news/onion-ban-lifted-politics-vs-prices-468166,0,delete, export ban lifted,,0
2011-09-21,2011-09-20,NDTV,http://www.ndtv.com/india-news/onion-ban-lifted-politics-vs-prices-468166,-1,delete, export ban lifted,,0
2011-09-22,2011-09-20,NDTV,http://www.ndtv.com/india-news/onion-ban-lifted-politics-vs-prices-468166,-2,delete, export ban lifted,,0
2011-09-23,2011-09-20,NDTV,http://www.ndtv.com/india-news/onion-ban-lifted-politics-vs-prices-468166,-3,delete, export ban lifted,,0
2011-09-24,2011-09-20,NDTV,http://www.ndtv.com/india-news/onion-ban-lifted-politics-vs-prices-468166,-4,delete, export ban lifted,,0
2012-12-30,2012-12-27,The Times of India,http://timesofindia.indiatimes.com/india/Onion-prices-80-higher-than-last-year/articleshow/17774280.cms,-3,traders nexus,no,0
2012-12-31,2012-12-27,The Times of India,http://timesofindia.indiatimes.com/india/Onion-prices-80-higher-than-last-year/articleshow/17774280.cms,-4,traders nexus,no,0
2013-01-01,2012-12-27,The Times of India,http://timesofindia.indiatimes.com/india/Onion-prices-80-higher-than-last-year/articleshow/17774280.cms,-5,traders nexus,no,0
2013-10-13,2013-10-10,The Economic Times,http://articles.economictimes.indiatimes.com/2013-10-10/news/42903314_1_export-price-price-rise-onion-prices,-3,traders nexus,,0
2013-10-14,2013-10-10,The Economic Times,http://articles.economictimes.indiatimes.com/2013-10-10/news/42903314_1_export-price-price-rise-onion-prices,-4,traders nexus,,0
2013-10-15,2013-10-10,The Economic Times,http://articles.economictimes.indiatimes.com/2013-10-10/news/42903314_1_export-price-price-rise-onion-prices,-5,traders nexus,,0
2013-10-17,2013-10-22,NDTV,http://profit.ndtv.com/news/cheat-sheet/article-why-onion-prices-are-inching-towards-rs-100-per-kg-370138,5,low supply,,0
2013-10-18,2013-10-22,NDTV,http://profit.ndtv.com/news/cheat-sheet/article-why-onion-prices-are-inching-towards-rs-100-per-kg-370138,4,low supply,,0
2013-10-19,2013-10-22,NDTV,http://profit.ndtv.com/news/cheat-sheet/article-why-onion-prices-are-inching-towards-rs-100-per-kg-370138,3,low supply,,0
2014-05-07,2014-05-12,Business Standard,http://www.business-standard.com/article/markets/onion-spot-prices-soar-31-in-2-days-likely-to-stay-high-114051200815_1.html,5,unseasonal rainfall,,2
2014-05-08,2014-05-12,Business Standard,http://www.business-standard.com/article/markets/onion-spot-prices-soar-31-in-2-days-likely-to-stay-high-114051200815_1.html,4,unseasonal rainfall,,2
2014-05-09,2014-05-12,Business Standard,http://www.business-standard.com/article/markets/onion-spot-prices-soar-31-in-2-days-likely-to-stay-high-114051200815_1.html,3,unseasonal rainfall,,2
2014-05-10,2014-05-12,Business Standard,http://www.business-standard.com/article/markets/onion-spot-prices-soar-31-in-2-days-likely-to-stay-high-114051200815_1.html,2,unseasonal rainfall,,2
2014-05-11,2014-05-12,Business Standard,http://www.business-standard.com/article/markets/onion-spot-prices-soar-31-in-2-days-likely-to-stay-high-114051200815_1.html,1,unseasonal rainfall,,2
2014-05-12,2014-05-12,Business Standard,http://www.business-standard.com/article/markets/onion-spot-prices-soar-31-in-2-days-likely-to-stay-high-114051200815_1.html,0,unseasonal rainfall,,2
2014-05-13,2014-05-12,Business Standard,http://www.business-standard.com/article/markets/onion-spot-prices-soar-31-in-2-days-likely-to-stay-high-114051200815_1.html,-1,unseasonal rainfall,,2
2014-05-14,2014-05-12,Business Standard,http://www.business-standard.com/article/markets/onion-spot-prices-soar-31-in-2-days-likely-to-stay-high-114051200815_1.html,-2,unseasonal rainfall,,2
2014-05-15,2014-05-12,Business Standard,http://www.business-standard.com/article/markets/onion-spot-prices-soar-31-in-2-days-likely-to-stay-high-114051200815_1.html,-3,unseasonal rainfall,,2
2014-05-16,2014-05-12,Business Standard,http://www.business-standard.com/article/markets/onion-spot-prices-soar-31-in-2-days-likely-to-stay-high-114051200815_1.html,-4,unseasonal rainfall,,2
2014-05-17,2014-05-12,Business Standard,http://www.business-standard.com/article/markets/onion-spot-prices-soar-31-in-2-days-likely-to-stay-high-114051200815_1.html,-5,unseasonal rainfall,,2
2014-07-20,2014-07-15,First Post,http://www.firstpost.com/india/why-modi-sarkaar-should-ready-itself-for-another-fight-with-inflation-1619551.html,-5,not stated,Title : Why Modi sarkaar should ready itself for another fight with inflation , but stated that onion prices are high as compared to last year,30
2014-07-21,2014-07-17,Business Standard,http://www.business-standard.com/article/economy-policy/price-stabilization-fund-in-agriculture-to-be-used-for-cereals-and-vegetables-114071701051_1.html,-4,not stated,,40
2014-07-22,2014-07-17,Business Standard,http://www.business-standard.com/article/economy-policy/price-stabilization-fund-in-agriculture-to-be-used-for-cereals-and-vegetables-114071701051_1.html,-5,not stated,,40
Correlation Result:::
Date,Value
2006-01-31 00:00:00,0.526922978004
2006-02-01 00:00:00,0.526922978004
2006-02-02 00:00:00,0.526922978004
2006-02-03 00:00:00,0.526922978004
2006-02-04 00:00:00,0.526922978004
2006-02-05 00:00:00,0.526922978004
2006-02-06 00:00:00,0.526922978004
2006-02-07 00:00:00,0.526922978004
2006-02-08 00:00:00,0.526922978004
2006-02-09 00:00:00,0.526922978004
2006-02-10 00:00:00,0.526922978004
2006-02-11 00:00:00,0.526922978004
2006-02-12 00:00:00,0.526922978004
2006-02-13 00:00:00,0.526922978004
2006-02-14 00:00:00,0.526922978004
2006-03-02 00:00:00,0.674472609549
2006-03-03 00:00:00,0.674472609549
2006-03-04 00:00:00,0.674472609549
2006-03-05 00:00:00,0.674472609549
2006-03-06 00:00:00,0.674472609549
2006-03-07 00:00:00,0.674472609549
2006-03-08 00:00:00,0.674472609549
2006-03-09 00:00:00,0.674472609549
2006-03-10 00:00:00,0.674472609549
2006-03-11 00:00:00,0.674472609549
2006-03-12 00:00:00,0.674472609549
2006-03-13 00:00:00,0.674472609549
2006-03-14 00:00:00,0.674472609549
2006-03-15 00:00:00,0.674472609549
2006-03-16 00:00:00,0.674472609549
2006-03-17 00:00:00,0.674472609549
2006-03-18 00:00:00,0.674472609549
2006-03-19 00:00:00,0.674472609549
2006-03-20 00:00:00,0.674472609549
2006-03-21 00:00:00,0.674472609549
2006-03-22 00:00:00,0.674472609549
2006-03-23 00:00:00,0.674472609549
2006-03-24 00:00:00,0.674472609549
2006-03-25 00:00:00,0.674472609549
2006-03-26 00:00:00,0.674472609549
2006-03-27 00:00:00,0.674472609549
2006-03-28 00:00:00,0.674472609549
2006-03-29 00:00:00,0.674472609549
2006-03-30 00:00:00,0.674472609549
2006-03-31 00:00:00,0.674472609549
2006-04-01 00:00:00,0.674472609549
2006-04-02 00:00:00,0.674472609549
2006-04-03 00:00:00,0.674472609549
2006-04-04 00:00:00,0.674472609549
2006-04-05 00:00:00,0.674472609549
2006-04-06 00:00:00,0.674472609549
2006-04-07 00:00:00,0.674472609549
2006-04-08 00:00:00,0.674472609549
2006-04-09 00:00:00,0.674472609549
2006-04-10 00:00:00,0.674472609549
2006-04-11 00:00:00,0.674472609549
2006-04-12 00:00:00,0.674472609549
2006-04-13 00:00:00,0.674472609549
2006-04-14 00:00:00,0.674472609549
2006-04-15 00:00:00,0.674472609549
2006-05-16 00:00:00,-0.630315701667
2006-05-17 00:00:00,-0.630315701667
2006-05-18 00:00:00,-0.630315701667
2006-05-19 00:00:00,-0.630315701667
2006-05-20 00:00:00,-0.630315701667
2006-05-21 00:00:00,-0.630315701667
2006-05-22 00:00:00,-0.630315701667
2006-05-23 00:00:00,-0.630315701667
2006-05-24 00:00:00,-0.630315701667
2006-05-25 00:00:00,-0.630315701667
2006-05-26 00:00:00,-0.630315701667
2006-05-27 00:00:00,-0.630315701667
2006-05-28 00:00:00,-0.630315701667
2006-05-29 00:00:00,-0.630315701667
2006-05-30 00:00:00,-0.630315701667
2006-06-15 00:00:00,0.657490620414
2006-06-16 00:00:00,0.657490620414
2006-06-17 00:00:00,0.657490620414
2006-06-18 00:00:00,0.657490620414
2006-06-19 00:00:00,0.657490620414
2006-06-20 00:00:00,0.657490620414
2006-06-21 00:00:00,0.657490620414
2006-06-22 00:00:00,0.657490620414
2006-06-23 00:00:00,0.657490620414
2006-06-24 00:00:00,0.657490620414
2006-06-25 00:00:00,0.657490620414
2006-06-26 00:00:00,0.657490620414
2006-06-27 00:00:00,0.657490620414
2006-06-28 00:00:00,0.657490620414
2006-06-29 00:00:00,0.657490620414
2006-06-30 00:00:00,0.657490620414
2006-07-01 00:00:00,0.657490620414
2006-07-02 00:00:00,0.657490620414
2006-07-03 00:00:00,0.657490620414
2006-07-04 00:00:00,0.657490620414
2006-07-05 00:00:00,0.657490620414
2006-07-06 00:00:00,0.657490620414
2006-07-07 00:00:00,0.657490620414
2006-07-08 00:00:00,0.657490620414
2006-07-09 00:00:00,0.657490620414
2006-07-10 00:00:00,0.657490620414
2006-07-11 00:00:00,0.657490620414
2006-07-12 00:00:00,0.657490620414
2006-07-13 00:00:00,0.657490620414
2006-07-14 00:00:00,0.657490620414
2006-07-15 00:00:00,0.657490620414
2006-07-16 00:00:00,0.657490620414
2006-07-17 00:00:00,0.657490620414
2006-07-18 00:00:00,0.657490620414
2006-07-19 00:00:00,0.657490620414
2006-07-20 00:00:00,0.657490620414
2006-07-21 00:00:00,0.657490620414
2006-07-22 00:00:00,0.657490620414
2006-07-23 00:00:00,0.657490620414
2006-07-24 00:00:00,0.657490620414
2006-07-25 00:00:00,0.657490620414
2006-07-26 00:00:00,0.657490620414
2006-07-27 00:00:00,0.657490620414
2006-07-28 00:00:00,0.657490620414
2006-07-29 00:00:00,0.657490620414
2006-11-12 00:00:00,-0.867992125439
2006-11-13 00:00:00,-0.867992125439
2006-11-14 00:00:00,-0.867992125439
2006-11-15 00:00:00,-0.867992125439
2006-11-16 00:00:00,-0.867992125439
2006-11-17 00:00:00,-0.867992125439
2006-11-18 00:00:00,-0.867992125439
2006-11-19 00:00:00,-0.867992125439
2006-11-20 00:00:00,-0.867992125439
2006-11-21 00:00:00,-0.867992125439
2006-11-22 00:00:00,-0.867992125439
2006-11-23 00:00:00,-0.867992125439
2006-11-24 00:00:00,-0.867992125439
2006-11-25 00:00:00,-0.867992125439
2006-11-26 00:00:00,-0.867992125439
2007-03-12 00:00:00,-0.692912277764
2007-03-13 00:00:00,-0.692912277764
2007-03-14 00:00:00,-0.692912277764
2007-03-15 00:00:00,-0.692912277764
2007-03-16 00:00:00,-0.692912277764
2007-03-17 00:00:00,-0.692912277764
2007-03-18 00:00:00,-0.692912277764
2007-03-19 00:00:00,-0.692912277764
2007-03-20 00:00:00,-0.692912277764
2007-03-21 00:00:00,-0.692912277764
2007-03-22 00:00:00,-0.692912277764
2007-03-23 00:00:00,-0.692912277764
2007-03-24 00:00:00,-0.692912277764
2007-03-25 00:00:00,-0.692912277764
2007-03-26 00:00:00,-0.692912277764
2007-08-24 00:00:00,-0.585738154576
2007-08-25 00:00:00,-0.585738154576
2007-08-26 00:00:00,-0.585738154576
2007-08-27 00:00:00,-0.585738154576
2007-08-28 00:00:00,-0.585738154576
2007-08-29 00:00:00,-0.585738154576
2007-08-30 00:00:00,-0.585738154576
2007-08-31 00:00:00,-0.585738154576
2007-09-01 00:00:00,-0.585738154576
2007-09-02 00:00:00,-0.585738154576
2007-09-03 00:00:00,-0.585738154576
2007-09-04 00:00:00,-0.585738154576
2007-09-05 00:00:00,-0.585738154576
2007-09-06 00:00:00,-0.585738154576
2007-09-07 00:00:00,-0.585738154576
2007-09-23 00:00:00,0.617551561144
2007-09-24 00:00:00,0.617551561144
2007-09-25 00:00:00,0.617551561144
2007-09-26 00:00:00,0.617551561144
2007-09-27 00:00:00,0.617551561144
2007-09-28 00:00:00,0.617551561144
2007-09-29 00:00:00,0.617551561144
2007-09-30 00:00:00,0.617551561144
2007-10-01 00:00:00,0.617551561144
2007-10-02 00:00:00,0.617551561144
2007-10-03 00:00:00,0.617551561144
2007-10-04 00:00:00,0.617551561144
2007-10-05 00:00:00,0.617551561144
2007-10-06 00:00:00,0.617551561144
2007-10-07 00:00:00,0.617551561144
2007-11-07 00:00:00,0.54026622396
2007-11-08 00:00:00,0.54026622396
2007-11-09 00:00:00,0.54026622396
2007-11-10 00:00:00,0.54026622396
2007-11-11 00:00:00,0.54026622396
2007-11-12 00:00:00,0.54026622396
2007-11-13 00:00:00,0.54026622396
2007-11-14 00:00:00,0.54026622396
2007-11-15 00:00:00,0.54026622396
2007-11-16 00:00:00,0.54026622396
2007-11-17 00:00:00,0.54026622396
2007-11-18 00:00:00,0.54026622396
2007-11-19 00:00:00,0.54026622396
2007-11-20 00:00:00,0.54026622396
2007-11-21 00:00:00,0.54026622396
2007-11-22 00:00:00,0.54026622396
2007-11-23 00:00:00,0.54026622396
2007-11-24 00:00:00,0.54026622396
2007-11-25 00:00:00,0.54026622396
2007-11-26 00:00:00,0.54026622396
2007-11-27 00:00:00,0.54026622396
2007-11-28 00:00:00,0.54026622396
2007-11-29 00:00:00,0.54026622396
2007-11-30 00:00:00,0.54026622396
2007-12-01 00:00:00,0.54026622396
2007-12-02 00:00:00,0.54026622396
2007-12-03 00:00:00,0.54026622396
2007-12-04 00:00:00,0.54026622396
2007-12-05 00:00:00,0.54026622396
2007-12-06 00:00:00,0.54026622396
2007-12-22 00:00:00,-0.613674007713
2007-12-23 00:00:00,-0.613674007713
2007-12-24 00:00:00,-0.613674007713
2007-12-25 00:00:00,-0.613674007713
2007-12-26 00:00:00,-0.613674007713
2007-12-27 00:00:00,-0.613674007713
2007-12-28 00:00:00,-0.613674007713
2007-12-29 00:00:00,-0.613674007713
2007-12-30 00:00:00,-0.613674007713
2007-12-31 00:00:00,-0.613674007713
2008-01-01 00:00:00,-0.613674007713
2008-01-02 00:00:00,-0.613674007713
2008-01-03 00:00:00,-0.613674007713
2008-01-04 00:00:00,-0.613674007713
2008-01-05 00:00:00,-0.613674007713
2008-02-20 00:00:00,0.661529079933
2008-02-21 00:00:00,0.661529079933
2008-02-22 00:00:00,0.661529079933
2008-02-23 00:00:00,0.661529079933
2008-02-24 00:00:00,0.661529079933
2008-02-25 00:00:00,0.661529079933
2008-02-26 00:00:00,0.661529079933
2008-02-27 00:00:00,0.661529079933
2008-02-28 00:00:00,0.661529079933
2008-02-29 00:00:00,0.661529079933
2008-03-01 00:00:00,0.661529079933
2008-03-02 00:00:00,0.661529079933
2008-03-03 00:00:00,0.661529079933
2008-03-04 00:00:00,0.661529079933
2008-03-05 00:00:00,0.661529079933
2008-03-06 00:00:00,0.661529079933
2008-03-07 00:00:00,0.661529079933
2008-03-08 00:00:00,0.661529079933
2008-03-09 00:00:00,0.661529079933
2008-03-10 00:00:00,0.661529079933
2008-03-11 00:00:00,0.661529079933
2008-03-12 00:00:00,0.661529079933
2008-03-13 00:00:00,0.661529079933
2008-03-14 00:00:00,0.661529079933
2008-03-15 00:00:00,0.661529079933
2008-03-16 00:00:00,0.661529079933
2008-03-17 00:00:00,0.661529079933
2008-03-18 00:00:00,0.661529079933
2008-03-19 00:00:00,0.661529079933
2008-03-20 00:00:00,0.661529079933
2008-06-19 00:00:00,-0.648514002147
2008-06-20 00:00:00,-0.648514002147
2008-06-21 00:00:00,-0.648514002147
2008-06-22 00:00:00,-0.648514002147
2008-06-23 00:00:00,-0.648514002147
2008-06-24 00:00:00,-0.648514002147
2008-06-25 00:00:00,-0.648514002147
2008-06-26 00:00:00,-0.648514002147
2008-06-27 00:00:00,-0.648514002147
2008-06-28 00:00:00,-0.648514002147
2008-06-29 00:00:00,-0.648514002147
2008-06-30 00:00:00,-0.648514002147
2008-07-01 00:00:00,-0.648514002147
2008-07-02 00:00:00,-0.648514002147
2008-07-03 00:00:00,-0.648514002147
2008-07-04 00:00:00,-0.648514002147
2008-07-05 00:00:00,-0.648514002147
2008-07-06 00:00:00,-0.648514002147
2008-07-07 00:00:00,-0.648514002147
2008-07-08 00:00:00,-0.648514002147
2008-07-09 00:00:00,-0.648514002147
2008-07-10 00:00:00,-0.648514002147
2008-07-11 00:00:00,-0.648514002147
2008-07-12 00:00:00,-0.648514002147
2008-07-13 00:00:00,-0.648514002147
2008-07-14 00:00:00,-0.648514002147
2008-07-15 00:00:00,-0.648514002147
2008-07-16 00:00:00,-0.648514002147
2008-07-17 00:00:00,-0.648514002147
2008-07-18 00:00:00,-0.648514002147
2008-07-19 00:00:00,-0.648514002147
2008-07-20 00:00:00,-0.648514002147
2008-07-21 00:00:00,-0.648514002147
2008-07-22 00:00:00,-0.648514002147
2008-07-23 00:00:00,-0.648514002147
2008-07-24 00:00:00,-0.648514002147
2008-07-25 00:00:00,-0.648514002147
2008-07-26 00:00:00,-0.648514002147
2008-07-27 00:00:00,-0.648514002147
2008-07-28 00:00:00,-0.648514002147
2008-07-29 00:00:00,-0.648514002147
2008-07-30 00:00:00,-0.648514002147
2008-07-31 00:00:00,-0.648514002147
2008-08-01 00:00:00,-0.648514002147
2008-08-02 00:00:00,-0.648514002147
2008-09-17 00:00:00,-0.796175604918
2008-09-18 00:00:00,-0.796175604918
2008-09-19 00:00:00,-0.796175604918
2008-09-20 00:00:00,-0.796175604918
2008-09-21 00:00:00,-0.796175604918
2008-09-22 00:00:00,-0.796175604918
2008-09-23 00:00:00,-0.796175604918
2008-09-24 00:00:00,-0.796175604918
2008-09-25 00:00:00,-0.796175604918
2008-09-26 00:00:00,-0.796175604918
2008-09-27 00:00:00,-0.796175604918
2008-09-28 00:00:00,-0.796175604918
2008-09-29 00:00:00,-0.796175604918
2008-09-30 00:00:00,-0.796175604918
2008-10-01 00:00:00,-0.796175604918
2008-11-01 00:00:00,-0.812517030447
2008-11-02 00:00:00,-0.812517030447
2008-11-03 00:00:00,-0.812517030447
2008-11-04 00:00:00,-0.812517030447
2008-11-05 00:00:00,-0.812517030447
2008-11-06 00:00:00,-0.812517030447
2008-11-07 00:00:00,-0.812517030447
2008-11-08 00:00:00,-0.812517030447
2008-11-09 00:00:00,-0.812517030447
2008-11-10 00:00:00,-0.812517030447
2008-11-11 00:00:00,-0.812517030447
2008-11-12 00:00:00,-0.812517030447
2008-11-13 00:00:00,-0.812517030447
2008-11-14 00:00:00,-0.812517030447
2008-11-15 00:00:00,-0.812517030447
2009-01-15 00:00:00,-0.967598345621
2009-01-16 00:00:00,-0.967598345621
2009-01-17 00:00:00,-0.967598345621
2009-01-18 00:00:00,-0.967598345621
2009-01-19 00:00:00,-0.967598345621
2009-01-20 00:00:00,-0.967598345621
2009-01-21 00:00:00,-0.967598345621
2009-01-22 00:00:00,-0.967598345621
2009-01-23 00:00:00,-0.967598345621
2009-01-24 00:00:00,-0.967598345621
2009-01-25 00:00:00,-0.967598345621
2009-01-26 00:00:00,-0.967598345621
2009-01-27 00:00:00,-0.967598345621
2009-01-28 00:00:00,-0.967598345621
2009-01-29 00:00:00,-0.967598345621
2009-03-16 00:00:00,-0.923275368674
2009-03-17 00:00:00,-0.923275368674
2009-03-18 00:00:00,-0.923275368674
2009-03-19 00:00:00,-0.923275368674
2009-03-20 00:00:00,-0.923275368674
2009-03-21 00:00:00,-0.923275368674
2009-03-22 00:00:00,-0.923275368674
2009-03-23 00:00:00,-0.923275368674
2009-03-24 00:00:00,-0.923275368674
2009-03-25 00:00:00,-0.923275368674
2009-03-26 00:00:00,-0.923275368674
2009-03-27 00:00:00,-0.923275368674
2009-03-28 00:00:00,-0.923275368674
2009-03-29 00:00:00,-0.923275368674
2009-03-30 00:00:00,-0.923275368674
2009-08-13 00:00:00,0.664887432386
2009-08-14 00:00:00,0.664887432386
2009-08-15 00:00:00,0.664887432386
2009-08-16 00:00:00,0.664887432386
2009-08-17 00:00:00,0.664887432386
2009-08-18 00:00:00,0.664887432386
2009-08-19 00:00:00,0.664887432386
2009-08-20 00:00:00,0.664887432386
2009-08-21 00:00:00,0.664887432386
2009-08-22 00:00:00,0.664887432386
2009-08-23 00:00:00,0.664887432386
2009-08-24 00:00:00,0.664887432386
2009-08-25 00:00:00,0.664887432386
2009-08-26 00:00:00,0.664887432386
2009-08-27 00:00:00,0.664887432386
2009-08-28 00:00:00,0.664887432386
2009-08-29 00:00:00,0.664887432386
2009-08-30 00:00:00,0.664887432386
2009-08-31 00:00:00,0.664887432386
2009-09-01 00:00:00,0.664887432386
2009-09-02 00:00:00,0.664887432386
2009-09-03 00:00:00,0.664887432386
2009-09-04 00:00:00,0.664887432386
2009-09-05 00:00:00,0.664887432386
2009-09-06 00:00:00,0.664887432386
2009-09-07 00:00:00,0.664887432386
2009-09-08 00:00:00,0.664887432386
2009-09-09 00:00:00,0.664887432386
2009-09-10 00:00:00,0.664887432386
2009-09-11 00:00:00,0.664887432386
2009-11-26 00:00:00,-0.633211856139
2009-11-27 00:00:00,-0.633211856139
2009-11-28 00:00:00,-0.633211856139
2009-11-29 00:00:00,-0.633211856139
2009-11-30 00:00:00,-0.633211856139
2009-12-01 00:00:00,-0.633211856139
2009-12-02 00:00:00,-0.633211856139
2009-12-03 00:00:00,-0.633211856139
2009-12-04 00:00:00,-0.633211856139
2009-12-05 00:00:00,-0.633211856139
2009-12-06 00:00:00,-0.633211856139
2009-12-07 00:00:00,-0.633211856139
2009-12-08 00:00:00,-0.633211856139
2009-12-09 00:00:00,-0.633211856139
2009-12-10 00:00:00,-0.633211856139
2009-12-26 00:00:00,-0.577370451921
2009-12-27 00:00:00,-0.577370451921
2009-12-28 00:00:00,-0.577370451921
2009-12-29 00:00:00,-0.577370451921
2009-12-30 00:00:00,-0.577370451921
2009-12-31 00:00:00,-0.577370451921
2010-01-01 00:00:00,-0.577370451921
2010-01-02 00:00:00,-0.577370451921
2010-01-03 00:00:00,-0.577370451921
2010-01-04 00:00:00,-0.577370451921
2010-01-05 00:00:00,-0.577370451921
2010-01-06 00:00:00,-0.577370451921
2010-01-07 00:00:00,-0.577370451921
2010-01-08 00:00:00,-0.577370451921
2010-01-09 00:00:00,-0.577370451921
2010-01-25 00:00:00,-0.715191509837
2010-01-26 00:00:00,-0.715191509837
2010-01-27 00:00:00,-0.715191509837
2010-01-28 00:00:00,-0.715191509837
2010-01-29 00:00:00,-0.715191509837
2010-01-30 00:00:00,-0.715191509837
2010-01-31 00:00:00,-0.715191509837
2010-02-01 00:00:00,-0.715191509837
2010-02-02 00:00:00,-0.715191509837
2010-02-03 00:00:00,-0.715191509837
2010-02-04 00:00:00,-0.715191509837
2010-02-05 00:00:00,-0.715191509837
2010-02-06 00:00:00,-0.715191509837
2010-02-07 00:00:00,-0.715191509837
2010-02-08 00:00:00,-0.715191509837
2010-02-09 00:00:00,-0.715191509837
2010-02-10 00:00:00,-0.715191509837
2010-02-11 00:00:00,-0.715191509837
2010-02-12 00:00:00,-0.715191509837
2010-02-13 00:00:00,-0.715191509837
2010-02-14 00:00:00,-0.715191509837
2010-02-15 00:00:00,-0.715191509837
2010-02-16 00:00:00,-0.715191509837
2010-02-17 00:00:00,-0.715191509837
2010-02-18 00:00:00,-0.715191509837
2010-02-19 00:00:00,-0.715191509837
2010-02-20 00:00:00,-0.715191509837
2010-02-21 00:00:00,-0.715191509837
2010-02-22 00:00:00,-0.715191509837
2010-02-23 00:00:00,-0.715191509837
2010-03-26 00:00:00,-0.80022221477
2010-03-27 00:00:00,-0.80022221477
2010-03-28 00:00:00,-0.80022221477
2010-03-29 00:00:00,-0.80022221477
2010-03-30 00:00:00,-0.80022221477
2010-03-31 00:00:00,-0.80022221477
2010-04-01 00:00:00,-0.80022221477
2010-04-02 00:00:00,-0.80022221477
2010-04-03 00:00:00,-0.80022221477
2010-04-04 00:00:00,-0.80022221477
2010-04-05 00:00:00,-0.80022221477
2010-04-06 00:00:00,-0.80022221477
2010-04-07 00:00:00,-0.80022221477
2010-04-08 00:00:00,-0.80022221477
2010-04-09 00:00:00,-0.80022221477
2010-05-10 00:00:00,-0.52410430756
2010-05-11 00:00:00,-0.52410430756
2010-05-12 00:00:00,-0.52410430756
2010-05-13 00:00:00,-0.52410430756
2010-05-14 00:00:00,-0.52410430756
2010-05-15 00:00:00,-0.52410430756
2010-05-16 00:00:00,-0.52410430756
2010-05-17 00:00:00,-0.52410430756
2010-05-18 00:00:00,-0.52410430756
2010-05-19 00:00:00,-0.52410430756
2010-05-20 00:00:00,-0.52410430756
2010-05-21 00:00:00,-0.52410430756
2010-05-22 00:00:00,-0.52410430756
2010-05-23 00:00:00,-0.52410430756
2010-05-24 00:00:00,-0.52410430756
2010-07-09 00:00:00,-0.904131829101
2010-07-10 00:00:00,-0.904131829101
2010-07-11 00:00:00,-0.904131829101
2010-07-12 00:00:00,-0.904131829101
2010-07-13 00:00:00,-0.904131829101
2010-07-14 00:00:00,-0.904131829101
2010-07-15 00:00:00,-0.904131829101
2010-07-16 00:00:00,-0.904131829101
2010-07-17 00:00:00,-0.904131829101
2010-07-18 00:00:00,-0.904131829101
2010-07-19 00:00:00,-0.904131829101
2010-07-20 00:00:00,-0.904131829101
2010-07-21 00:00:00,-0.904131829101
2010-07-22 00:00:00,-0.904131829101
2010-07-23 00:00:00,-0.904131829101
2010-08-08 00:00:00,0.517135440754
2010-08-09 00:00:00,0.517135440754
2010-08-10 00:00:00,0.517135440754
2010-08-11 00:00:00,0.517135440754
2010-08-12 00:00:00,0.517135440754
2010-08-13 00:00:00,0.517135440754
2010-08-14 00:00:00,0.517135440754
2010-08-15 00:00:00,0.517135440754
2010-08-16 00:00:00,0.517135440754
2010-08-17 00:00:00,0.517135440754
2010-08-18 00:00:00,0.517135440754
2010-08-19 00:00:00,0.517135440754
2010-08-20 00:00:00,0.517135440754
2010-08-21 00:00:00,0.517135440754
2010-08-22 00:00:00,0.517135440754
2010-09-22 00:00:00,-0.870760280781
2010-09-23 00:00:00,-0.870760280781
2010-09-24 00:00:00,-0.870760280781
2010-09-25 00:00:00,-0.870760280781
2010-09-26 00:00:00,-0.870760280781
2010-09-27 00:00:00,-0.870760280781
2010-09-28 00:00:00,-0.870760280781
2010-09-29 00:00:00,-0.870760280781
2010-09-30 00:00:00,-0.870760280781
2010-10-01 00:00:00,-0.870760280781
2010-10-02 00:00:00,-0.870760280781
2010-10-03 00:00:00,-0.870760280781
2010-10-04 00:00:00,-0.870760280781
2010-10-05 00:00:00,-0.870760280781
2010-10-06 00:00:00,-0.870760280781
2010-11-21 00:00:00,-0.926801142732
2010-11-22 00:00:00,-0.926801142732
2010-11-23 00:00:00,-0.926801142732
2010-11-24 00:00:00,-0.926801142732
2010-11-25 00:00:00,-0.926801142732
2010-11-26 00:00:00,-0.926801142732
2010-11-27 00:00:00,-0.926801142732
2010-11-28 00:00:00,-0.926801142732
2010-11-29 00:00:00,-0.926801142732
2010-11-30 00:00:00,-0.926801142732
2010-12-01 00:00:00,-0.926801142732
2010-12-02 00:00:00,-0.926801142732
2010-12-03 00:00:00,-0.926801142732
2010-12-04 00:00:00,-0.926801142732
2010-12-05 00:00:00,-0.926801142732
2011-01-05 00:00:00,-0.917602477533
2011-01-06 00:00:00,-0.917602477533
2011-01-07 00:00:00,-0.917602477533
2011-01-08 00:00:00,-0.917602477533
2011-01-09 00:00:00,-0.917602477533
2011-01-10 00:00:00,-0.917602477533
2011-01-11 00:00:00,-0.917602477533
2011-01-12 00:00:00,-0.917602477533
2011-01-13 00:00:00,-0.917602477533
2011-01-14 00:00:00,-0.917602477533
2011-01-15 00:00:00,-0.917602477533
2011-01-16 00:00:00,-0.917602477533
2011-01-17 00:00:00,-0.917602477533
2011-01-18 00:00:00,-0.917602477533
2011-01-19 00:00:00,-0.917602477533
2011-02-19 00:00:00,-0.700815325727
2011-02-20 00:00:00,-0.700815325727
2011-02-21 00:00:00,-0.700815325727
2011-02-22 00:00:00,-0.700815325727
2011-02-23 00:00:00,-0.700815325727
2011-02-24 00:00:00,-0.700815325727
2011-02-25 00:00:00,-0.700815325727
2011-02-26 00:00:00,-0.700815325727
2011-02-27 00:00:00,-0.700815325727
2011-02-28 00:00:00,-0.700815325727
2011-03-01 00:00:00,-0.700815325727
2011-03-02 00:00:00,-0.700815325727
2011-03-03 00:00:00,-0.700815325727
2011-03-04 00:00:00,-0.700815325727
2011-03-05 00:00:00,-0.700815325727
2011-03-21 00:00:00,-0.864378970559
2011-03-22 00:00:00,-0.864378970559
2011-03-23 00:00:00,-0.864378970559
2011-03-24 00:00:00,-0.864378970559
2011-03-25 00:00:00,-0.864378970559
2011-03-26 00:00:00,-0.864378970559
2011-03-27 00:00:00,-0.864378970559
2011-03-28 00:00:00,-0.864378970559
2011-03-29 00:00:00,-0.864378970559
2011-03-30 00:00:00,-0.864378970559
2011-03-31 00:00:00,-0.864378970559
2011-04-01 00:00:00,-0.864378970559
2011-04-02 00:00:00,-0.864378970559
2011-04-03 00:00:00,-0.864378970559
2011-04-04 00:00:00,-0.864378970559
2011-05-05 00:00:00,-0.559975344075
2011-05-06 00:00:00,-0.559975344075
2011-05-07 00:00:00,-0.559975344075
2011-05-08 00:00:00,-0.559975344075
2011-05-09 00:00:00,-0.559975344075
2011-05-10 00:00:00,-0.559975344075
2011-05-11 00:00:00,-0.559975344075
2011-05-12 00:00:00,-0.559975344075
2011-05-13 00:00:00,-0.559975344075
2011-05-14 00:00:00,-0.559975344075
2011-05-15 00:00:00,-0.559975344075
2011-05-16 00:00:00,-0.559975344075
2011-05-17 00:00:00,-0.559975344075
2011-05-18 00:00:00,-0.559975344075
2011-05-19 00:00:00,-0.559975344075
2011-06-19 00:00:00,0.584557383125
2011-06-20 00:00:00,0.584557383125
2011-06-21 00:00:00,0.584557383125
2011-06-22 00:00:00,0.584557383125
2011-06-23 00:00:00,0.584557383125
2011-06-24 00:00:00,0.584557383125
2011-06-25 00:00:00,0.584557383125
2011-06-26 00:00:00,0.584557383125
2011-06-27 00:00:00,0.584557383125
2011-06-28 00:00:00,0.584557383125
2011-06-29 00:00:00,0.584557383125
2011-06-30 00:00:00,0.584557383125
2011-07-01 00:00:00,0.584557383125
2011-07-02 00:00:00,0.584557383125
2011-07-03 00:00:00,0.584557383125
2011-09-02 00:00:00,-0.60845500481
2011-09-03 00:00:00,-0.60845500481
2011-09-04 00:00:00,-0.60845500481
2011-09-05 00:00:00,-0.60845500481
2011-09-06 00:00:00,-0.60845500481
2011-09-07 00:00:00,-0.60845500481
2011-09-08 00:00:00,-0.60845500481
2011-09-09 00:00:00,-0.60845500481
2011-09-10 00:00:00,-0.60845500481
2011-09-11 00:00:00,-0.60845500481
2011-09-12 00:00:00,-0.60845500481
2011-09-13 00:00:00,-0.60845500481
2011-09-14 00:00:00,-0.60845500481
2011-09-15 00:00:00,-0.60845500481
2011-09-16 00:00:00,-0.60845500481
2011-10-17 00:00:00,0.627754166956
2011-10-18 00:00:00,0.627754166956
2011-10-19 00:00:00,0.627754166956
2011-10-20 00:00:00,0.627754166956
2011-10-21 00:00:00,0.627754166956
2011-10-22 00:00:00,0.627754166956
2011-10-23 00:00:00,0.627754166956
2011-10-24 00:00:00,0.627754166956
2011-10-25 00:00:00,0.627754166956
2011-10-26 00:00:00,0.627754166956
2011-10-27 00:00:00,0.627754166956
2011-10-28 00:00:00,0.627754166956
2011-10-29 00:00:00,0.627754166956
2011-10-30 00:00:00,0.627754166956
2011-10-31 00:00:00,0.627754166956
2011-11-01 00:00:00,0.627754166956
2011-11-02 00:00:00,0.627754166956
2011-11-03 00:00:00,0.627754166956
2011-11-04 00:00:00,0.627754166956
2011-11-05 00:00:00,0.627754166956
2011-11-06 00:00:00,0.627754166956
2011-11-07 00:00:00,0.627754166956
2011-11-08 00:00:00,0.627754166956
2011-11-09 00:00:00,0.627754166956
2011-11-10 00:00:00,0.627754166956
2011-11-11 00:00:00,0.627754166956
2011-11-12 00:00:00,0.627754166956
2011-11-13 00:00:00,0.627754166956
2011-11-14 00:00:00,0.627754166956
2011-11-15 00:00:00,0.627754166956
2011-11-16 00:00:00,0.627754166956
2011-11-17 00:00:00,0.627754166956
2011-11-18 00:00:00,0.627754166956
2011-11-19 00:00:00,0.627754166956
2011-11-20 00:00:00,0.627754166956
2011-11-21 00:00:00,0.627754166956
2011-11-22 00:00:00,0.627754166956
2011-11-23 00:00:00,0.627754166956
2011-11-24 00:00:00,0.627754166956
2011-11-25 00:00:00,0.627754166956
2011-11-26 00:00:00,0.627754166956
2011-11-27 00:00:00,0.627754166956
2011-11-28 00:00:00,0.627754166956
2011-11-29 00:00:00,0.627754166956
2011-11-30 00:00:00,0.627754166956
2012-02-29 00:00:00,-0.584166659564
2012-03-01 00:00:00,-0.584166659564
2012-03-02 00:00:00,-0.584166659564
2012-03-03 00:00:00,-0.584166659564
2012-03-04 00:00:00,-0.584166659564
2012-03-05 00:00:00,-0.584166659564
2012-03-06 00:00:00,-0.584166659564
2012-03-07 00:00:00,-0.584166659564
2012-03-08 00:00:00,-0.584166659564
2012-03-09 00:00:00,-0.584166659564
2012-03-10 00:00:00,-0.584166659564
2012-03-11 00:00:00,-0.584166659564
2012-03-12 00:00:00,-0.584166659564
2012-03-13 00:00:00,-0.584166659564
2012-03-14 00:00:00,-0.584166659564
2012-03-30 00:00:00,0.647406655511
2012-03-31 00:00:00,0.647406655511
2012-04-01 00:00:00,0.647406655511
2012-04-02 00:00:00,0.647406655511
2012-04-03 00:00:00,0.647406655511
2012-04-04 00:00:00,0.647406655511
2012-04-05 00:00:00,0.647406655511
2012-04-06 00:00:00,0.647406655511
2012-04-07 00:00:00,0.647406655511
2012-04-08 00:00:00,0.647406655511
2012-04-09 00:00:00,0.647406655511
2012-04-10 00:00:00,0.647406655511
2012-04-11 00:00:00,0.647406655511
2012-04-12 00:00:00,0.647406655511
2012-04-13 00:00:00,0.647406655511
2012-04-14 00:00:00,0.647406655511
2012-04-15 00:00:00,0.647406655511
2012-04-16 00:00:00,0.647406655511
2012-04-17 00:00:00,0.647406655511
2012-04-18 00:00:00,0.647406655511
2012-04-19 00:00:00,0.647406655511
2012-04-20 00:00:00,0.647406655511
2012-04-21 00:00:00,0.647406655511
2012-04-22 00:00:00,0.647406655511
2012-04-23 00:00:00,0.647406655511
2012-04-24 00:00:00,0.647406655511
2012-04-25 00:00:00,0.647406655511
2012-04-26 00:00:00,0.647406655511
2012-04-27 00:00:00,0.647406655511
2012-04-28 00:00:00,0.647406655511
2012-05-29 00:00:00,-0.683311680505
2012-05-30 00:00:00,-0.683311680505
2012-05-31 00:00:00,-0.683311680505
2012-06-01 00:00:00,-0.683311680505
2012-06-02 00:00:00,-0.683311680505
2012-06-03 00:00:00,-0.683311680505
2012-06-04 00:00:00,-0.683311680505
2012-06-05 00:00:00,-0.683311680505
2012-06-06 00:00:00,-0.683311680505
2012-06-07 00:00:00,-0.683311680505
2012-06-08 00:00:00,-0.683311680505
2012-06-09 00:00:00,-0.683311680505
2012-06-10 00:00:00,-0.683311680505
2012-06-11 00:00:00,-0.683311680505
2012-06-12 00:00:00,-0.683311680505
2012-06-28 00:00:00,-0.799897040636
2012-06-29 00:00:00,-0.799897040636
2012-06-30 00:00:00,-0.799897040636
2012-07-01 00:00:00,-0.799897040636
2012-07-02 00:00:00,-0.799897040636
2012-07-03 00:00:00,-0.799897040636
2012-07-04 00:00:00,-0.799897040636
2012-07-05 00:00:00,-0.799897040636
2012-07-06 00:00:00,-0.799897040636
2012-07-07 00:00:00,-0.799897040636
2012-07-08 00:00:00,-0.799897040636
2012-07-09 00:00:00,-0.799897040636
2012-07-10 00:00:00,-0.799897040636
2012-07-11 00:00:00,-0.799897040636
2012-07-12 00:00:00,-0.799897040636
2012-07-28 00:00:00,-0.611058824594
2012-07-29 00:00:00,-0.611058824594
2012-07-30 00:00:00,-0.611058824594
2012-07-31 00:00:00,-0.611058824594
2012-08-01 00:00:00,-0.611058824594
2012-08-02 00:00:00,-0.611058824594
2012-08-03 00:00:00,-0.611058824594
2012-08-04 00:00:00,-0.611058824594
2012-08-05 00:00:00,-0.611058824594
2012-08-06 00:00:00,-0.611058824594
2012-08-07 00:00:00,-0.611058824594
2012-08-08 00:00:00,-0.611058824594
2012-08-09 00:00:00,-0.611058824594
2012-08-10 00:00:00,-0.611058824594
2012-08-11 00:00:00,-0.611058824594
2012-08-12 00:00:00,-0.611058824594
2012-08-13 00:00:00,-0.611058824594
2012-08-14 00:00:00,-0.611058824594
2012-08-15 00:00:00,-0.611058824594
2012-08-16 00:00:00,-0.611058824594
2012-08-17 00:00:00,-0.611058824594
2012-08-18 00:00:00,-0.611058824594
2012-08-19 00:00:00,-0.611058824594
2012-08-20 00:00:00,-0.611058824594
2012-08-21 00:00:00,-0.611058824594
2012-08-22 00:00:00,-0.611058824594
2012-08-23 00:00:00,-0.611058824594
2012-08-24 00:00:00,-0.611058824594
2012-08-25 00:00:00,-0.611058824594
2012-08-26 00:00:00,-0.611058824594
2012-08-27 00:00:00,-0.611058824594
2012-08-28 00:00:00,-0.611058824594
2012-08-29 00:00:00,-0.611058824594
2012-08-30 00:00:00,-0.611058824594
2012-08-31 00:00:00,-0.611058824594
2012-09-01 00:00:00,-0.611058824594
2012-09-02 00:00:00,-0.611058824594
2012-09-03 00:00:00,-0.611058824594
2012-09-04 00:00:00,-0.611058824594
2012-09-05 00:00:00,-0.611058824594
2012-09-06 00:00:00,-0.611058824594
2012-09-07 00:00:00,-0.611058824594
2012-09-08 00:00:00,-0.611058824594
2012-09-09 00:00:00,-0.611058824594
2012-09-10 00:00:00,-0.611058824594
2012-10-26 00:00:00,-0.833039596681
2012-10-27 00:00:00,-0.833039596681
2012-10-28 00:00:00,-0.833039596681
2012-10-29 00:00:00,-0.833039596681
2012-10-30 00:00:00,-0.833039596681
2012-10-31 00:00:00,-0.833039596681
2012-11-01 00:00:00,-0.833039596681
2012-11-02 00:00:00,-0.833039596681
2012-11-03 00:00:00,-0.833039596681
2012-11-04 00:00:00,-0.833039596681
2012-11-05 00:00:00,-0.833039596681
2012-11-06 00:00:00,-0.833039596681
2012-11-07 00:00:00,-0.833039596681
2012-11-08 00:00:00,-0.833039596681
2012-11-09 00:00:00,-0.833039596681
2012-11-10 00:00:00,-0.833039596681
2012-11-11 00:00:00,-0.833039596681
2012-11-12 00:00:00,-0.833039596681
2012-11-13 00:00:00,-0.833039596681
2012-11-14 00:00:00,-0.833039596681
2012-11-15 00:00:00,-0.833039596681
2012-11-16 00:00:00,-0.833039596681
2012-11-17 00:00:00,-0.833039596681
2012-11-18 00:00:00,-0.833039596681
2012-11-19 00:00:00,-0.833039596681
2012-11-20 00:00:00,-0.833039596681
2012-11-21 00:00:00,-0.833039596681
2012-11-22 00:00:00,-0.833039596681
2012-11-23 00:00:00,-0.833039596681
2012-11-24 00:00:00,-0.833039596681
News Data
Start Date, End Date,News Source,Link,Days,Reason,Comment,Days Reported
2011-01-05,2011-01-03,NDTV,http://www.ndtv.com/mumbai-news/mumbai-trader-sells-onions-at-rs-12-per-kg-443770,-2,not stated,,0
2011-01-06,2011-01-03,NDTV,http://www.ndtv.com/mumbai-news/mumbai-trader-sells-onions-at-rs-12-per-kg-443770,-3,not stated,,0
2011-01-07,2011-01-03,NDTV,http://www.ndtv.com/mumbai-news/mumbai-trader-sells-onions-at-rs-12-per-kg-443770,-4,not stated,,0
2011-01-08,2011-01-03,NDTV,http://www.ndtv.com/mumbai-news/mumbai-trader-sells-onions-at-rs-12-per-kg-443770,-5,not stated,,0
2011-01-09,2011-01-06,The Times of India,http://timesofindia.indiatimes.com/business/india-business/-Retail-onion-prices-up-by-Rs-5-10/kg-on-Pak-export-ban-reports/articleshow/7230895.cms,-3,Pak banned export,,0
2011-01-10,2011-01-06,The Times of India,http://timesofindia.indiatimes.com/business/india-business/-Retail-onion-prices-up-by-Rs-5-10/kg-on-Pak-export-ban-reports/articleshow/7230895.cms,-4,Pak banned export,,0
2011-01-11,2011-01-06,The Times of India,http://timesofindia.indiatimes.com/business/india-business/-Retail-onion-prices-up-by-Rs-5-10/kg-on-Pak-export-ban-reports/articleshow/7230895.cms,-5,Pak banned export,,0
2011-01-12,2011-01-07,The Hindu,http://www.thehindu.com/business/act-swiftly-against-hoarders-pranab/article1051003.ece,-5,traders nexus,main article on inflation, but it says due to hoarding onion prices are high.,0
2011-09-15,2011-09-20,NDTV,http://www.ndtv.com/india-news/onion-ban-lifted-politics-vs-prices-468166,5,delete, export ban lifted,,0
2011-09-16,2011-09-20,NDTV,http://www.ndtv.com/india-news/onion-ban-lifted-politics-vs-prices-468166,4,delete, export ban lifted,,0
Linear Regression Result:::
Date,Value
2010-12-27 00:00:00,28.745786285
2010-12-28 00:00:00,28.745786285
2011-01-25 00:00:00,53.9195654777
2011-01-26 00:00:00,53.9195654777
2011-01-27 00:00:00,53.9195654777
2011-01-28 00:00:00,53.9195654777
2011-01-29 00:00:00,53.9195654777
2011-01-30 00:00:00,53.9195654777
2011-01-31 00:00:00,53.9195654777
2011-02-01 00:00:00,53.9195654777
2011-02-02 00:00:00,53.9195654777
2011-02-03 00:00:00,53.9195654777
2011-02-04 00:00:00,53.9195654777
2011-02-05 00:00:00,53.9195654777
2011-02-06 00:00:00,53.9195654777
2011-02-07 00:00:00,53.9195654777
2011-02-08 00:00:00,53.9195654777
2011-02-09 00:00:00,53.9195654777
2011-02-10 00:00:00,53.9195654777
2011-02-11 00:00:00,53.9195654777
2011-02-12 00:00:00,53.9195654777
2011-02-13 00:00:00,53.9195654777
2011-02-14 00:00:00,53.9195654777
2011-02-15 00:00:00,53.9195654777
2011-02-16 00:00:00,53.9195654777
2011-02-17 00:00:00,53.9195654777
2011-02-27 00:00:00,49.5341661713
2011-02-28 00:00:00,49.5341661713
2011-03-01 00:00:00,49.5341661713
2011-03-02 00:00:00,49.5341661713
2011-03-03 00:00:00,49.5341661713
2011-03-04 00:00:00,49.5341661713
2011-03-05 00:00:00,49.5341661713
2011-03-06 00:00:00,49.5341661713
2011-03-07 00:00:00,49.5341661713
2011-03-08 00:00:00,49.5341661713
2011-03-09 00:00:00,49.5341661713
2011-03-10 00:00:00,49.5341661713
2011-03-11 00:00:00,49.5341661713
2011-03-12 00:00:00,49.5341661713
2011-03-13 00:00:00,49.5341661713
2011-03-14 00:00:00,49.5341661713
2011-03-15 00:00:00,49.5341661713
2011-03-16 00:00:00,49.5341661713
2011-03-17 00:00:00,49.5341661713
2011-03-18 00:00:00,49.5341661713
2011-03-19 00:00:00,49.5341661713
2011-03-20 00:00:00,49.5341661713
2011-03-21 00:00:00,49.5341661713
2011-03-22 00:00:00,49.5341661713
2011-03-23 00:00:00,49.5341661713
2011-03-24 00:00:00,49.5341661713
2011-05-30 00:00:00,30.1127379742
2011-05-31 00:00:00,30.1127379742
2011-06-01 00:00:00,30.1127379742
2011-06-02 00:00:00,30.1127379742
2011-12-19 00:00:00,43.411786899
2011-12-20 00:00:00,43.411786899
2011-12-21 00:00:00,43.411786899
2011-12-22 00:00:00,43.411786899
2011-12-23 00:00:00,43.411786899
2011-12-24 00:00:00,43.411786899
2011-12-25 00:00:00,43.411786899
2011-12-26 00:00:00,43.411786899
2011-12-27 00:00:00,43.411786899
2011-12-28 00:00:00,43.411786899
2011-12-29 00:00:00,43.411786899
2011-12-30 00:00:00,43.411786899
2011-12-31 00:00:00,43.411786899
2012-01-01 00:00:00,43.411786899
2012-01-02 00:00:00,43.411786899
2012-01-03 00:00:00,43.411786899
2012-01-04 00:00:00,43.411786899
2012-01-05 00:00:00,43.411786899
2012-01-06 00:00:00,43.411786899
2012-01-07 00:00:00,43.411786899
2012-01-08 00:00:00,43.411786899
2012-01-09 00:00:00,43.411786899
2012-01-10 00:00:00,43.411786899
2012-01-11 00:00:00,43.411786899
2012-01-12 00:00:00,43.411786899
2012-01-13 00:00:00,43.411786899
2012-01-14 00:00:00,43.411786899
2012-01-15 00:00:00,43.411786899
2012-01-16 00:00:00,43.411786899
2012-01-17 00:00:00,43.411786899
2012-01-18 00:00:00,43.411786899
2012-01-19 00:00:00,43.411786899
2012-01-20 00:00:00,43.411786899
2012-01-21 00:00:00,43.411786899
2012-01-22 00:00:00,43.411786899
2012-02-05 00:00:00,28.4695537408
2012-02-06 00:00:00,28.4695537408
2012-02-08 00:00:00,31.5975946103
2012-02-09 00:00:00,31.5975946103
2012-02-10 00:00:00,31.5975946103
2012-02-11 00:00:00,31.5975946103
2012-02-12 00:00:00,31.5975946103
2012-02-13 00:00:00,31.5975946103
2012-02-14 00:00:00,31.5975946103
2012-03-16 00:00:00,30.7567761729
2012-03-17 00:00:00,30.7567761729
2012-03-18 00:00:00,30.7567761729
2012-03-19 00:00:00,30.7567761729
2012-03-20 00:00:00,30.7567761729
2012-05-24 00:00:00,48.2725527867
2012-05-25 00:00:00,48.2725527867
2012-05-26 00:00:00,48.2725527867
2012-05-27 00:00:00,48.2725527867
2012-05-28 00:00:00,48.2725527867
2012-05-29 00:00:00,48.2725527867
2012-05-30 00:00:00,48.2725527867
2012-05-31 00:00:00,48.2725527867
2012-06-01 00:00:00,48.2725527867
2012-06-02 00:00:00,48.2725527867
2012-06-03 00:00:00,48.2725527867
2012-06-04 00:00:00,48.2725527867
2012-06-05 00:00:00,48.2725527867
2012-06-06 00:00:00,48.2725527867
2012-06-07 00:00:00,48.2725527867
2012-06-08 00:00:00,48.2725527867
2012-06-09 00:00:00,48.2725527867
2012-06-10 00:00:00,48.2725527867
2012-06-11 00:00:00,48.2725527867
2012-06-12 00:00:00,48.2725527867
2012-06-13 00:00:00,48.2725527867
2012-06-14 00:00:00,48.2725527867
2012-06-15 00:00:00,48.2725527867
2012-06-16 00:00:00,48.2725527867
2012-06-17 00:00:00,48.2725527867
2012-06-18 00:00:00,48.2725527867
2012-06-19 00:00:00,48.2725527867
2012-06-20 00:00:00,48.2725527867
2013-11-18 00:00:00,120.329582774
2013-11-19 00:00:00,120.329582774
2013-11-20 00:00:00,120.329582774
2013-11-21 00:00:00,120.329582774
2013-11-22 00:00:00,120.329582774
2013-11-23 00:00:00,120.329582774
2013-11-24 00:00:00,120.329582774
2013-11-25 00:00:00,120.329582774
2013-11-26 00:00:00,120.329582774
2013-11-27 00:00:00,120.329582774
2013-11-28 00:00:00,120.329582774
2013-11-29 00:00:00,120.329582774
2013-11-30 00:00:00,120.329582774
2013-12-01 00:00:00,120.329582774
2013-12-02 00:00:00,120.329582774
2013-12-03 00:00:00,120.329582774
2013-12-04 00:00:00,120.329582774
2013-12-05 00:00:00,120.329582774
2013-12-06 00:00:00,120.329582774
2013-12-07 00:00:00,120.329582774
2013-12-08 00:00:00,120.329582774
2013-12-09 00:00:00,120.329582774
2013-12-10 00:00:00,120.329582774
2013-12-11 00:00:00,120.329582774
2013-12-12 00:00:00,120.329582774
2013-12-13 00:00:00,120.329582774
2013-12-14 00:00:00,120.329582774
2013-12-15 00:00:00,120.329582774
2013-12-16 00:00:00,120.329582774
2013-12-17 00:00:00,120.329582774
2013-12-18 00:00:00,120.329582774
2013-12-19 00:00:00,120.329582774
2013-12-20 00:00:00,120.329582774
2013-12-21 00:00:00,120.329582774
2013-12-22 00:00:00,120.329582774
2013-12-23 00:00:00,120.329582774
2013-12-24 00:00:00,120.329582774
2013-12-25 00:00:00,120.329582774
2013-12-26 00:00:00,120.329582774
2013-12-27 00:00:00,120.329582774
2013-12-28 00:00:00,120.329582774
2013-12-29 00:00:00,120.329582774
2013-12-30 00:00:00,120.329582774
2013-12-31 00:00:00,120.329582774
2014-01-01 00:00:00,120.329582774
2014-01-02 00:00:00,120.329582774
2014-01-03 00:00:00,120.329582774
2014-01-04 00:00:00,120.329582774
2014-01-05 00:00:00,120.329582774
2014-01-06 00:00:00,120.329582774
2014-01-07 00:00:00,120.329582774
2014-01-08 00:00:00,120.329582774
2014-01-09 00:00:00,120.329582774
2014-01-10 00:00:00,120.329582774
2014-01-11 00:00:00,120.329582774
2014-01-12 00:00:00,120.329582774
2014-01-13 00:00:00,120.329582774
2014-01-14 00:00:00,120.329582774
2014-01-15 00:00:00,120.329582774
2014-01-16 00:00:00,120.329582774
2014-01-17 00:00:00,120.329582774
2014-01-18 00:00:00,120.329582774
2014-01-19 00:00:00,120.329582774
2014-01-20 00:00:00,120.329582774
2014-01-21 00:00:00,120.329582774
2014-01-22 00:00:00,120.329582774
2014-01-23 00:00:00,120.329582774
2014-01-27 00:00:00,68.8440500037
2014-01-28 00:00:00,68.8440500037
2014-01-29 00:00:00,68.8440500037
2014-01-30 00:00:00,68.8440500037
2014-01-31 00:00:00,68.8440500037
2014-02-01 00:00:00,68.8440500037
2014-02-02 00:00:00,68.8440500037
2014-02-03 00:00:00,68.8440500037
2014-02-04 00:00:00,68.8440500037
2014-02-05 00:00:00,68.8440500037
2014-02-06 00:00:00,68.8440500037
2014-02-07 00:00:00,68.8440500037
2014-02-08 00:00:00,68.8440500037
2014-02-09 00:00:00,68.8440500037
2014-02-10 00:00:00,68.8440500037
2014-02-11 00:00:00,68.8440500037
2014-02-12 00:00:00,68.8440500037
2014-02-13 00:00:00,68.8440500037
2014-02-14 00:00:00,68.8440500037
2014-02-15 00:00:00,68.8440500037
2014-02-16 00:00:00,68.8440500037
2014-02-17 00:00:00,68.8440500037
2014-02-18 00:00:00,68.8440500037
2014-02-19 00:00:00,68.8440500037
2014-02-20 00:00:00,68.8440500037
2014-02-21 00:00:00,68.8440500037
2014-02-22 00:00:00,68.8440500037
2014-02-23 00:00:00,68.8440500037
2014-02-24 00:00:00,68.8440500037
2014-02-25 00:00:00,68.8440500037
2014-02-26 00:00:00,68.8440500037
2014-03-07 00:00:00,31.3918594647
2014-03-08 00:00:00,31.3918594647
2014-03-09 00:00:00,31.3918594647
2014-03-27 00:00:00,31.3032262827
2014-03-28 00:00:00,31.3032262827
2014-03-29 00:00:00,31.3032262827
2014-03-30 00:00:00,31.3032262827
2014-04-04 00:00:00,37.8564903436
2014-04-05 00:00:00,37.8564903436
2014-04-06 00:00:00,37.8564903436
2014-04-07 00:00:00,37.8564903436
2014-04-08 00:00:00,37.8564903436
2014-04-15 00:00:00,32.2387665901
2014-05-15 00:00:00,48.1359351237
2014-05-16 00:00:00,48.1359351237
2014-05-17 00:00:00,48.1359351237
2014-05-18 00:00:00,48.1359351237
2014-05-19 00:00:00,48.1359351237
2014-05-20 00:00:00,48.1359351237
2014-05-21 00:00:00,48.1359351237
2014-05-22 00:00:00,48.1359351237
2014-05-23 00:00:00,48.1359351237
2014-05-24 00:00:00,48.1359351237
2014-05-25 00:00:00,48.1359351237
2014-05-26 00:00:00,48.1359351237
2014-05-27 00:00:00,48.1359351237
2014-05-28 00:00:00,48.1359351237
2014-05-29 00:00:00,48.1359351237
2014-05-30 00:00:00,48.1359351237
2014-05-31 00:00:00,48.1359351237
2014-06-01 00:00:00,48.1359351237
2014-06-02 00:00:00,48.1359351237
2014-06-03 00:00:00,48.1359351237
2014-06-04 00:00:00,48.1359351237
2014-06-05 00:00:00,48.1359351237
2014-06-06 00:00:00,48.1359351237
2014-06-07 00:00:00,48.1359351237
2014-06-08 00:00:00,48.1359351237
2014-06-09 00:00:00,48.1359351237
2014-06-10 00:00:00,48.1359351237
2014-06-11 00:00:00,48.1359351237
2014-06-12 00:00:00,48.1359351237
2014-06-13 00:00:00,48.1359351237
2014-06-14 00:00:00,48.1359351237
2014-06-15 00:00:00,48.1359351237
2015-01-13 00:00:00,31.3300525788
2015-01-14 00:00:00,31.3300525788
2015-01-15 00:00:00,31.3300525788
2015-01-16 00:00:00,31.3300525788
2015-01-17 00:00:00,31.3300525788
2015-01-18 00:00:00,31.3300525788
2015-01-19 00:00:00,31.3300525788
2015-01-20 00:00:00,31.3300525788
2015-01-21 00:00:00,31.3300525788
2015-01-22 00:00:00,31.3300525788
2015-01-23 00:00:00,31.3300525788
2015-01-24 00:00:00,31.3300525788
2015-01-25 00:00:00,31.3300525788
2015-01-26 00:00:00,31.3300525788
2015-01-27 00:00:00,31.3300525788
2015-03-21 00:00:00,35.6611366556
2015-03-22 00:00:00,35.6611366556
2015-03-23 00:00:00,35.6611366556
2015-03-24 00:00:00,35.6611366556
2015-03-25 00:00:00,35.6611366556
2015-03-26 00:00:00,35.6611366556
2015-03-27 00:00:00,35.6611366556
2015-03-28 00:00:00,35.6611366556
2015-03-29 00:00:00,35.6611366556
2015-03-30 00:00:00,35.6611366556
2015-03-31 00:00:00,35.6611366556
2015-04-01 00:00:00,35.6611366556
2015-04-02 00:00:00,35.6611366556
2015-04-03 00:00:00,35.6611366556
2015-04-04 00:00:00,35.6611366556
2015-04-05 00:00:00,35.6611366556
2015-04-06 00:00:00,35.6611366556
2015-04-07 00:00:00,35.6611366556
2015-04-08 00:00:00,35.6611366556
News Data
Start Date, End Date,News Source,Link,Days,Reason,Comment,Days Reported
2010-12-27,2010-12-22,NDTV,http://www.ndtv.com/india-news/why-onion-prices-are-so-high-442629,-5,unseasonal rainfall,,7
2010-12-28,2010-12-23,The Times of India,http://timesofindia.indiatimes.com/city/pune/Onion-prices-still-leave-consumers-teary-eyed/articleshow/7147525.cms,-5,unseasonal rainfall,,0
2013-11-18,2013-11-13,The Times of India,http://timesofindia.indiatimes.com/india/No-let-up-in-prices-of-onion-potato-tomato/articleshow/25664320.cms,-5,traders nexus,,12
2013-11-19,2013-11-15,The Times of India,http://timesofindia.indiatimes.com/business/india-business/Onion-prices-up-278-tomato-122-in-one-year/articleshow/25780005.cms,-4,not stated,,365
2013-11-20,2013-11-15,The Times of India,http://timesofindia.indiatimes.com/business/india-business/Onion-prices-up-278-tomato-122-in-one-year/articleshow/25780005.cms,-5,not stated,,365
2013-11-21,2013-11-19,First Post,http://www.firstpost.com/politics/onion-tomato-price-hoardings-to-malign-party-cong-writes-to-ec-1238589.html,-2,traders nexus,,0
2013-11-22,2013-11-19,First Post,http://www.firstpost.com/politics/onion-tomato-price-hoardings-to-malign-party-cong-writes-to-ec-1238589.html,-3,traders nexus,,0
2013-11-23,2013-11-19,First Post,http://www.firstpost.com/politics/onion-tomato-price-hoardings-to-malign-party-cong-writes-to-ec-1238589.html,-4,traders nexus,,0
2013-11-24,2013-11-19,First Post,http://www.firstpost.com/politics/onion-tomato-price-hoardings-to-malign-party-cong-writes-to-ec-1238589.html,-5,traders nexus,,0
2013-12-08,2013-12-13,The Economic Times,http://articles.economictimes.indiatimes.com/2015-09-11/news/66434886_1_lasalgaon-apmc-onion-prices-onion-exporters-association,5,not stated,no,None
2013-12-09,2013-12-13,The Economic Times,http://articles.economictimes.indiatimes.com/2015-09-11/news/66434886_1_lasalgaon-apmc-onion-prices-onion-exporters-association,4,not stated,no,None
2013-12-10,2013-12-13,The Economic Times,http://articles.economictimes.indiatimes.com/2015-09-11/news/66434886_1_lasalgaon-apmc-onion-prices-onion-exporters-association,3,not stated,no,None
2013-12-11,2013-12-13,The Economic Times,http://articles.economictimes.indiatimes.com/2015-09-11/news/66434886_1_lasalgaon-apmc-onion-prices-onion-exporters-association,2,not stated,no,None
2013-12-12,2013-12-13,The Economic Times,http://articles.economictimes.indiatimes.com/2015-09-11/news/66434886_1_lasalgaon-apmc-onion-prices-onion-exporters-association,1,not stated,no,None
2013-12-13,2013-12-13,The Economic Times,http://articles.economictimes.indiatimes.com/2015-09-11/news/66434886_1_lasalgaon-apmc-onion-prices-onion-exporters-association,0,not stated,no,None
2013-12-14,2013-12-13,The Economic Times,http://articles.economictimes.indiatimes.com/2015-09-11/news/66434886_1_lasalgaon-apmc-onion-prices-onion-exporters-association,-1,not stated,no,None
2013-12-15,2013-12-13,The Economic Times,http://articles.economictimes.indiatimes.com/2015-09-11/news/66434886_1_lasalgaon-apmc-onion-prices-onion-exporters-association,-2,not stated,no,None
2013-12-16,2013-12-13,The Economic Times,http://articles.economictimes.indiatimes.com/2015-09-11/news/66434886_1_lasalgaon-apmc-onion-prices-onion-exporters-association,-3,not stated,no,None
2013-12-17,2013-12-13,The Economic Times,http://articles.economictimes.indiatimes.com/2015-09-11/news/66434886_1_lasalgaon-apmc-onion-prices-onion-exporters-association,-4,not stated,no,None
2013-12-18,2013-12-13,The Economic Times,http://articles.economictimes.indiatimes.com/2015-09-11/news/66434886_1_lasalgaon-apmc-onion-prices-onion-exporters-association,-5,not stated,no,None
2014-02-21,2014-02-26,Business Standard,http://www.business-standard.com/article/markets/onion-price-rises-50-in-2-weeks-114022601022_1.html,5,farmers hoarded onions to control falling prices and price got increased by 50% in 2 weeks,,14
2014-02-22,2014-02-26,Business Standard,http://www.business-standard.com/article/markets/onion-price-rises-50-in-2-weeks-114022601022_1.html,4,farmers hoarded onions to control falling prices and price got increased by 50% in 2 weeks,,14
2014-02-23,2014-02-26,Business Standard,http://www.business-standard.com/article/markets/onion-price-rises-50-in-2-weeks-114022601022_1.html,3,farmers hoarded onions to control falling prices and price got increased by 50% in 2 weeks,,14
2014-02-24,2014-02-26,Business Standard,http://www.business-standard.com/article/markets/onion-price-rises-50-in-2-weeks-114022601022_1.html,2,farmers hoarded onions to control falling prices and price got increased by 50% in 2 weeks,,14
2014-02-25,2014-02-26,Business Standard,http://www.business-standard.com/article/markets/onion-price-rises-50-in-2-weeks-114022601022_1.html,1,farmers hoarded onions to control falling prices and price got increased by 50% in 2 weeks,,14
2014-02-26,2014-02-26,Business Standard,http://www.business-standard.com/article/markets/onion-price-rises-50-in-2-weeks-114022601022_1.html,0,farmers hoarded onions to control falling prices and price got increased by 50% in 2 weeks,,14
2014-04-15,2014-04-18,The Economic Times,http://timesofindia.indiatimes.com/india/Onion-prices-rise-about-40-in-a-week/articleshow/33877660.cms,3,unseasonal rainfall,no,None
2014-05-15,2014-05-12,Business Standard,http://www.business-standard.com/article/markets/onion-spot-prices-soar-31-in-2-days-likely-to-stay-high-114051200815_1.html,-3,unseasonal rainfall,,2
2014-05-16,2014-05-12,Business Standard,http://www.business-standard.com/article/markets/onion-spot-prices-soar-31-in-2-days-likely-to-stay-high-114051200815_1.html,-4,unseasonal rainfall,,2
2014-05-17,2014-05-12,Business Standard,http://www.business-standard.com/article/markets/onion-spot-prices-soar-31-in-2-days-likely-to-stay-high-114051200815_1.html,-5,unseasonal rainfall,,2
2014-06-06,2014-06-11,The Times of India,http://timesofindia.indiatimes.com/business/india-business/Food-prices-soar-on-speculation-over-delayed-monsoon-rains/articleshow/36367024.cms,5,speculation of weak monsoon,,15
2014-06-07,2014-06-11,The Times of India,http://timesofindia.indiatimes.com/business/india-business/Food-prices-soar-on-speculation-over-delayed-monsoon-rains/articleshow/36367024.cms,4,speculation of weak monsoon,,15
2014-06-08,2014-06-11,The Times of India,http://timesofindia.indiatimes.com/business/india-business/Food-prices-soar-on-speculation-over-delayed-monsoon-rains/articleshow/36367024.cms,3,speculation of weak monsoon,,15
2014-06-09,2014-06-11,The Times of India,http://timesofindia.indiatimes.com/business/india-business/Food-prices-soar-on-speculation-over-delayed-monsoon-rains/articleshow/36367024.cms,2,speculation of weak monsoon,,15
2014-06-10,2014-06-11,The Times of India,http://timesofindia.indiatimes.com/business/india-business/Food-prices-soar-on-speculation-over-delayed-monsoon-rains/articleshow/36367024.cms,1,speculation of weak monsoon,,15
2014-06-11,2014-06-11,The Times of India,http://timesofindia.indiatimes.com/business/india-business/Food-prices-soar-on-speculation-over-delayed-monsoon-rains/articleshow/36367024.cms,0,speculation of weak monsoon,,15
2014-06-12,2014-06-11,The Times of India,http://timesofindia.indiatimes.com/business/india-business/Food-prices-soar-on-speculation-over-delayed-monsoon-rains/articleshow/36367024.cms,-1,speculation of weak monsoon,,15
2014-06-13,2014-06-11,The Times of India,http://timesofindia.indiatimes.com/business/india-business/Food-prices-soar-on-speculation-over-delayed-monsoon-rains/articleshow/36367024.cms,-2,speculation of weak monsoon,,15
2014-06-14,2014-06-11,The Times of India,http://timesofindia.indiatimes.com/business/india-business/Food-prices-soar-on-speculation-over-delayed-monsoon-rains/articleshow/36367024.cms,-3,speculation of weak monsoon,,15
2014-06-15,2014-06-11,The Times of India,http://timesofindia.indiatimes.com/business/india-business/Food-prices-soar-on-speculation-over-delayed-monsoon-rains/articleshow/36367024.cms,-4,speculation of weak monsoon,,15
Graph Based Result:::
Date,Value
News Data
Start Date, End Date,News Source,Link,Days,Reason,Comment,Days Reported
VAR Result:::
Date,Value
News Data
Start Date, End Date,News Source,Link,Days,Reason,Comment,Days Reported
(1U2U3) Result:::
Date
2006-01-31 00:00:00
2006-02-01 00:00:00
2006-02-02 00:00:00
2006-02-03 00:00:00
2006-02-04 00:00:00
2006-02-05 00:00:00
2006-02-06 00:00:00
2006-02-07 00:00:00
2006-02-08 00:00:00
2006-02-09 00:00:00
2006-02-10 00:00:00
2006-02-11 00:00:00
2006-02-12 00:00:00
2006-02-13 00:00:00
2006-02-14 00:00:00
2006-02-15 00:00:00
2006-02-16 00:00:00
2006-02-17 00:00:00
2006-02-18 00:00:00
2006-02-26 00:00:00
2006-02-27 00:00:00
2006-02-28 00:00:00
2006-03-01 00:00:00
2006-03-02 00:00:00
2006-03-03 00:00:00
2006-03-04 00:00:00
2006-03-05 00:00:00
2006-03-06 00:00:00
2006-03-07 00:00:00
2006-03-08 00:00:00
2006-03-09 00:00:00
2006-03-10 00:00:00
2006-03-11 00:00:00
2006-03-12 00:00:00
2006-03-13 00:00:00
2006-03-14 00:00:00
2006-03-15 00:00:00
2006-03-16 00:00:00
2006-03-17 00:00:00
2006-03-18 00:00:00
2006-03-19 00:00:00
2006-03-20 00:00:00
2006-03-21 00:00:00
2006-03-22 00:00:00
2006-03-23 00:00:00
2006-03-24 00:00:00
2006-03-25 00:00:00
2006-03-26 00:00:00
2006-03-27 00:00:00
2006-03-28 00:00:00
2006-03-29 00:00:00
2006-03-30 00:00:00
2006-03-31 00:00:00
2006-04-01 00:00:00
2006-04-02 00:00:00
2006-04-03 00:00:00
2006-04-04 00:00:00
2006-04-05 00:00:00
2006-04-06 00:00:00
2006-04-07 00:00:00
2006-04-08 00:00:00
2006-04-09 00:00:00
2006-04-10 00:00:00
2006-04-11 00:00:00
2006-04-12 00:00:00
2006-04-13 00:00:00
2006-04-14 00:00:00
2006-04-15 00:00:00
2006-05-16 00:00:00
2006-05-17 00:00:00
2006-05-18 00:00:00
2006-05-19 00:00:00
2006-05-20 00:00:00
2006-05-21 00:00:00
2006-05-22 00:00:00
2006-05-23 00:00:00
2006-05-24 00:00:00
2006-05-25 00:00:00
2006-05-26 00:00:00
2006-05-27 00:00:00
2006-05-28 00:00:00
2006-05-29 00:00:00
2006-05-30 00:00:00
2006-05-31 00:00:00
2006-06-01 00:00:00
2006-06-02 00:00:00
2006-06-03 00:00:00
2006-06-15 00:00:00
2006-06-16 00:00:00
2006-06-17 00:00:00
2006-06-18 00:00:00
2006-06-19 00:00:00
2006-06-20 00:00:00
2006-06-21 00:00:00
2006-06-22 00:00:00
2006-06-23 00:00:00
2006-06-24 00:00:00
2006-06-25 00:00:00
2006-06-26 00:00:00
2006-06-27 00:00:00
2006-06-28 00:00:00
2006-06-29 00:00:00
2006-06-30 00:00:00
2006-07-01 00:00:00
2006-07-02 00:00:00
2006-07-03 00:00:00
2006-07-04 00:00:00
2006-07-05 00:00:00
2006-07-06 00:00:00
2006-07-07 00:00:00
2006-07-08 00:00:00
2006-07-09 00:00:00
2006-07-10 00:00:00
2006-07-11 00:00:00
2006-07-12 00:00:00
2006-07-13 00:00:00
2006-07-14 00:00:00
2006-07-15 00:00:00
2006-07-16 00:00:00
2006-07-17 00:00:00
2006-07-18 00:00:00
2006-07-19 00:00:00
2006-07-20 00:00:00
2006-07-21 00:00:00
2006-07-22 00:00:00
2006-07-23 00:00:00
2006-07-24 00:00:00
2006-07-25 00:00:00
2006-07-26 00:00:00
2006-07-27 00:00:00
2006-07-28 00:00:00
2006-07-29 00:00:00
2006-08-27 00:00:00
2006-08-28 00:00:00
2006-08-29 00:00:00
2006-08-30 00:00:00
2006-08-31 00:00:00
2006-09-01 00:00:00
2006-09-02 00:00:00
2006-09-03 00:00:00
2006-09-04 00:00:00
2006-09-05 00:00:00
2006-09-06 00:00:00
2006-09-07 00:00:00
2006-09-08 00:00:00
2006-09-09 00:00:00
2006-10-01 00:00:00
2006-10-02 00:00:00
2006-10-03 00:00:00
2006-10-04 00:00:00
2006-10-05 00:00:00
2006-10-06 00:00:00
2006-10-07 00:00:00
2006-10-08 00:00:00
2006-10-09 00:00:00
2006-10-10 00:00:00
2006-10-11 00:00:00
2006-10-12 00:00:00
2006-10-13 00:00:00
2006-10-14 00:00:00
2006-11-05 00:00:00
2006-11-06 00:00:00
2006-11-07 00:00:00
2006-11-08 00:00:00
2006-11-09 00:00:00
2006-11-10 00:00:00
2006-11-11 00:00:00
2006-11-12 00:00:00
2006-11-13 00:00:00
2006-11-14 00:00:00
2006-11-15 00:00:00
2006-11-16 00:00:00
2006-11-17 00:00:00
2006-11-18 00:00:00
2006-11-19 00:00:00
2006-11-20 00:00:00
2006-11-21 00:00:00
2006-11-22 00:00:00
2006-11-23 00:00:00
2006-11-24 00:00:00
2006-11-25 00:00:00
2006-11-26 00:00:00
2007-01-21 00:00:00
2007-01-22 00:00:00
2007-01-23 00:00:00
2007-01-24 00:00:00
2007-01-25 00:00:00
2007-01-26 00:00:00
2007-01-27 00:00:00
2007-01-28 00:00:00
2007-01-29 00:00:00
2007-01-30 00:00:00
2007-01-31 00:00:00
2007-02-01 00:00:00
2007-02-02 00:00:00
2007-02-03 00:00:00
2007-02-11 00:00:00
2007-02-12 00:00:00
2007-02-13 00:00:00
2007-02-14 00:00:00
2007-02-15 00:00:00
2007-02-16 00:00:00
2007-02-17 00:00:00
2007-03-11 00:00:00
2007-03-12 00:00:00
2007-03-13 00:00:00
2007-03-14 00:00:00
2007-03-15 00:00:00
2007-03-16 00:00:00
2007-03-17 00:00:00
2007-03-18 00:00:00
2007-03-19 00:00:00
2007-03-20 00:00:00
2007-03-21 00:00:00
2007-03-22 00:00:00
2007-03-23 00:00:00
2007-03-24 00:00:00
2007-03-25 00:00:00
2007-03-26 00:00:00
2007-03-27 00:00:00
2007-03-28 00:00:00
2007-03-29 00:00:00
2007-03-30 00:00:00
2007-03-31 00:00:00
2007-04-29 00:00:00
2007-04-30 00:00:00
2007-05-01 00:00:00
2007-05-02 00:00:00
2007-05-03 00:00:00
2007-05-04 00:00:00
2007-05-05 00:00:00
2007-07-08 00:00:00
2007-07-09 00:00:00
2007-07-10 00:00:00
2007-07-11 00:00:00
2007-07-12 00:00:00
2007-07-13 00:00:00
2007-07-14 00:00:00
2007-07-15 00:00:00
2007-07-16 00:00:00
2007-07-17 00:00:00
2007-07-18 00:00:00
2007-07-19 00:00:00
2007-07-20 00:00:00
2007-07-21 00:00:00
2007-08-24 00:00:00
2007-08-25 00:00:00
2007-08-26 00:00:00
2007-08-27 00:00:00
2007-08-28 00:00:00
2007-08-29 00:00:00
2007-08-30 00:00:00
2007-08-31 00:00:00
2007-09-01 00:00:00
2007-09-02 00:00:00
2007-09-03 00:00:00
2007-09-04 00:00:00
2007-09-05 00:00:00
2007-09-06 00:00:00
2007-09-07 00:00:00
2007-09-08 00:00:00
2007-09-09 00:00:00
2007-09-10 00:00:00
2007-09-11 00:00:00
2007-09-12 00:00:00
2007-09-13 00:00:00
2007-09-14 00:00:00
2007-09-15 00:00:00
2007-09-23 00:00:00
2007-09-24 00:00:00
2007-09-25 00:00:00
2007-09-26 00:00:00
2007-09-27 00:00:00
2007-09-28 00:00:00
2007-09-29 00:00:00
2007-09-30 00:00:00
2007-10-01 00:00:00
2007-10-02 00:00:00
2007-10-03 00:00:00
2007-10-04 00:00:00
2007-10-05 00:00:00
2007-10-06 00:00:00
2007-10-07 00:00:00
2007-11-07 00:00:00
2007-11-08 00:00:00
2007-11-09 00:00:00
2007-11-10 00:00:00
2007-11-11 00:00:00
2007-11-12 00:00:00
2007-11-13 00:00:00
2007-11-14 00:00:00
2007-11-15 00:00:00
2007-11-16 00:00:00
2007-11-17 00:00:00
2007-11-18 00:00:00
2007-11-19 00:00:00
2007-11-20 00:00:00
2007-11-21 00:00:00
2007-11-22 00:00:00
2007-11-23 00:00:00
2007-11-24 00:00:00
2007-11-25 00:00:00
2007-11-26 00:00:00
2007-11-27 00:00:00
2007-11-28 00:00:00
2007-11-29 00:00:00
2007-11-30 00:00:00
2007-12-01 00:00:00
2007-12-02 00:00:00
2007-12-03 00:00:00
2007-12-04 00:00:00
2007-12-05 00:00:00
2007-12-06 00:00:00
2007-12-22 00:00:00
2007-12-23 00:00:00
2007-12-24 00:00:00
2007-12-25 00:00:00
2007-12-26 00:00:00
2007-12-27 00:00:00
2007-12-28 00:00:00
2007-12-29 00:00:00
2007-12-30 00:00:00
2007-12-31 00:00:00
2008-01-01 00:00:00
2008-01-02 00:00:00
2008-01-03 00:00:00
2008-01-04 00:00:00
2008-01-05 00:00:00
2008-02-17 00:00:00
2008-02-18 00:00:00
2008-02-19 00:00:00
2008-02-20 00:00:00
2008-02-21 00:00:00
2008-02-22 00:00:00
2008-02-23 00:00:00
2008-02-24 00:00:00
2008-02-25 00:00:00
2008-02-26 00:00:00
2008-02-27 00:00:00
2008-02-28 00:00:00
2008-02-29 00:00:00
2008-03-01 00:00:00
2008-03-02 00:00:00
2008-03-03 00:00:00
2008-03-04 00:00:00
2008-03-05 00:00:00
2008-03-06 00:00:00
2008-03-07 00:00:00
2008-03-08 00:00:00
2008-03-09 00:00:00
2008-03-10 00:00:00
2008-03-11 00:00:00
2008-03-12 00:00:00
2008-03-13 00:00:00
2008-03-14 00:00:00
2008-03-15 00:00:00
2008-03-16 00:00:00
2008-03-17 00:00:00
2008-03-18 00:00:00
2008-03-19 00:00:00
2008-03-20 00:00:00
2008-04-27 00:00:00
2008-04-28 00:00:00
2008-04-29 00:00:00
2008-04-30 00:00:00
2008-05-01 00:00:00
2008-05-02 00:00:00
2008-05-03 00:00:00
2008-06-19 00:00:00
2008-06-20 00:00:00
2008-06-21 00:00:00
2008-06-22 00:00:00
2008-06-23 00:00:00
2008-06-24 00:00:00
2008-06-25 00:00:00
2008-06-26 00:00:00
2008-06-27 00:00:00
2008-06-28 00:00:00
2008-06-29 00:00:00
2008-06-30 00:00:00
2008-07-01 00:00:00
2008-07-02 00:00:00
2008-07-03 00:00:00
2008-07-04 00:00:00
2008-07-05 00:00:00
2008-07-06 00:00:00
2008-07-07 00:00:00
2008-07-08 00:00:00
2008-07-09 00:00:00
2008-07-10 00:00:00
2008-07-11 00:00:00
2008-07-12 00:00:00
2008-07-13 00:00:00
2008-07-14 00:00:00
2008-07-15 00:00:00
2008-07-16 00:00:00
2008-07-17 00:00:00
2008-07-18 00:00:00
2008-07-19 00:00:00
2008-07-20 00:00:00
2008-07-21 00:00:00
2008-07-22 00:00:00
2008-07-23 00:00:00
2008-07-24 00:00:00
2008-07-25 00:00:00
2008-07-26 00:00:00
2008-07-27 00:00:00
2008-07-28 00:00:00
2008-07-29 00:00:00
2008-07-30 00:00:00
2008-07-31 00:00:00
2008-08-01 00:00:00
2008-08-02 00:00:00
2008-08-03 00:00:00
2008-08-04 00:00:00
2008-08-05 00:00:00
2008-08-06 00:00:00
2008-08-07 00:00:00
2008-08-08 00:00:00
2008-08-09 00:00:00
2008-08-10 00:00:00
2008-08-11 00:00:00
2008-08-12 00:00:00
2008-08-13 00:00:00
2008-08-14 00:00:00
2008-08-15 00:00:00
2008-08-16 00:00:00
2008-09-14 00:00:00
2008-09-15 00:00:00
2008-09-16 00:00:00
2008-09-17 00:00:00
2008-09-18 00:00:00
2008-09-19 00:00:00
2008-09-20 00:00:00
2008-09-21 00:00:00
2008-09-22 00:00:00
2008-09-23 00:00:00
2008-09-24 00:00:00
2008-09-25 00:00:00
2008-09-26 00:00:00
2008-09-27 00:00:00
2008-09-28 00:00:00
2008-09-29 00:00:00
2008-09-30 00:00:00
2008-10-01 00:00:00
2008-10-12 00:00:00
2008-10-13 00:00:00
2008-10-14 00:00:00
2008-10-15 00:00:00
2008-10-16 00:00:00
2008-10-17 00:00:00
2008-10-18 00:00:00
2008-11-01 00:00:00
2008-11-02 00:00:00
2008-11-03 00:00:00
2008-11-04 00:00:00
2008-11-05 00:00:00
2008-11-06 00:00:00
2008-11-07 00:00:00
2008-11-08 00:00:00
2008-11-09 00:00:00
2008-11-10 00:00:00
2008-11-11 00:00:00
2008-11-12 00:00:00
2008-11-13 00:00:00
2008-11-14 00:00:00
2008-11-15 00:00:00
2008-11-30 00:00:00
2008-12-01 00:00:00
2008-12-02 00:00:00
2008-12-03 00:00:00
2008-12-04 00:00:00
2008-12-05 00:00:00
2008-12-06 00:00:00
2008-12-07 00:00:00
2008-12-08 00:00:00
2008-12-09 00:00:00
2008-12-10 00:00:00
2008-12-11 00:00:00
2008-12-12 00:00:00
2008-12-13 00:00:00
2009-01-11 00:00:00
2009-01-12 00:00:00
2009-01-13 00:00:00
2009-01-14 00:00:00
2009-01-15 00:00:00
2009-01-16 00:00:00
2009-01-17 00:00:00
2009-01-18 00:00:00
2009-01-19 00:00:00
2009-01-20 00:00:00
2009-01-21 00:00:00
2009-01-22 00:00:00
2009-01-23 00:00:00
2009-01-24 00:00:00
2009-01-25 00:00:00
2009-01-26 00:00:00
2009-01-27 00:00:00
2009-01-28 00:00:00
2009-01-29 00:00:00
2009-02-15 00:00:00
2009-02-16 00:00:00
2009-02-17 00:00:00
2009-02-18 00:00:00
2009-02-19 00:00:00
2009-02-20 00:00:00
2009-02-21 00:00:00
2009-02-22 00:00:00
2009-02-23 00:00:00
2009-02-24 00:00:00
2009-02-25 00:00:00
2009-02-26 00:00:00
2009-02-27 00:00:00
2009-02-28 00:00:00
2009-03-16 00:00:00
2009-03-17 00:00:00
2009-03-18 00:00:00
2009-03-19 00:00:00
2009-03-20 00:00:00
2009-03-21 00:00:00
2009-03-22 00:00:00
2009-03-23 00:00:00
2009-03-24 00:00:00
2009-03-25 00:00:00
2009-03-26 00:00:00
2009-03-27 00:00:00
2009-03-28 00:00:00
2009-03-29 00:00:00
2009-03-30 00:00:00
2009-04-26 00:00:00
2009-04-27 00:00:00
2009-04-28 00:00:00
2009-04-29 00:00:00
2009-04-30 00:00:00
2009-05-01 00:00:00
2009-05-02 00:00:00
2009-06-21 00:00:00
2009-06-22 00:00:00
2009-06-23 00:00:00
2009-06-24 00:00:00
2009-06-25 00:00:00
2009-06-26 00:00:00
2009-06-27 00:00:00
2009-07-05 00:00:00
2009-07-06 00:00:00
2009-07-07 00:00:00
2009-07-08 00:00:00
2009-07-09 00:00:00
2009-07-10 00:00:00
2009-07-11 00:00:00
2009-08-13 00:00:00
2009-08-14 00:00:00
2009-08-15 00:00:00
2009-08-16 00:00:00
2009-08-17 00:00:00
2009-08-18 00:00:00
2009-08-19 00:00:00
2009-08-20 00:00:00
2009-08-21 00:00:00
2009-08-22 00:00:00
2009-08-23 00:00:00
2009-08-24 00:00:00
2009-08-25 00:00:00
2009-08-26 00:00:00
2009-08-27 00:00:00
2009-08-28 00:00:00
2009-08-29 00:00:00
2009-08-30 00:00:00
2009-08-31 00:00:00
2009-09-01 00:00:00
2009-09-02 00:00:00
2009-09-03 00:00:00
2009-09-04 00:00:00
2009-09-05 00:00:00
2009-09-06 00:00:00
2009-09-07 00:00:00
2009-09-08 00:00:00
2009-09-09 00:00:00
2009-09-10 00:00:00
2009-09-11 00:00:00
2009-09-20 00:00:00
2009-09-21 00:00:00
2009-09-22 00:00:00
2009-09-23 00:00:00
2009-09-24 00:00:00
2009-09-25 00:00:00
2009-09-26 00:00:00
2009-10-25 00:00:00
2009-10-26 00:00:00
2009-10-27 00:00:00
2009-10-28 00:00:00
2009-10-29 00:00:00
2009-10-30 00:00:00
2009-10-31 00:00:00
2009-11-26 00:00:00
2009-11-27 00:00:00
2009-11-28 00:00:00
2009-11-29 00:00:00
2009-11-30 00:00:00
2009-12-01 00:00:00
2009-12-02 00:00:00
2009-12-03 00:00:00
2009-12-04 00:00:00
2009-12-05 00:00:00
2009-12-06 00:00:00
2009-12-07 00:00:00
2009-12-08 00:00:00
2009-12-09 00:00:00
2009-12-10 00:00:00
2009-12-26 00:00:00
2009-12-27 00:00:00
2009-12-28 00:00:00
2009-12-29 00:00:00
2009-12-30 00:00:00
2009-12-31 00:00:00
2010-01-01 00:00:00
2010-01-02 00:00:00
2010-01-03 00:00:00
2010-01-04 00:00:00
2010-01-05 00:00:00
2010-01-06 00:00:00
2010-01-07 00:00:00
2010-01-08 00:00:00
2010-01-09 00:00:00
2010-01-24 00:00:00
2010-01-25 00:00:00
2010-01-26 00:00:00
2010-01-27 00:00:00
2010-01-28 00:00:00
2010-01-29 00:00:00
2010-01-30 00:00:00
2010-01-31 00:00:00
2010-02-01 00:00:00
2010-02-02 00:00:00
2010-02-03 00:00:00
2010-02-04 00:00:00
2010-02-05 00:00:00
2010-02-06 00:00:00
2010-02-07 00:00:00
2010-02-08 00:00:00
2010-02-09 00:00:00
2010-02-10 00:00:00
2010-02-11 00:00:00
2010-02-12 00:00:00
2010-02-13 00:00:00
2010-02-14 00:00:00
2010-02-15 00:00:00
2010-02-16 00:00:00
2010-02-17 00:00:00
2010-02-18 00:00:00
2010-02-19 00:00:00
2010-02-20 00:00:00
2010-02-21 00:00:00
2010-02-22 00:00:00
2010-02-23 00:00:00
2010-03-26 00:00:00
2010-03-27 00:00:00
2010-03-28 00:00:00
2010-03-29 00:00:00
2010-03-30 00:00:00
2010-03-31 00:00:00
2010-04-01 00:00:00
2010-04-02 00:00:00
2010-04-03 00:00:00
2010-04-04 00:00:00
2010-04-05 00:00:00
2010-04-06 00:00:00
2010-04-07 00:00:00
2010-04-08 00:00:00
2010-04-09 00:00:00
2010-05-02 00:00:00
2010-05-03 00:00:00
2010-05-04 00:00:00
2010-05-05 00:00:00
2010-05-06 00:00:00
2010-05-07 00:00:00
2010-05-08 00:00:00
2010-05-10 00:00:00
2010-05-11 00:00:00
2010-05-12 00:00:00
2010-05-13 00:00:00
2010-05-14 00:00:00
2010-05-15 00:00:00
2010-05-16 00:00:00
2010-05-17 00:00:00
2010-05-18 00:00:00
2010-05-19 00:00:00
2010-05-20 00:00:00
2010-05-21 00:00:00
2010-05-22 00:00:00
2010-05-23 00:00:00
2010-05-24 00:00:00
2010-07-09 00:00:00
2010-07-10 00:00:00
2010-07-11 00:00:00
2010-07-12 00:00:00
2010-07-13 00:00:00
2010-07-14 00:00:00
2010-07-15 00:00:00
2010-07-16 00:00:00
2010-07-17 00:00:00
2010-07-18 00:00:00
2010-07-19 00:00:00
2010-07-20 00:00:00
2010-07-21 00:00:00
2010-07-22 00:00:00
2010-07-23 00:00:00
2010-08-08 00:00:00
2010-08-09 00:00:00
2010-08-10 00:00:00
2010-08-11 00:00:00
2010-08-12 00:00:00
2010-08-13 00:00:00
2010-08-14 00:00:00
2010-08-15 00:00:00
2010-08-16 00:00:00
2010-08-17 00:00:00
2010-08-18 00:00:00
2010-08-19 00:00:00
2010-08-20 00:00:00
2010-08-21 00:00:00
2010-08-22 00:00:00
2010-09-22 00:00:00
2010-09-23 00:00:00
2010-09-24 00:00:00
2010-09-25 00:00:00
2010-09-26 00:00:00
2010-09-27 00:00:00
2010-09-28 00:00:00
2010-09-29 00:00:00
2010-09-30 00:00:00
2010-10-01 00:00:00
2010-10-02 00:00:00
2010-10-03 00:00:00
2010-10-04 00:00:00
2010-10-05 00:00:00
2010-10-06 00:00:00
2010-10-07 00:00:00
2010-10-08 00:00:00
2010-10-09 00:00:00
2010-10-17 00:00:00
2010-10-18 00:00:00
2010-10-19 00:00:00
2010-10-20 00:00:00
2010-10-21 00:00:00
2010-10-22 00:00:00
2010-10-23 00:00:00
2010-11-21 00:00:00
2010-11-22 00:00:00
2010-11-23 00:00:00
2010-11-24 00:00:00
2010-11-25 00:00:00
2010-11-26 00:00:00
2010-11-27 00:00:00
2010-11-28 00:00:00
2010-11-29 00:00:00
2010-11-30 00:00:00
2010-12-01 00:00:00
2010-12-02 00:00:00
2010-12-03 00:00:00
2010-12-04 00:00:00
2010-12-05 00:00:00
2010-12-06 00:00:00
2010-12-07 00:00:00
2010-12-08 00:00:00
2010-12-09 00:00:00
2010-12-10 00:00:00
2010-12-11 00:00:00
2010-12-26 00:00:00
2010-12-27 00:00:00
2010-12-28 00:00:00
2010-12-29 00:00:00
2010-12-30 00:00:00
2010-12-31 00:00:00
2011-01-01 00:00:00
2011-01-05 00:00:00
2011-01-06 00:00:00
2011-01-07 00:00:00
2011-01-08 00:00:00
2011-01-09 00:00:00
2011-01-10 00:00:00
2011-01-11 00:00:00
2011-01-12 00:00:00
2011-01-13 00:00:00
2011-01-14 00:00:00
2011-01-15 00:00:00
2011-01-16 00:00:00
2011-01-17 00:00:00
2011-01-18 00:00:00
2011-01-19 00:00:00
2011-01-25 00:00:00
2011-01-26 00:00:00
2011-01-27 00:00:00
2011-01-28 00:00:00
2011-01-29 00:00:00
2011-01-30 00:00:00
2011-01-31 00:00:00
2011-02-01 00:00:00
2011-02-02 00:00:00
2011-02-03 00:00:00
2011-02-04 00:00:00
2011-02-05 00:00:00
2011-02-06 00:00:00
2011-02-07 00:00:00
2011-02-08 00:00:00
2011-02-09 00:00:00
2011-02-10 00:00:00
2011-02-11 00:00:00
2011-02-12 00:00:00
2011-02-13 00:00:00
2011-02-14 00:00:00
2011-02-15 00:00:00
2011-02-16 00:00:00
2011-02-17 00:00:00
2011-02-19 00:00:00
2011-02-20 00:00:00
2011-02-21 00:00:00
2011-02-22 00:00:00
2011-02-23 00:00:00
2011-02-24 00:00:00
2011-02-25 00:00:00
2011-02-26 00:00:00
2011-02-27 00:00:00
2011-02-28 00:00:00
2011-03-01 00:00:00
2011-03-02 00:00:00
2011-03-03 00:00:00
2011-03-04 00:00:00
2011-03-05 00:00:00
2011-03-06 00:00:00
2011-03-07 00:00:00
2011-03-08 00:00:00
2011-03-09 00:00:00
2011-03-10 00:00:00
2011-03-11 00:00:00
2011-03-12 00:00:00
2011-03-13 00:00:00
2011-03-14 00:00:00
2011-03-15 00:00:00
2011-03-16 00:00:00
2011-03-17 00:00:00
2011-03-18 00:00:00
2011-03-19 00:00:00
2011-03-20 00:00:00
2011-03-21 00:00:00
2011-03-22 00:00:00
2011-03-23 00:00:00
2011-03-24 00:00:00
2011-03-25 00:00:00
2011-03-26 00:00:00
2011-03-27 00:00:00
2011-03-28 00:00:00
2011-03-29 00:00:00
2011-03-30 00:00:00
2011-03-31 00:00:00
2011-04-01 00:00:00
2011-04-02 00:00:00
2011-04-03 00:00:00
2011-04-04 00:00:00
2011-04-05 00:00:00
2011-04-06 00:00:00
2011-04-07 00:00:00
2011-04-08 00:00:00
2011-04-09 00:00:00
2011-05-05 00:00:00
2011-05-06 00:00:00
2011-05-07 00:00:00
2011-05-08 00:00:00
2011-05-09 00:00:00
2011-05-10 00:00:00
2011-05-11 00:00:00
2011-05-12 00:00:00
2011-05-13 00:00:00
2011-05-14 00:00:00
2011-05-15 00:00:00
2011-05-16 00:00:00
2011-05-17 00:00:00
2011-05-18 00:00:00
2011-05-19 00:00:00
2011-05-22 00:00:00
2011-05-23 00:00:00
2011-05-24 00:00:00
2011-05-25 00:00:00
2011-05-26 00:00:00
2011-05-27 00:00:00
2011-05-28 00:00:00
2011-05-30 00:00:00
2011-05-31 00:00:00
2011-06-01 00:00:00
2011-06-02 00:00:00
2011-06-19 00:00:00
2011-06-20 00:00:00
2011-06-21 00:00:00
2011-06-22 00:00:00
2011-06-23 00:00:00
2011-06-24 00:00:00
2011-06-25 00:00:00
2011-06-26 00:00:00
2011-06-27 00:00:00
2011-06-28 00:00:00
2011-06-29 00:00:00
2011-06-30 00:00:00
2011-07-01 00:00:00
2011-07-02 00:00:00
2011-07-03 00:00:00
2011-09-02 00:00:00
2011-09-03 00:00:00
2011-09-04 00:00:00
2011-09-05 00:00:00
2011-09-06 00:00:00
2011-09-07 00:00:00
2011-09-08 00:00:00
2011-09-09 00:00:00
2011-09-10 00:00:00
2011-09-11 00:00:00
2011-09-12 00:00:00
2011-09-13 00:00:00
2011-09-14 00:00:00
2011-09-15 00:00:00
2011-09-16 00:00:00
2011-09-18 00:00:00
2011-09-19 00:00:00
2011-09-20 00:00:00
2011-09-21 00:00:00
2011-09-22 00:00:00
2011-09-23 00:00:00
2011-09-24 00:00:00
2011-10-17 00:00:00
2011-10-18 00:00:00
2011-10-19 00:00:00
2011-10-20 00:00:00
2011-10-21 00:00:00
2011-10-22 00:00:00
2011-10-23 00:00:00
2011-10-24 00:00:00
2011-10-25 00:00:00
2011-10-26 00:00:00
2011-10-27 00:00:00
2011-10-28 00:00:00
2011-10-29 00:00:00
2011-10-30 00:00:00
2011-10-31 00:00:00
2011-11-01 00:00:00
2011-11-02 00:00:00
2011-11-03 00:00:00
2011-11-04 00:00:00
2011-11-05 00:00:00
2011-11-06 00:00:00
2011-11-07 00:00:00
2011-11-08 00:00:00
2011-11-09 00:00:00
2011-11-10 00:00:00
2011-11-11 00:00:00
2011-11-12 00:00:00
2011-11-13 00:00:00
2011-11-14 00:00:00
2011-11-15 00:00:00
2011-11-16 00:00:00
2011-11-17 00:00:00
2011-11-18 00:00:00
2011-11-19 00:00:00
2011-11-20 00:00:00
2011-11-21 00:00:00
2011-11-22 00:00:00
2011-11-23 00:00:00
2011-11-24 00:00:00
2011-11-25 00:00:00
2011-11-26 00:00:00
2011-11-27 00:00:00
2011-11-28 00:00:00
2011-11-29 00:00:00
2011-11-30 00:00:00
2011-12-19 00:00:00
2011-12-20 00:00:00
2011-12-21 00:00:00
2011-12-22 00:00:00
2011-12-23 00:00:00
2011-12-24 00:00:00
2011-12-25 00:00:00
2011-12-26 00:00:00
2011-12-27 00:00:00
2011-12-28 00:00:00
2011-12-29 00:00:00
2011-12-30 00:00:00
2011-12-31 00:00:00
2012-01-01 00:00:00
2012-01-02 00:00:00
2012-01-03 00:00:00
2012-01-04 00:00:00
2012-01-05 00:00:00
2012-01-06 00:00:00
2012-01-07 00:00:00
2012-01-08 00:00:00
2012-01-09 00:00:00
2012-01-10 00:00:00
2012-01-11 00:00:00
2012-01-12 00:00:00
2012-01-13 00:00:00
2012-01-14 00:00:00
2012-01-15 00:00:00
2012-01-16 00:00:00
2012-01-17 00:00:00
2012-01-18 00:00:00
2012-01-19 00:00:00
2012-01-20 00:00:00
2012-01-21 00:00:00
2012-01-22 00:00:00
2012-02-05 00:00:00
2012-02-06 00:00:00
2012-02-08 00:00:00
2012-02-09 00:00:00
2012-02-10 00:00:00
2012-02-11 00:00:00
2012-02-12 00:00:00
2012-02-13 00:00:00
2012-02-14 00:00:00
2012-02-29 00:00:00
2012-03-01 00:00:00
2012-03-02 00:00:00
2012-03-03 00:00:00
2012-03-04 00:00:00
2012-03-05 00:00:00
2012-03-06 00:00:00
2012-03-07 00:00:00
2012-03-08 00:00:00
2012-03-09 00:00:00
2012-03-10 00:00:00
2012-03-11 00:00:00
2012-03-12 00:00:00
2012-03-13 00:00:00
2012-03-14 00:00:00
2012-03-16 00:00:00
2012-03-17 00:00:00
2012-03-18 00:00:00
2012-03-19 00:00:00
2012-03-20 00:00:00
2012-03-21 00:00:00
2012-03-22 00:00:00
2012-03-23 00:00:00
2012-03-24 00:00:00
2012-03-30 00:00:00
2012-03-31 00:00:00
2012-04-01 00:00:00
2012-04-02 00:00:00
2012-04-03 00:00:00
2012-04-04 00:00:00
2012-04-05 00:00:00
2012-04-06 00:00:00
2012-04-07 00:00:00
2012-04-08 00:00:00
2012-04-09 00:00:00
2012-04-10 00:00:00
2012-04-11 00:00:00
2012-04-12 00:00:00
2012-04-13 00:00:00
2012-04-14 00:00:00
2012-04-15 00:00:00
2012-04-16 00:00:00
2012-04-17 00:00:00
2012-04-18 00:00:00
2012-04-19 00:00:00
2012-04-20 00:00:00
2012-04-21 00:00:00
2012-04-22 00:00:00
2012-04-23 00:00:00
2012-04-24 00:00:00
2012-04-25 00:00:00
2012-04-26 00:00:00
2012-04-27 00:00:00
2012-04-28 00:00:00
2012-04-29 00:00:00
2012-04-30 00:00:00
2012-05-01 00:00:00
2012-05-02 00:00:00
2012-05-03 00:00:00
2012-05-04 00:00:00
2012-05-05 00:00:00
2012-05-20 00:00:00
2012-05-21 00:00:00
2012-05-22 00:00:00
2012-05-23 00:00:00
2012-05-24 00:00:00
2012-05-25 00:00:00
2012-05-26 00:00:00
2012-05-27 00:00:00
2012-05-28 00:00:00
2012-05-29 00:00:00
2012-05-30 00:00:00
2012-05-31 00:00:00
2012-06-01 00:00:00
2012-06-02 00:00:00
2012-06-03 00:00:00
2012-06-04 00:00:00
2012-06-05 00:00:00
2012-06-06 00:00:00
2012-06-07 00:00:00
2012-06-08 00:00:00
2012-06-09 00:00:00
2012-06-10 00:00:00
2012-06-11 00:00:00
2012-06-12 00:00:00
2012-06-13 00:00:00
2012-06-14 00:00:00
2012-06-15 00:00:00
2012-06-16 00:00:00
2012-06-17 00:00:00
2012-06-18 00:00:00
2012-06-19 00:00:00
2012-06-20 00:00:00
2012-06-28 00:00:00
2012-06-29 00:00:00
2012-06-30 00:00:00
2012-07-01 00:00:00
2012-07-02 00:00:00
2012-07-03 00:00:00
2012-07-04 00:00:00
2012-07-05 00:00:00
2012-07-06 00:00:00
2012-07-07 00:00:00
2012-07-08 00:00:00
2012-07-09 00:00:00
2012-07-10 00:00:00
2012-07-11 00:00:00
2012-07-12 00:00:00
2012-07-13 00:00:00
2012-07-14 00:00:00
2012-07-15 00:00:00
2012-07-16 00:00:00
2012-07-17 00:00:00
2012-07-18 00:00:00
2012-07-19 00:00:00
2012-07-20 00:00:00
2012-07-21 00:00:00
2012-07-28 00:00:00
2012-07-29 00:00:00
2012-07-30 00:00:00
2012-07-31 00:00:00
2012-08-01 00:00:00
2012-08-02 00:00:00
2012-08-03 00:00:00
2012-08-04 00:00:00
2012-08-05 00:00:00
2012-08-06 00:00:00
2012-08-07 00:00:00
2012-08-08 00:00:00
2012-08-09 00:00:00
2012-08-10 00:00:00
2012-08-11 00:00:00
2012-08-12 00:00:00
2012-08-13 00:00:00
2012-08-14 00:00:00
2012-08-15 00:00:00
2012-08-16 00:00:00
2012-08-17 00:00:00
2012-08-18 00:00:00
2012-08-19 00:00:00
2012-08-20 00:00:00
2012-08-21 00:00:00
2012-08-22 00:00:00
2012-08-23 00:00:00
2012-08-24 00:00:00
2012-08-25 00:00:00
2012-08-26 00:00:00
2012-08-27 00:00:00
2012-08-28 00:00:00
2012-08-29 00:00:00
2012-08-30 00:00:00
2012-08-31 00:00:00
2012-09-01 00:00:00
2012-09-02 00:00:00
2012-09-03 00:00:00
2012-09-04 00:00:00
2012-09-05 00:00:00
2012-09-06 00:00:00
2012-09-07 00:00:00
2012-09-08 00:00:00
2012-09-09 00:00:00
2012-09-10 00:00:00
2012-09-16 00:00:00
2012-09-17 00:00:00
2012-09-18 00:00:00
2012-09-19 00:00:00
2012-09-20 00:00:00
2012-09-21 00:00:00
2012-09-22 00:00:00
2012-10-26 00:00:00
2012-10-27 00:00:00
2012-10-28 00:00:00
2012-10-29 00:00:00
2012-10-30 00:00:00
2012-10-31 00:00:00
2012-11-01 00:00:00
2012-11-02 00:00:00
2012-11-03 00:00:00
2012-11-04 00:00:00
2012-11-05 00:00:00
2012-11-06 00:00:00
2012-11-07 00:00:00
2012-11-08 00:00:00
2012-11-09 00:00:00
2012-11-10 00:00:00
2012-11-11 00:00:00
2012-11-12 00:00:00
2012-11-13 00:00:00
2012-11-14 00:00:00
2012-11-15 00:00:00
2012-11-16 00:00:00
2012-11-17 00:00:00
2012-11-18 00:00:00
2012-11-19 00:00:00
2012-11-20 00:00:00
2012-11-21 00:00:00
2012-11-22 00:00:00
2012-11-23 00:00:00
2012-11-24 00:00:00
2012-11-25 00:00:00
2012-11-26 00:00:00
2012-11-27 00:00:00
2012-11-28 00:00:00
2012-11-29 00:00:00
2012-11-30 00:00:00
2012-12-01 00:00:00
2012-12-30 00:00:00
2012-12-31 00:00:00
2013-01-01 00:00:00
2013-01-02 00:00:00
2013-01-03 00:00:00
2013-01-04 00:00:00
2013-01-05 00:00:00
2013-04-07 00:00:00
2013-04-08 00:00:00
2013-04-09 00:00:00
2013-04-10 00:00:00
2013-04-11 00:00:00
2013-04-12 00:00:00
2013-04-13 00:00:00
2013-04-28 00:00:00
2013-04-29 00:00:00
2013-04-30 00:00:00
2013-05-01 00:00:00
2013-05-02 00:00:00
2013-05-03 00:00:00
2013-05-04 00:00:00
2013-05-05 00:00:00
2013-05-06 00:00:00
2013-05-07 00:00:00
2013-05-08 00:00:00
2013-05-09 00:00:00
2013-05-10 00:00:00
2013-05-11 00:00:00
2013-05-12 00:00:00
2013-05-13 00:00:00
2013-05-14 00:00:00
2013-05-15 00:00:00
2013-05-16 00:00:00
2013-05-17 00:00:00
2013-05-18 00:00:00
2013-05-19 00:00:00
2013-05-20 00:00:00
2013-05-21 00:00:00
2013-05-22 00:00:00
2013-05-23 00:00:00
2013-05-24 00:00:00
2013-05-25 00:00:00
2013-10-13 00:00:00
2013-10-14 00:00:00
2013-10-15 00:00:00
2013-10-16 00:00:00
2013-10-17 00:00:00
2013-10-18 00:00:00
2013-10-19 00:00:00
2013-11-18 00:00:00
2013-11-19 00:00:00
2013-11-20 00:00:00
2013-11-21 00:00:00
2013-11-22 00:00:00
2013-11-23 00:00:00
2013-11-24 00:00:00
2013-11-25 00:00:00
2013-11-26 00:00:00
2013-11-27 00:00:00
2013-11-28 00:00:00
2013-11-29 00:00:00
2013-11-30 00:00:00
2013-12-01 00:00:00
2013-12-02 00:00:00
2013-12-03 00:00:00
2013-12-04 00:00:00
2013-12-05 00:00:00
2013-12-06 00:00:00
2013-12-07 00:00:00
2013-12-08 00:00:00
2013-12-09 00:00:00
2013-12-10 00:00:00
2013-12-11 00:00:00
2013-12-12 00:00:00
2013-12-13 00:00:00
2013-12-14 00:00:00
2013-12-15 00:00:00
2013-12-16 00:00:00
2013-12-17 00:00:00
2013-12-18 00:00:00
2013-12-19 00:00:00
2013-12-20 00:00:00
2013-12-21 00:00:00
2013-12-22 00:00:00
2013-12-23 00:00:00
2013-12-24 00:00:00
2013-12-25 00:00:00
2013-12-26 00:00:00
2013-12-27 00:00:00
2013-12-28 00:00:00
2013-12-29 00:00:00
2013-12-30 00:00:00
2013-12-31 00:00:00
2014-01-01 00:00:00
2014-01-02 00:00:00
2014-01-03 00:00:00
2014-01-04 00:00:00
2014-01-05 00:00:00
2014-01-06 00:00:00
2014-01-07 00:00:00
2014-01-08 00:00:00
2014-01-09 00:00:00
2014-01-10 00:00:00
2014-01-11 00:00:00
2014-01-12 00:00:00
2014-01-13 00:00:00
2014-01-14 00:00:00
2014-01-15 00:00:00
2014-01-16 00:00:00
2014-01-17 00:00:00
2014-01-18 00:00:00
2014-01-19 00:00:00
2014-01-20 00:00:00
2014-01-21 00:00:00
2014-01-22 00:00:00
2014-01-23 00:00:00
2014-01-27 00:00:00
2014-01-28 00:00:00
2014-01-29 00:00:00
2014-01-30 00:00:00
2014-01-31 00:00:00
2014-02-01 00:00:00
2014-02-02 00:00:00
2014-02-03 00:00:00
2014-02-04 00:00:00
2014-02-05 00:00:00
2014-02-06 00:00:00
2014-02-07 00:00:00
2014-02-08 00:00:00
2014-02-09 00:00:00
2014-02-10 00:00:00
2014-02-11 00:00:00
2014-02-12 00:00:00
2014-02-13 00:00:00
2014-02-14 00:00:00
2014-02-15 00:00:00
2014-02-16 00:00:00
2014-02-17 00:00:00
2014-02-18 00:00:00
2014-02-19 00:00:00
2014-02-20 00:00:00
2014-02-21 00:00:00
2014-02-22 00:00:00
2014-02-23 00:00:00
2014-02-24 00:00:00
2014-02-25 00:00:00
2014-02-26 00:00:00
2014-03-07 00:00:00
2014-03-08 00:00:00
2014-03-09 00:00:00
2014-03-23 00:00:00
2014-03-24 00:00:00
2014-03-25 00:00:00
2014-03-26 00:00:00
2014-03-27 00:00:00
2014-03-28 00:00:00
2014-03-29 00:00:00
2014-03-30 00:00:00
2014-04-04 00:00:00
2014-04-05 00:00:00
2014-04-06 00:00:00
2014-04-07 00:00:00
2014-04-08 00:00:00
2014-04-15 00:00:00
2014-05-04 00:00:00
2014-05-05 00:00:00
2014-05-06 00:00:00
2014-05-07 00:00:00
2014-05-08 00:00:00
2014-05-09 00:00:00
2014-05-10 00:00:00
2014-05-11 00:00:00
2014-05-12 00:00:00
2014-05-13 00:00:00
2014-05-14 00:00:00
2014-05-15 00:00:00
2014-05-16 00:00:00
2014-05-17 00:00:00
2014-05-18 00:00:00
2014-05-19 00:00:00
2014-05-20 00:00:00
2014-05-21 00:00:00
2014-05-22 00:00:00
2014-05-23 00:00:00
2014-05-24 00:00:00
2014-05-25 00:00:00
2014-05-26 00:00:00
2014-05-27 00:00:00
2014-05-28 00:00:00
2014-05-29 00:00:00
2014-05-30 00:00:00
2014-05-31 00:00:00
2014-06-01 00:00:00
2014-06-02 00:00:00
2014-06-03 00:00:00
2014-06-04 00:00:00
2014-06-05 00:00:00
2014-06-06 00:00:00
2014-06-07 00:00:00
2014-06-08 00:00:00
2014-06-09 00:00:00
2014-06-10 00:00:00
2014-06-11 00:00:00
2014-06-12 00:00:00
2014-06-13 00:00:00
2014-06-14 00:00:00
2014-06-15 00:00:00
2014-07-20 00:00:00
2014-07-21 00:00:00
2014-07-22 00:00:00
2014-07-23 00:00:00
2014-07-24 00:00:00
2014-07-25 00:00:00
2014-07-26 00:00:00
2014-08-03 00:00:00
2014-08-04 00:00:00
2014-08-05 00:00:00
2014-08-06 00:00:00
2014-08-07 00:00:00
2014-08-08 00:00:00
2014-08-09 00:00:00
2015-01-13 00:00:00
2015-01-14 00:00:00
2015-01-15 00:00:00
2015-01-16 00:00:00
2015-01-17 00:00:00
2015-01-18 00:00:00
2015-01-19 00:00:00
2015-01-20 00:00:00
2015-01-21 00:00:00
2015-01-22 00:00:00
2015-01-23 00:00:00
2015-01-24 00:00:00
2015-01-25 00:00:00
2015-01-26 00:00:00
2015-01-27 00:00:00
2015-01-28 00:00:00
2015-01-29 00:00:00
2015-01-30 00:00:00
2015-01-31 00:00:00
2015-03-21 00:00:00
2015-03-22 00:00:00
2015-03-23 00:00:00
2015-03-24 00:00:00
2015-03-25 00:00:00
2015-03-26 00:00:00
2015-03-27 00:00:00
2015-03-28 00:00:00
2015-03-29 00:00:00
2015-03-30 00:00:00
2015-03-31 00:00:00
2015-04-01 00:00:00
2015-04-02 00:00:00
2015-04-03 00:00:00
2015-04-04 00:00:00
2015-04-05 00:00:00
2015-04-06 00:00:00
2015-04-07 00:00:00
2015-04-08 00:00:00
2015-04-12 00:00:00
2015-04-13 00:00:00
2015-04-14 00:00:00
2015-04-15 00:00:00
2015-04-16 00:00:00
2015-04-17 00:00:00
2015-04-18 00:00:00
2015-04-19 00:00:00
2015-04-20 00:00:00
2015-04-21 00:00:00
2015-04-22 00:00:00
2015-04-23 00:00:00
2015-04-24 00:00:00
2015-04-25 00:00:00
2015-04-26 00:00:00
2015-04-27 00:00:00
2015-04-28 00:00:00
2015-04-29 00:00:00
2015-04-30 00:00:00
2015-05-01 00:00:00
2015-05-02 00:00:00
News Data
Start Date, End Date,News Source,Link,Days,Reason,Comment,Days Reported
2010-12-26,2010-12-21,The Economic Times,http://articles.economictimes.indiatimes.com/2010-12-21/news/27586208_1_minimum-export-price-onion-prices-mep,-5,traders nexus,,0
2010-12-27,2010-12-22,NDTV,http://www.ndtv.com/india-news/why-onion-prices-are-so-high-442629,-5,unseasonal rainfall,,7
2010-12-28,2010-12-23,The Times of India,http://timesofindia.indiatimes.com/city/pune/Onion-prices-still-leave-consumers-teary-eyed/articleshow/7147525.cms,-5,unseasonal rainfall,,0
2010-12-29,2010-12-24,Business Standard,http://www.business-standard.com/article/economy-policy/wholesale-onion-prices-slide-20-in-lasalgaon-manmad-110122400137_1.html,-5,not stated,Prices went down, but for good quality prices went high,None
2010-12-30,2011-01-03,NDTV,http://www.ndtv.com/mumbai-news/mumbai-trader-sells-onions-at-rs-12-per-kg-443770,4,not stated,,0
2010-12-31,2011-01-03,NDTV,http://www.ndtv.com/mumbai-news/mumbai-trader-sells-onions-at-rs-12-per-kg-443770,3,not stated,,0
2011-01-01,2011-01-03,NDTV,http://www.ndtv.com/mumbai-news/mumbai-trader-sells-onions-at-rs-12-per-kg-443770,2,not stated,,0
2011-01-05,2011-01-03,NDTV,http://www.ndtv.com/mumbai-news/mumbai-trader-sells-onions-at-rs-12-per-kg-443770,-2,not stated,,0
2011-01-06,2011-01-03,NDTV,http://www.ndtv.com/mumbai-news/mumbai-trader-sells-onions-at-rs-12-per-kg-443770,-3,not stated,,0
2011-01-07,2011-01-03,NDTV,http://www.ndtv.com/mumbai-news/mumbai-trader-sells-onions-at-rs-12-per-kg-443770,-4,not stated,,0
2011-01-08,2011-01-03,NDTV,http://www.ndtv.com/mumbai-news/mumbai-trader-sells-onions-at-rs-12-per-kg-443770,-5,not stated,,0
2011-01-09,2011-01-06,The Times of India,http://timesofindia.indiatimes.com/business/india-business/-Retail-onion-prices-up-by-Rs-5-10/kg-on-Pak-export-ban-reports/articleshow/7230895.cms,-3,Pak banned export,,0
2011-01-10,2011-01-06,The Times of India,http://timesofindia.indiatimes.com/business/india-business/-Retail-onion-prices-up-by-Rs-5-10/kg-on-Pak-export-ban-reports/articleshow/7230895.cms,-4,Pak banned export,,0
2011-01-11,2011-01-06,The Times of India,http://timesofindia.indiatimes.com/business/india-business/-Retail-onion-prices-up-by-Rs-5-10/kg-on-Pak-export-ban-reports/articleshow/7230895.cms,-5,Pak banned export,,0
2011-01-12,2011-01-07,The Hindu,http://www.thehindu.com/business/act-swiftly-against-hoarders-pranab/article1051003.ece,-5,traders nexus,main article on inflation, but it says due to hoarding onion prices are high.,0
2011-09-15,2011-09-20,NDTV,http://www.ndtv.com/india-news/onion-ban-lifted-politics-vs-prices-468166,5,delete, export ban lifted,,0
2011-09-16,2011-09-20,NDTV,http://www.ndtv.com/india-news/onion-ban-lifted-politics-vs-prices-468166,4,delete, export ban lifted,,0
2011-09-18,2011-09-20,NDTV,http://www.ndtv.com/india-news/onion-ban-lifted-politics-vs-prices-468166,2,delete, export ban lifted,,0
2011-09-19,2011-09-20,NDTV,http://www.ndtv.com/india-news/onion-ban-lifted-politics-vs-prices-468166,1,delete, export ban lifted,,0
2011-09-20,2011-09-20,NDTV,http://www.ndtv.com/india-news/onion-ban-lifted-politics-vs-prices-468166,0,delete, export ban lifted,,0
2011-09-21,2011-09-20,NDTV,http://www.ndtv.com/india-news/onion-ban-lifted-politics-vs-prices-468166,-1,delete, export ban lifted,,0
2011-09-22,2011-09-20,NDTV,http://www.ndtv.com/india-news/onion-ban-lifted-politics-vs-prices-468166,-2,delete, export ban lifted,,0
2011-09-23,2011-09-20,NDTV,http://www.ndtv.com/india-news/onion-ban-lifted-politics-vs-prices-468166,-3,delete, export ban lifted,,0
2011-09-24,2011-09-20,NDTV,http://www.ndtv.com/india-news/onion-ban-lifted-politics-vs-prices-468166,-4,delete, export ban lifted,,0
2012-12-30,2012-12-27,The Times of India,http://timesofindia.indiatimes.com/india/Onion-prices-80-higher-than-last-year/articleshow/17774280.cms,-3,traders nexus,no,0
2012-12-31,2012-12-27,The Times of India,http://timesofindia.indiatimes.com/india/Onion-prices-80-higher-than-last-year/articleshow/17774280.cms,-4,traders nexus,no,0
2013-01-01,2012-12-27,The Times of India,http://timesofindia.indiatimes.com/india/Onion-prices-80-higher-than-last-year/articleshow/17774280.cms,-5,traders nexus,no,0
2013-10-13,2013-10-10,The Economic Times,http://articles.economictimes.indiatimes.com/2013-10-10/news/42903314_1_export-price-price-rise-onion-prices,-3,traders nexus,,0
2013-10-14,2013-10-10,The Economic Times,http://articles.economictimes.indiatimes.com/2013-10-10/news/42903314_1_export-price-price-rise-onion-prices,-4,traders nexus,,0
2013-10-15,2013-10-10,The Economic Times,http://articles.economictimes.indiatimes.com/2013-10-10/news/42903314_1_export-price-price-rise-onion-prices,-5,traders nexus,,0
2013-10-17,2013-10-22,NDTV,http://profit.ndtv.com/news/cheat-sheet/article-why-onion-prices-are-inching-towards-rs-100-per-kg-370138,5,low supply,,0
2013-10-18,2013-10-22,NDTV,http://profit.ndtv.com/news/cheat-sheet/article-why-onion-prices-are-inching-towards-rs-100-per-kg-370138,4,low supply,,0
2013-10-19,2013-10-22,NDTV,http://profit.ndtv.com/news/cheat-sheet/article-why-onion-prices-are-inching-towards-rs-100-per-kg-370138,3,low supply,,0
2013-11-18,2013-11-13,The Times of India,http://timesofindia.indiatimes.com/india/No-let-up-in-prices-of-onion-potato-tomato/articleshow/25664320.cms,-5,traders nexus,,12
2013-11-19,2013-11-15,The Times of India,http://timesofindia.indiatimes.com/business/india-business/Onion-prices-up-278-tomato-122-in-one-year/articleshow/25780005.cms,-4,not stated,,365
2013-11-20,2013-11-15,The Times of India,http://timesofindia.indiatimes.com/business/india-business/Onion-prices-up-278-tomato-122-in-one-year/articleshow/25780005.cms,-5,not stated,,365
2013-11-21,2013-11-19,First Post,http://www.firstpost.com/politics/onion-tomato-price-hoardings-to-malign-party-cong-writes-to-ec-1238589.html,-2,traders nexus,,0
2013-11-22,2013-11-19,First Post,http://www.firstpost.com/politics/onion-tomato-price-hoardings-to-malign-party-cong-writes-to-ec-1238589.html,-3,traders nexus,,0
2013-11-23,2013-11-19,First Post,http://www.firstpost.com/politics/onion-tomato-price-hoardings-to-malign-party-cong-writes-to-ec-1238589.html,-4,traders nexus,,0
2013-11-24,2013-11-19,First Post,http://www.firstpost.com/politics/onion-tomato-price-hoardings-to-malign-party-cong-writes-to-ec-1238589.html,-5,traders nexus,,0
2013-12-08,2013-12-13,The Economic Times,http://articles.economictimes.indiatimes.com/2015-09-11/news/66434886_1_lasalgaon-apmc-onion-prices-onion-exporters-association,5,not stated,no,None
2013-12-09,2013-12-13,The Economic Times,http://articles.economictimes.indiatimes.com/2015-09-11/news/66434886_1_lasalgaon-apmc-onion-prices-onion-exporters-association,4,not stated,no,None
2013-12-10,2013-12-13,The Economic Times,http://articles.economictimes.indiatimes.com/2015-09-11/news/66434886_1_lasalgaon-apmc-onion-prices-onion-exporters-association,3,not stated,no,None
2013-12-11,2013-12-13,The Economic Times,http://articles.economictimes.indiatimes.com/2015-09-11/news/66434886_1_lasalgaon-apmc-onion-prices-onion-exporters-association,2,not stated,no,None
2013-12-12,2013-12-13,The Economic Times,http://articles.economictimes.indiatimes.com/2015-09-11/news/66434886_1_lasalgaon-apmc-onion-prices-onion-exporters-association,1,not stated,no,None
2013-12-13,2013-12-13,The Economic Times,http://articles.economictimes.indiatimes.com/2015-09-11/news/66434886_1_lasalgaon-apmc-onion-prices-onion-exporters-association,0,not stated,no,None
2013-12-14,2013-12-13,The Economic Times,http://articles.economictimes.indiatimes.com/2015-09-11/news/66434886_1_lasalgaon-apmc-onion-prices-onion-exporters-association,-1,not stated,no,None
2013-12-15,2013-12-13,The Economic Times,http://articles.economictimes.indiatimes.com/2015-09-11/news/66434886_1_lasalgaon-apmc-onion-prices-onion-exporters-association,-2,not stated,no,None
2013-12-16,2013-12-13,The Economic Times,http://articles.economictimes.indiatimes.com/2015-09-11/news/66434886_1_lasalgaon-apmc-onion-prices-onion-exporters-association,-3,not stated,no,None
2013-12-17,2013-12-13,The Economic Times,http://articles.economictimes.indiatimes.com/2015-09-11/news/66434886_1_lasalgaon-apmc-onion-prices-onion-exporters-association,-4,not stated,no,None
2013-12-18,2013-12-13,The Economic Times,http://articles.economictimes.indiatimes.com/2015-09-11/news/66434886_1_lasalgaon-apmc-onion-prices-onion-exporters-association,-5,not stated,no,None
2014-02-21,2014-02-26,Business Standard,http://www.business-standard.com/article/markets/onion-price-rises-50-in-2-weeks-114022601022_1.html,5,farmers hoarded onions to control falling prices and price got increased by 50% in 2 weeks,,14
2014-02-22,2014-02-26,Business Standard,http://www.business-standard.com/article/markets/onion-price-rises-50-in-2-weeks-114022601022_1.html,4,farmers hoarded onions to control falling prices and price got increased by 50% in 2 weeks,,14
2014-02-23,2014-02-26,Business Standard,http://www.business-standard.com/article/markets/onion-price-rises-50-in-2-weeks-114022601022_1.html,3,farmers hoarded onions to control falling prices and price got increased by 50% in 2 weeks,,14
2014-02-24,2014-02-26,Business Standard,http://www.business-standard.com/article/markets/onion-price-rises-50-in-2-weeks-114022601022_1.html,2,farmers hoarded onions to control falling prices and price got increased by 50% in 2 weeks,,14
2014-02-25,2014-02-26,Business Standard,http://www.business-standard.com/article/markets/onion-price-rises-50-in-2-weeks-114022601022_1.html,1,farmers hoarded onions to control falling prices and price got increased by 50% in 2 weeks,,14
2014-02-26,2014-02-26,Business Standard,http://www.business-standard.com/article/markets/onion-price-rises-50-in-2-weeks-114022601022_1.html,0,farmers hoarded onions to control falling prices and price got increased by 50% in 2 weeks,,14
2014-04-15,2014-04-18,The Economic Times,http://timesofindia.indiatimes.com/india/Onion-prices-rise-about-40-in-a-week/articleshow/33877660.cms,3,unseasonal rainfall,no,None
2014-05-07,2014-05-12,Business Standard,http://www.business-standard.com/article/markets/onion-spot-prices-soar-31-in-2-days-likely-to-stay-high-114051200815_1.html,5,unseasonal rainfall,,2
2014-05-08,2014-05-12,Business Standard,http://www.business-standard.com/article/markets/onion-spot-prices-soar-31-in-2-days-likely-to-stay-high-114051200815_1.html,4,unseasonal rainfall,,2
2014-05-09,2014-05-12,Business Standard,http://www.business-standard.com/article/markets/onion-spot-prices-soar-31-in-2-days-likely-to-stay-high-114051200815_1.html,3,unseasonal rainfall,,2
2014-05-10,2014-05-12,Business Standard,http://www.business-standard.com/article/markets/onion-spot-prices-soar-31-in-2-days-likely-to-stay-high-114051200815_1.html,2,unseasonal rainfall,,2
2014-05-11,2014-05-12,Business Standard,http://www.business-standard.com/article/markets/onion-spot-prices-soar-31-in-2-days-likely-to-stay-high-114051200815_1.html,1,unseasonal rainfall,,2
2014-05-12,2014-05-12,Business Standard,http://www.business-standard.com/article/markets/onion-spot-prices-soar-31-in-2-days-likely-to-stay-high-114051200815_1.html,0,unseasonal rainfall,,2
2014-05-13,2014-05-12,Business Standard,http://www.business-standard.com/article/markets/onion-spot-prices-soar-31-in-2-days-likely-to-stay-high-114051200815_1.html,-1,unseasonal rainfall,,2
2014-05-14,2014-05-12,Business Standard,http://www.business-standard.com/article/markets/onion-spot-prices-soar-31-in-2-days-likely-to-stay-high-114051200815_1.html,-2,unseasonal rainfall,,2
2014-05-15,2014-05-12,Business Standard,http://www.business-standard.com/article/markets/onion-spot-prices-soar-31-in-2-days-likely-to-stay-high-114051200815_1.html,-3,unseasonal rainfall,,2
2014-05-16,2014-05-12,Business Standard,http://www.business-standard.com/article/markets/onion-spot-prices-soar-31-in-2-days-likely-to-stay-high-114051200815_1.html,-4,unseasonal rainfall,,2
2014-05-17,2014-05-12,Business Standard,http://www.business-standard.com/article/markets/onion-spot-prices-soar-31-in-2-days-likely-to-stay-high-114051200815_1.html,-5,unseasonal rainfall,,2
2014-06-06,2014-06-11,The Times of India,http://timesofindia.indiatimes.com/business/india-business/Food-prices-soar-on-speculation-over-delayed-monsoon-rains/articleshow/36367024.cms,5,speculation of weak monsoon,,15
2014-06-07,2014-06-11,The Times of India,http://timesofindia.indiatimes.com/business/india-business/Food-prices-soar-on-speculation-over-delayed-monsoon-rains/articleshow/36367024.cms,4,speculation of weak monsoon,,15
2014-06-08,2014-06-11,The Times of India,http://timesofindia.indiatimes.com/business/india-business/Food-prices-soar-on-speculation-over-delayed-monsoon-rains/articleshow/36367024.cms,3,speculation of weak monsoon,,15
2014-06-09,2014-06-11,The Times of India,http://timesofindia.indiatimes.com/business/india-business/Food-prices-soar-on-speculation-over-delayed-monsoon-rains/articleshow/36367024.cms,2,speculation of weak monsoon,,15
2014-06-10,2014-06-11,The Times of India,http://timesofindia.indiatimes.com/business/india-business/Food-prices-soar-on-speculation-over-delayed-monsoon-rains/articleshow/36367024.cms,1,speculation of weak monsoon,,15
2014-06-11,2014-06-11,The Times of India,http://timesofindia.indiatimes.com/business/india-business/Food-prices-soar-on-speculation-over-delayed-monsoon-rains/articleshow/36367024.cms,0,speculation of weak monsoon,,15
2014-06-12,2014-06-11,The Times of India,http://timesofindia.indiatimes.com/business/india-business/Food-prices-soar-on-speculation-over-delayed-monsoon-rains/articleshow/36367024.cms,-1,speculation of weak monsoon,,15
2014-06-13,2014-06-11,The Times of India,http://timesofindia.indiatimes.com/business/india-business/Food-prices-soar-on-speculation-over-delayed-monsoon-rains/articleshow/36367024.cms,-2,speculation of weak monsoon,,15
2014-06-14,2014-06-11,The Times of India,http://timesofindia.indiatimes.com/business/india-business/Food-prices-soar-on-speculation-over-delayed-monsoon-rains/articleshow/36367024.cms,-3,speculation of weak monsoon,,15
2014-06-15,2014-06-11,The Times of India,http://timesofindia.indiatimes.com/business/india-business/Food-prices-soar-on-speculation-over-delayed-monsoon-rains/articleshow/36367024.cms,-4,speculation of weak monsoon,,15
2014-07-20,2014-07-15,First Post,http://www.firstpost.com/india/why-modi-sarkaar-should-ready-itself-for-another-fight-with-inflation-1619551.html,-5,not stated,Title : Why Modi sarkaar should ready itself for another fight with inflation , but stated that onion prices are high as compared to last year,30
2014-07-21,2014-07-17,Business Standard,http://www.business-standard.com/article/economy-policy/price-stabilization-fund-in-agriculture-to-be-used-for-cereals-and-vegetables-114071701051_1.html,-4,not stated,,40
2014-07-22,2014-07-17,Business Standard,http://www.business-standard.com/article/economy-policy/price-stabilization-fund-in-agriculture-to-be-used-for-cereals-and-vegetables-114071701051_1.html,-5,not stated,,40
(4U5) Result:::
Date
News Data
Start Date, End Date,News Source,Link,Days,Reason,Comment,Days Reported
(1 U 2 U 3) ^ (4 U 5) Result:::
Date
News Data
Start Date, End Date,News Source,Link,Days,Reason,Comment,Days Reported
Wholesale vs Arrival data
Slope Result:::
Date,Value
2007-01-14 00:00:00,-14.2654644137
2007-01-15 00:00:00,-14.2654644137
2007-01-16 00:00:00,-14.2654644137
2007-01-17 00:00:00,-14.2654644137
2007-01-18 00:00:00,-14.2654644137
2007-01-19 00:00:00,-14.2654644137
2007-01-20 00:00:00,-14.2654644137
2007-05-06 00:00:00,-1.78417267402
2007-05-07 00:00:00,-1.78417267402
2007-05-08 00:00:00,-1.78417267402
2007-05-09 00:00:00,-1.78417267402
2007-05-10 00:00:00,-1.78417267402
2007-05-11 00:00:00,-1.78417267402
2007-05-12 00:00:00,-1.78417267402
2007-06-17 00:00:00,-9.88722695666
2007-06-18 00:00:00,-9.88722695666
2007-06-19 00:00:00,-9.88722695666
2007-06-20 00:00:00,-9.88722695666
2007-06-21 00:00:00,-9.88722695666
2007-06-22 00:00:00,-9.88722695666
2007-06-23 00:00:00,-9.88722695666
2007-08-12 00:00:00,-1.48141402629
2007-08-13 00:00:00,-1.48141402629
2007-08-14 00:00:00,-1.48141402629
2007-08-15 00:00:00,-1.48141402629
2007-08-16 00:00:00,-1.48141402629
2007-08-17 00:00:00,-1.48141402629
2007-08-18 00:00:00,-1.48141402629
2007-08-19 00:00:00,-1.48141402629
2007-08-20 00:00:00,-1.48141402629
2007-08-21 00:00:00,-1.48141402629
2007-08-22 00:00:00,-1.48141402629
2007-08-23 00:00:00,-1.48141402629
2007-08-24 00:00:00,-1.48141402629
2007-08-25 00:00:00,-1.48141402629
2007-09-16 00:00:00,-2.99786793944
2007-09-17 00:00:00,-2.99786793944
2007-09-18 00:00:00,-2.99786793944
2007-09-19 00:00:00,-2.99786793944
2007-09-20 00:00:00,-2.99786793944
2007-09-21 00:00:00,-2.99786793944
2007-09-22 00:00:00,-2.99786793944
2008-05-11 00:00:00,-3.43254086782
2008-05-12 00:00:00,-3.43254086782
2008-05-13 00:00:00,-3.43254086782
2008-05-14 00:00:00,-3.43254086782
2008-05-15 00:00:00,-3.43254086782
2008-05-16 00:00:00,-3.43254086782
2008-05-17 00:00:00,-3.43254086782
2008-07-27 00:00:00,-1.34693901584
2008-07-28 00:00:00,-1.34693901584
2008-07-29 00:00:00,-1.34693901584
2008-07-30 00:00:00,-1.34693901584
2008-07-31 00:00:00,-1.34693901584
2008-08-01 00:00:00,-1.34693901584
2008-08-02 00:00:00,-1.34693901584
2008-11-23 00:00:00,-3.44071851614
2008-11-24 00:00:00,-3.44071851614
2008-11-25 00:00:00,-3.44071851614
2008-11-26 00:00:00,-3.44071851614
2008-11-27 00:00:00,-3.44071851614
2008-11-28 00:00:00,-3.44071851614
2008-11-29 00:00:00,-3.44071851614
2009-01-25 00:00:00,-2.52487281683
2009-01-26 00:00:00,-2.52487281683
2009-01-27 00:00:00,-2.52487281683
2009-01-28 00:00:00,-2.52487281683
2009-01-29 00:00:00,-2.52487281683
2009-01-30 00:00:00,-2.52487281683
2009-01-31 00:00:00,-2.52487281683
2009-03-08 00:00:00,-5.10092382333
2009-03-09 00:00:00,-5.10092382333
2009-03-10 00:00:00,-5.10092382333
2009-03-11 00:00:00,-5.10092382333
2009-03-12 00:00:00,-5.10092382333
2009-03-13 00:00:00,-5.10092382333
2009-03-14 00:00:00,-5.10092382333
2009-03-22 00:00:00,-3.81852151735
2009-03-23 00:00:00,-3.81852151735
2009-03-24 00:00:00,-3.81852151735
2009-03-25 00:00:00,-3.81852151735
2009-03-26 00:00:00,-3.81852151735
2009-03-27 00:00:00,-3.81852151735
2009-03-28 00:00:00,-3.81852151735
2009-05-24 00:00:00,-1.62985191471
2009-05-25 00:00:00,-1.62985191471
2009-05-26 00:00:00,-1.62985191471
2009-05-27 00:00:00,-1.62985191471
2009-05-28 00:00:00,-1.62985191471
2009-05-29 00:00:00,-1.62985191471
2009-05-30 00:00:00,-1.62985191471
2009-06-14 00:00:00,-1.28406623338
2009-06-15 00:00:00,-1.28406623338
2009-06-16 00:00:00,-1.28406623338
2009-06-17 00:00:00,-1.28406623338
2009-06-18 00:00:00,-1.28406623338
2009-06-19 00:00:00,-1.28406623338
2009-06-20 00:00:00,-1.28406623338
2009-07-26 00:00:00,-3.79825291239
2009-07-27 00:00:00,-3.79825291239
2009-07-28 00:00:00,-3.79825291239
2009-07-29 00:00:00,-3.79825291239
2009-07-30 00:00:00,-3.79825291239
2009-07-31 00:00:00,-3.79825291239
2009-08-01 00:00:00,-3.79825291239
2009-09-27 00:00:00,-1.93342873247
2009-09-28 00:00:00,-1.93342873247
2009-09-29 00:00:00,-1.93342873247
2009-09-30 00:00:00,-1.93342873247
2009-10-01 00:00:00,-1.93342873247
2009-10-02 00:00:00,-1.93342873247
2009-10-03 00:00:00,-1.93342873247
2009-11-15 00:00:00,-2.86953434906
2009-11-16 00:00:00,-2.86953434906
2009-11-17 00:00:00,-2.86953434906
2009-11-18 00:00:00,-2.86953434906
2009-11-19 00:00:00,-2.86953434906
2009-11-20 00:00:00,-2.86953434906
2009-11-21 00:00:00,-2.86953434906
2010-02-21 00:00:00,-2.50542694728
2010-02-22 00:00:00,-2.50542694728
2010-02-23 00:00:00,-2.50542694728
2010-02-24 00:00:00,-2.50542694728
2010-02-25 00:00:00,-2.50542694728
2010-02-26 00:00:00,-2.50542694728
2010-02-27 00:00:00,-2.50542694728
2010-04-18 00:00:00,-6.39058966624
2010-04-19 00:00:00,-6.39058966624
2010-04-20 00:00:00,-6.39058966624
2010-04-21 00:00:00,-6.39058966624
2010-04-22 00:00:00,-6.39058966624
2010-04-23 00:00:00,-6.39058966624
2010-04-24 00:00:00,-6.39058966624
2010-08-15 00:00:00,-2.3463585805
2010-08-16 00:00:00,-2.3463585805
2010-08-17 00:00:00,-2.3463585805
2010-08-18 00:00:00,-2.3463585805
2010-08-19 00:00:00,-2.3463585805
2010-08-20 00:00:00,-2.3463585805
2010-08-21 00:00:00,-2.3463585805
2010-09-05 00:00:00,-1.67905979547
2010-09-06 00:00:00,-1.67905979547
2010-09-07 00:00:00,-1.67905979547
2010-09-08 00:00:00,-1.67905979547
2010-09-09 00:00:00,-1.67905979547
2010-09-10 00:00:00,-1.67905979547
2010-09-11 00:00:00,-1.67905979547
2010-09-19 00:00:00,-2.59541169341
2010-09-20 00:00:00,-2.59541169341
2010-09-21 00:00:00,-2.59541169341
2010-09-22 00:00:00,-2.59541169341
2010-09-23 00:00:00,-2.59541169341
2010-09-24 00:00:00,-2.59541169341
2010-09-25 00:00:00,-2.59541169341
2010-09-26 00:00:00,-2.59541169341
2010-09-27 00:00:00,-2.59541169341
2010-09-28 00:00:00,-2.59541169341
2010-09-29 00:00:00,-2.59541169341
2010-09-30 00:00:00,-2.59541169341
2010-10-01 00:00:00,-2.59541169341
2010-10-02 00:00:00,-2.59541169341
2010-10-03 00:00:00,-2.59541169341
2010-10-04 00:00:00,-2.59541169341
2010-10-05 00:00:00,-2.59541169341
2010-10-06 00:00:00,-2.59541169341
2010-10-07 00:00:00,-2.59541169341
2010-10-08 00:00:00,-2.59541169341
2010-10-09 00:00:00,-2.59541169341
2010-11-07 00:00:00,-1.42095870983
2010-11-08 00:00:00,-1.42095870983
2010-11-09 00:00:00,-1.42095870983
2010-11-10 00:00:00,-1.42095870983
2010-11-11 00:00:00,-1.42095870983
2010-11-12 00:00:00,-1.42095870983
2010-11-13 00:00:00,-1.42095870983
2010-11-21 00:00:00,-4.63252401746
2010-11-22 00:00:00,-4.63252401746
2010-11-23 00:00:00,-4.63252401746
2010-11-24 00:00:00,-4.63252401746
2010-11-25 00:00:00,-4.63252401746
2010-11-26 00:00:00,-4.63252401746
2010-11-27 00:00:00,-4.63252401746
2010-12-12 00:00:00,-1.67387305506
2010-12-13 00:00:00,-1.67387305506
2010-12-14 00:00:00,-1.67387305506
2010-12-15 00:00:00,-1.67387305506
2010-12-16 00:00:00,-1.67387305506
2010-12-17 00:00:00,-1.67387305506
2010-12-18 00:00:00,-1.67387305506
2010-12-19 00:00:00,-1.67387305506
2010-12-20 00:00:00,-1.67387305506
2010-12-21 00:00:00,-1.67387305506
2010-12-22 00:00:00,-1.67387305506
2010-12-23 00:00:00,-1.67387305506
2010-12-24 00:00:00,-1.67387305506
2010-12-25 00:00:00,-1.67387305506
2010-12-26 00:00:00,-1.67387305506
2010-12-27 00:00:00,-1.67387305506
2010-12-28 00:00:00,-1.67387305506
2010-12-29 00:00:00,-1.67387305506
2010-12-30 00:00:00,-1.67387305506
2010-12-31 00:00:00,-1.67387305506
2011-01-01 00:00:00,-1.67387305506
2011-02-13 00:00:00,-2.53317910538
2011-02-14 00:00:00,-2.53317910538
2011-02-15 00:00:00,-2.53317910538
2011-02-16 00:00:00,-2.53317910538
2011-02-17 00:00:00,-2.53317910538
2011-02-18 00:00:00,-2.53317910538
2011-02-19 00:00:00,-2.53317910538
2011-03-06 00:00:00,-7.12869739938
2011-03-07 00:00:00,-7.12869739938
2011-03-08 00:00:00,-7.12869739938
2011-03-09 00:00:00,-7.12869739938
2011-03-10 00:00:00,-7.12869739938
2011-03-11 00:00:00,-7.12869739938
2011-03-12 00:00:00,-7.12869739938
2011-03-13 00:00:00,-7.12869739938
2011-03-14 00:00:00,-7.12869739938
2011-03-15 00:00:00,-7.12869739938
2011-03-16 00:00:00,-7.12869739938
2011-03-17 00:00:00,-7.12869739938
2011-03-18 00:00:00,-7.12869739938
2011-03-19 00:00:00,-7.12869739938
2011-04-24 00:00:00,-7.71058601966
2011-04-25 00:00:00,-7.71058601966
2011-04-26 00:00:00,-7.71058601966
2011-04-27 00:00:00,-7.71058601966
2011-04-28 00:00:00,-7.71058601966
2011-04-29 00:00:00,-7.71058601966
2011-04-30 00:00:00,-7.71058601966
2011-07-31 00:00:00,-2.76620292517
2011-08-01 00:00:00,-2.76620292517
2011-08-02 00:00:00,-2.76620292517
2011-08-03 00:00:00,-2.76620292517
2011-08-04 00:00:00,-2.76620292517
2011-08-05 00:00:00,-2.76620292517
2011-08-06 00:00:00,-2.76620292517
2011-08-07 00:00:00,-2.76620292517
2011-08-08 00:00:00,-2.76620292517
2011-08-09 00:00:00,-2.76620292517
2011-08-10 00:00:00,-2.76620292517
2011-08-11 00:00:00,-2.76620292517
2011-08-12 00:00:00,-2.76620292517
2011-08-13 00:00:00,-2.76620292517
2011-10-09 00:00:00,-4.17026315598
2011-10-10 00:00:00,-4.17026315598
2011-10-11 00:00:00,-4.17026315598
2011-10-12 00:00:00,-4.17026315598
2011-10-13 00:00:00,-4.17026315598
2011-10-14 00:00:00,-4.17026315598
2011-10-15 00:00:00,-4.17026315598
2011-12-11 00:00:00,-2.133950142
2011-12-12 00:00:00,-2.133950142
2011-12-13 00:00:00,-2.133950142
2011-12-14 00:00:00,-2.133950142
2011-12-15 00:00:00,-2.133950142
2011-12-16 00:00:00,-2.133950142
2011-12-17 00:00:00,-2.133950142
2011-12-18 00:00:00,-2.133950142
2011-12-19 00:00:00,-2.133950142
2011-12-20 00:00:00,-2.133950142
2011-12-21 00:00:00,-2.133950142
2011-12-22 00:00:00,-2.133950142
2011-12-23 00:00:00,-2.133950142
2011-12-24 00:00:00,-2.133950142
2012-02-12 00:00:00,-3.60274553022
2012-02-13 00:00:00,-3.60274553022
2012-02-14 00:00:00,-3.60274553022
2012-02-15 00:00:00,-3.60274553022
2012-02-16 00:00:00,-3.60274553022
2012-02-17 00:00:00,-3.60274553022
2012-02-18 00:00:00,-3.60274553022
2012-07-01 00:00:00,-6.75723152204
2012-07-02 00:00:00,-6.75723152204
2012-07-03 00:00:00,-6.75723152204
2012-07-04 00:00:00,-6.75723152204
2012-07-05 00:00:00,-6.75723152204
2012-07-06 00:00:00,-6.75723152204
2012-07-07 00:00:00,-6.75723152204
2012-08-05 00:00:00,-65.4384859153
2012-08-06 00:00:00,-65.4384859153
2012-08-07 00:00:00,-65.4384859153
2012-08-08 00:00:00,-65.4384859153
2012-08-09 00:00:00,-65.4384859153
2012-08-10 00:00:00,-65.4384859153
2012-08-11 00:00:00,-65.4384859153
2012-08-19 00:00:00,-2.48819002453
2012-08-20 00:00:00,-2.48819002453
2012-08-21 00:00:00,-2.48819002453
2012-08-22 00:00:00,-2.48819002453
2012-08-23 00:00:00,-2.48819002453
2012-08-24 00:00:00,-2.48819002453
2012-08-25 00:00:00,-2.48819002453
2012-09-02 00:00:00,-2.28434400308
2012-09-03 00:00:00,-2.28434400308
2012-09-04 00:00:00,-2.28434400308
2012-09-05 00:00:00,-2.28434400308
2012-09-06 00:00:00,-2.28434400308
2012-09-07 00:00:00,-2.28434400308
2012-09-08 00:00:00,-2.28434400308
2012-10-28 00:00:00,-4.35777706347
2012-10-29 00:00:00,-4.35777706347
2012-10-30 00:00:00,-4.35777706347
2012-10-31 00:00:00,-4.35777706347
2012-11-01 00:00:00,-4.35777706347
2012-11-02 00:00:00,-4.35777706347
2012-11-03 00:00:00,-4.35777706347
2013-02-24 00:00:00,-2.60092237979
2013-02-25 00:00:00,-2.60092237979
2013-02-26 00:00:00,-2.60092237979
2013-02-27 00:00:00,-2.60092237979
2013-02-28 00:00:00,-2.60092237979
2013-03-01 00:00:00,-2.60092237979
2013-03-02 00:00:00,-2.60092237979
2013-04-21 00:00:00,-1.39521865076
2013-04-22 00:00:00,-1.39521865076
2013-04-23 00:00:00,-1.39521865076
2013-04-24 00:00:00,-1.39521865076
2013-04-25 00:00:00,-1.39521865076
2013-04-26 00:00:00,-1.39521865076
2013-04-27 00:00:00,-1.39521865076
2013-05-12 00:00:00,-1.37249790726
2013-05-13 00:00:00,-1.37249790726
2013-05-14 00:00:00,-1.37249790726
2013-05-15 00:00:00,-1.37249790726
2013-05-16 00:00:00,-1.37249790726
2013-05-17 00:00:00,-1.37249790726
2013-05-18 00:00:00,-1.37249790726
2013-05-26 00:00:00,-1.65255839476
2013-05-27 00:00:00,-1.65255839476
2013-05-28 00:00:00,-1.65255839476
2013-05-29 00:00:00,-1.65255839476
2013-05-30 00:00:00,-1.65255839476
2013-05-31 00:00:00,-1.65255839476
2013-06-01 00:00:00,-1.65255839476
2013-06-02 00:00:00,-1.65255839476
2013-06-03 00:00:00,-1.65255839476
2013-06-04 00:00:00,-1.65255839476
2013-06-05 00:00:00,-1.65255839476
2013-06-06 00:00:00,-1.65255839476
2013-06-07 00:00:00,-1.65255839476
2013-06-08 00:00:00,-1.65255839476
2013-06-09 00:00:00,-1.65255839476
2013-06-10 00:00:00,-1.65255839476
2013-06-11 00:00:00,-1.65255839476
2013-06-12 00:00:00,-1.65255839476
2013-06-13 00:00:00,-1.65255839476
2013-06-14 00:00:00,-1.65255839476
2013-06-15 00:00:00,-1.65255839476
2013-07-21 00:00:00,-2.02082951401
2013-07-22 00:00:00,-2.02082951401
2013-07-23 00:00:00,-2.02082951401
2013-07-24 00:00:00,-2.02082951401
2013-07-25 00:00:00,-2.02082951401
2013-07-26 00:00:00,-2.02082951401
2013-07-27 00:00:00,-2.02082951401
2013-08-11 00:00:00,-1.51627107201
2013-08-12 00:00:00,-1.51627107201
2013-08-13 00:00:00,-1.51627107201
2013-08-14 00:00:00,-1.51627107201
2013-08-15 00:00:00,-1.51627107201
2013-08-16 00:00:00,-1.51627107201
2013-08-17 00:00:00,-1.51627107201
2013-09-15 00:00:00,-6.50070928331
2013-09-16 00:00:00,-6.50070928331
2013-09-17 00:00:00,-6.50070928331
2013-09-18 00:00:00,-6.50070928331
2013-09-19 00:00:00,-6.50070928331
2013-09-20 00:00:00,-6.50070928331
2013-09-21 00:00:00,-6.50070928331
2013-12-15 00:00:00,-1.38408810049
2013-12-16 00:00:00,-1.38408810049
2013-12-17 00:00:00,-1.38408810049
2013-12-18 00:00:00,-1.38408810049
2013-12-19 00:00:00,-1.38408810049
2013-12-20 00:00:00,-1.38408810049
2013-12-21 00:00:00,-1.38408810049
2013-12-22 00:00:00,-1.38408810049
2013-12-23 00:00:00,-1.38408810049
2013-12-24 00:00:00,-1.38408810049
2013-12-25 00:00:00,-1.38408810049
2013-12-26 00:00:00,-1.38408810049
2013-12-27 00:00:00,-1.38408810049
2013-12-28 00:00:00,-1.38408810049
2013-12-29 00:00:00,-1.38408810049
2013-12-30 00:00:00,-1.38408810049
2013-12-31 00:00:00,-1.38408810049
2014-01-01 00:00:00,-1.38408810049
2014-01-02 00:00:00,-1.38408810049
2014-01-03 00:00:00,-1.38408810049
2014-01-04 00:00:00,-1.38408810049
2014-05-11 00:00:00,-1.34655636794
2014-05-12 00:00:00,-1.34655636794
2014-05-13 00:00:00,-1.34655636794
2014-05-14 00:00:00,-1.34655636794
2014-05-15 00:00:00,-1.34655636794
2014-05-16 00:00:00,-1.34655636794
2014-05-17 00:00:00,-1.34655636794
2014-07-06 00:00:00,-1.5883436801
2014-07-07 00:00:00,-1.5883436801
2014-07-08 00:00:00,-1.5883436801
2014-07-09 00:00:00,-1.5883436801
2014-07-10 00:00:00,-1.5883436801
2014-07-11 00:00:00,-1.5883436801
2014-07-12 00:00:00,-1.5883436801
2014-07-13 00:00:00,-1.5883436801
2014-07-14 00:00:00,-1.5883436801
2014-07-15 00:00:00,-1.5883436801
2014-07-16 00:00:00,-1.5883436801
2014-07-17 00:00:00,-1.5883436801
2014-07-18 00:00:00,-1.5883436801
2014-07-19 00:00:00,-1.5883436801
2014-08-24 00:00:00,-1.64780630474
2014-08-25 00:00:00,-1.64780630474
2014-08-26 00:00:00,-1.64780630474
2014-08-27 00:00:00,-1.64780630474
2014-08-28 00:00:00,-1.64780630474
2014-08-29 00:00:00,-1.64780630474
2014-08-30 00:00:00,-1.64780630474
2014-08-31 00:00:00,-1.64780630474
2014-09-01 00:00:00,-1.64780630474
2014-09-02 00:00:00,-1.64780630474
2014-09-03 00:00:00,-1.64780630474
2014-09-04 00:00:00,-1.64780630474
2014-09-05 00:00:00,-1.64780630474
2014-09-06 00:00:00,-1.64780630474
2014-10-26 00:00:00,-1.92561595279
2014-10-27 00:00:00,-1.92561595279
2014-10-28 00:00:00,-1.92561595279
2014-10-29 00:00:00,-1.92561595279
2014-10-30 00:00:00,-1.92561595279
2014-10-31 00:00:00,-1.92561595279
2014-11-01 00:00:00,-1.92561595279
2015-03-01 00:00:00,-1.57605309213
2015-03-02 00:00:00,-1.57605309213
2015-03-03 00:00:00,-1.57605309213
2015-03-04 00:00:00,-1.57605309213
2015-03-05 00:00:00,-1.57605309213
2015-03-06 00:00:00,-1.57605309213
2015-03-07 00:00:00,-1.57605309213
2015-05-24 00:00:00,-2.41208131663
2015-05-25 00:00:00,-2.41208131663
2015-05-26 00:00:00,-2.41208131663
2015-05-27 00:00:00,-2.41208131663
2015-05-28 00:00:00,-2.41208131663
2015-05-29 00:00:00,-2.41208131663
2015-05-30 00:00:00,-2.41208131663
News Data
Start Date, End Date,News Source,Link,Days,Reason,Comment,Days Reported
2010-12-15,2010-12-20,The Hindu,http://www.thehindu.com/business/Economy/imported-onion-arrive-from-pakistan/article965607.ece,5,not stated,,0
2010-12-16,2010-12-20,The Hindu,http://www.thehindu.com/business/Economy/imported-onion-arrive-from-pakistan/article965607.ece,4,not stated,,0
2010-12-17,2010-12-20,The Hindu,http://www.thehindu.com/business/Economy/imported-onion-arrive-from-pakistan/article965607.ece,3,not stated,,0
2010-12-18,2010-12-20,The Hindu,http://www.thehindu.com/business/Economy/imported-onion-arrive-from-pakistan/article965607.ece,2,not stated,,0
2010-12-19,2010-12-20,The Hindu,http://www.thehindu.com/business/Economy/imported-onion-arrive-from-pakistan/article965607.ece,1,not stated,,0
2010-12-20,2010-12-20,The Hindu,http://www.thehindu.com/business/Economy/imported-onion-arrive-from-pakistan/article965607.ece,0,not stated,,0
2010-12-21,2010-12-20,The Hindu,http://www.thehindu.com/business/Economy/imported-onion-arrive-from-pakistan/article965607.ece,-1,not stated,,0
2010-12-22,2010-12-20,The Hindu,http://www.thehindu.com/business/Economy/imported-onion-arrive-from-pakistan/article965607.ece,-2,not stated,,0
2010-12-23,2010-12-20,The Hindu,http://www.thehindu.com/business/Economy/imported-onion-arrive-from-pakistan/article965607.ece,-3,not stated,,0
2010-12-24,2010-12-20,The Hindu,http://www.thehindu.com/business/Economy/imported-onion-arrive-from-pakistan/article965607.ece,-4,not stated,,0
2010-12-25,2010-12-20,The Hindu,http://www.thehindu.com/business/Economy/imported-onion-arrive-from-pakistan/article965607.ece,-5,not stated,,0
2010-12-26,2010-12-21,The Economic Times,http://articles.economictimes.indiatimes.com/2010-12-21/news/27586208_1_minimum-export-price-onion-prices-mep,-5,traders nexus,,0
2010-12-27,2010-12-22,NDTV,http://www.ndtv.com/india-news/why-onion-prices-are-so-high-442629,-5,unseasonal rainfall,,7
2010-12-28,2010-12-23,The Times of India,http://timesofindia.indiatimes.com/city/pune/Onion-prices-still-leave-consumers-teary-eyed/articleshow/7147525.cms,-5,unseasonal rainfall,,0
2010-12-29,2010-12-24,Business Standard,http://www.business-standard.com/article/economy-policy/wholesale-onion-prices-slide-20-in-lasalgaon-manmad-110122400137_1.html,-5,not stated,Prices went down, but for good quality prices went high,None
2010-12-30,2011-01-03,NDTV,http://www.ndtv.com/mumbai-news/mumbai-trader-sells-onions-at-rs-12-per-kg-443770,4,not stated,,0
2010-12-31,2011-01-03,NDTV,http://www.ndtv.com/mumbai-news/mumbai-trader-sells-onions-at-rs-12-per-kg-443770,3,not stated,,0
2011-01-01,2011-01-03,NDTV,http://www.ndtv.com/mumbai-news/mumbai-trader-sells-onions-at-rs-12-per-kg-443770,2,not stated,,0
2013-07-21,2013-07-17,The Times of India,http://timesofindia.indiatimes.com/business/india-business/Onion-prices-at-two-and-a-half-year-high/articleshow/21125776.cms,-4,unseasonal rainfall,no,None
2013-07-22,2013-07-17,The Times of India,http://timesofindia.indiatimes.com/business/india-business/Onion-prices-at-two-and-a-half-year-high/articleshow/21125776.cms,-5,unseasonal rainfall,no,None
2013-07-23,2013-07-23,The Times of India,http://timesofindia.indiatimes.com/business/india-business/Onion-prices-more-than-double-to-Rs-36-40/kg-in-metros/articleshow/21272374.cms,0,low production,,0
2013-07-24,2013-07-23,The Times of India,http://timesofindia.indiatimes.com/business/india-business/Onion-prices-more-than-double-to-Rs-36-40/kg-in-metros/articleshow/21272374.cms,-1,low production,,0
2013-07-25,2013-07-23,The Times of India,http://timesofindia.indiatimes.com/business/india-business/Onion-prices-more-than-double-to-Rs-36-40/kg-in-metros/articleshow/21272374.cms,-2,low production,,0
2013-07-26,2013-07-23,The Times of India,http://timesofindia.indiatimes.com/business/india-business/Onion-prices-more-than-double-to-Rs-36-40/kg-in-metros/articleshow/21272374.cms,-3,low production,,0
2013-07-27,2013-07-23,The Times of India,http://timesofindia.indiatimes.com/business/india-business/Onion-prices-more-than-double-to-Rs-36-40/kg-in-metros/articleshow/21272374.cms,-4,low production,,0
2013-08-11,2013-08-06,The Hindu,http://www.thehindu.com/news/cities/Delhi/onion-prices-bring-tears-yet-again/article4995124.ece,-5,low production,Even Hoaders are responsible to some extent,0
2013-08-12,2013-08-11,DNA,http://www.dnaindia.com/india/report-onion-prices-rise-to-rs-55-60kg-hike-bring-tears-in-eyes-of-people-1873151,-1,low production,,10
2013-08-13,2013-08-11,DNA,http://www.dnaindia.com/india/report-onion-prices-rise-to-rs-55-60kg-hike-bring-tears-in-eyes-of-people-1873151,-2,low production,,10
2013-08-14,2013-08-11,DNA,http://www.dnaindia.com/india/report-onion-prices-rise-to-rs-55-60kg-hike-bring-tears-in-eyes-of-people-1873151,-3,low production,,10
2013-08-15,2013-08-11,DNA,http://www.dnaindia.com/india/report-onion-prices-rise-to-rs-55-60kg-hike-bring-tears-in-eyes-of-people-1873151,-4,low production,,10
2013-08-16,2013-08-11,DNA,http://www.dnaindia.com/india/report-onion-prices-rise-to-rs-55-60kg-hike-bring-tears-in-eyes-of-people-1873151,-5,low production,,10
2013-08-17,2013-08-13,Telegraph,http://www.telegraphindia.com/1130813/jsp/odisha/story_17226115.jsp,-4,low supply,,30
2013-09-15,2013-09-15,Business Standard,http://www.business-standard.com/article/current-affairs/imported-onion-from-egypt-hits-indian-ports-prices-to-cool-113091500607_1.html,0,low supply,,7
2013-09-16,2013-09-15,Business Standard,http://www.business-standard.com/article/current-affairs/imported-onion-from-egypt-hits-indian-ports-prices-to-cool-113091500607_1.html,-1,low supply,,7
2013-09-17,2013-09-15,Business Standard,http://www.business-standard.com/article/current-affairs/imported-onion-from-egypt-hits-indian-ports-prices-to-cool-113091500607_1.html,-2,low supply,,7
2013-09-18,2013-09-15,Business Standard,http://www.business-standard.com/article/current-affairs/imported-onion-from-egypt-hits-indian-ports-prices-to-cool-113091500607_1.html,-3,low supply,,7
2013-09-19,2013-09-15,Business Standard,http://www.business-standard.com/article/current-affairs/imported-onion-from-egypt-hits-indian-ports-prices-to-cool-113091500607_1.html,-4,low supply,,7
2013-09-20,2013-09-15,Business Standard,http://www.business-standard.com/article/current-affairs/imported-onion-from-egypt-hits-indian-ports-prices-to-cool-113091500607_1.html,-5,low supply,,7
2013-09-21,2013-09-16,Business Standard,http://www.business-standard.com/article/markets/onion-prices-rise-despite-arrival-of-imported-stock-113091600861_1.html,-5,low supply,no,None
2013-12-15,2013-12-13,The Economic Times,http://articles.economictimes.indiatimes.com/2015-09-11/news/66434886_1_lasalgaon-apmc-onion-prices-onion-exporters-association,-2,not stated,no,None
2013-12-16,2013-12-13,The Economic Times,http://articles.economictimes.indiatimes.com/2015-09-11/news/66434886_1_lasalgaon-apmc-onion-prices-onion-exporters-association,-3,not stated,no,None
2013-12-17,2013-12-13,The Economic Times,http://articles.economictimes.indiatimes.com/2015-09-11/news/66434886_1_lasalgaon-apmc-onion-prices-onion-exporters-association,-4,not stated,no,None
2013-12-18,2013-12-13,The Economic Times,http://articles.economictimes.indiatimes.com/2015-09-11/news/66434886_1_lasalgaon-apmc-onion-prices-onion-exporters-association,-5,not stated,no,None
2014-05-11,2014-05-12,Business Standard,http://www.business-standard.com/article/markets/onion-spot-prices-soar-31-in-2-days-likely-to-stay-high-114051200815_1.html,1,unseasonal rainfall,,2
2014-05-12,2014-05-12,Business Standard,http://www.business-standard.com/article/markets/onion-spot-prices-soar-31-in-2-days-likely-to-stay-high-114051200815_1.html,0,unseasonal rainfall,,2
2014-05-13,2014-05-12,Business Standard,http://www.business-standard.com/article/markets/onion-spot-prices-soar-31-in-2-days-likely-to-stay-high-114051200815_1.html,-1,unseasonal rainfall,,2
2014-05-14,2014-05-12,Business Standard,http://www.business-standard.com/article/markets/onion-spot-prices-soar-31-in-2-days-likely-to-stay-high-114051200815_1.html,-2,unseasonal rainfall,,2
2014-05-15,2014-05-12,Business Standard,http://www.business-standard.com/article/markets/onion-spot-prices-soar-31-in-2-days-likely-to-stay-high-114051200815_1.html,-3,unseasonal rainfall,,2
2014-05-16,2014-05-12,Business Standard,http://www.business-standard.com/article/markets/onion-spot-prices-soar-31-in-2-days-likely-to-stay-high-114051200815_1.html,-4,unseasonal rainfall,,2
2014-05-17,2014-05-12,Business Standard,http://www.business-standard.com/article/markets/onion-spot-prices-soar-31-in-2-days-likely-to-stay-high-114051200815_1.html,-5,unseasonal rainfall,,2
2014-07-06,2014-07-01,NDTV,http://www.ndtv.com/cheat-sheet/poor-rainfall-could-cause-drought-like-conditions-in-parts-of-west-india-agriculture-minister-582801,-5,not stated,50% hike,7
2014-07-07,2014-07-02,The Times of India,http://timesofindia.indiatimes.com/business/india-business/Govt-hikes-minimum-export-price-of-onion-to-US-500-per-tonne/articleshow/37630139.cms,-5,prediction of delayed monsoon,no,30
2014-07-08,2014-07-03,The Economic Times,http://articles.economictimes.indiatimes.com/2014-07-03/news/51057542_1_stock-limits-onions-ravi-shankar-prasad,-5,traders nexus,,0
2014-07-09,2014-07-13,The Times of India,http://timesofindia.indiatimes.com/india/Govt-to-check-onion-prices-with-imports/articleshow/38282324.cms,4,low production,,30
2014-07-10,2014-07-13,The Times of India,http://timesofindia.indiatimes.com/india/Govt-to-check-onion-prices-with-imports/articleshow/38282324.cms,3,low production,,30
2014-07-11,2014-07-13,The Times of India,http://timesofindia.indiatimes.com/india/Govt-to-check-onion-prices-with-imports/articleshow/38282324.cms,2,low production,,30
2014-07-12,2014-07-13,The Times of India,http://timesofindia.indiatimes.com/india/Govt-to-check-onion-prices-with-imports/articleshow/38282324.cms,1,low production,,30
2014-07-13,2014-07-13,The Times of India,http://timesofindia.indiatimes.com/india/Govt-to-check-onion-prices-with-imports/articleshow/38282324.cms,0,low production,,30
2014-07-14,2014-07-13,The Times of India,http://timesofindia.indiatimes.com/india/Govt-to-check-onion-prices-with-imports/articleshow/38282324.cms,-1,low production,,30
2014-07-15,2014-07-13,The Times of India,http://timesofindia.indiatimes.com/india/Govt-to-check-onion-prices-with-imports/articleshow/38282324.cms,-2,low production,,30
2014-07-16,2014-07-13,The Times of India,http://timesofindia.indiatimes.com/india/Govt-to-check-onion-prices-with-imports/articleshow/38282324.cms,-3,low production,,30
2014-07-17,2014-07-13,The Times of India,http://timesofindia.indiatimes.com/india/Govt-to-check-onion-prices-with-imports/articleshow/38282324.cms,-4,low production,,30
2014-07-18,2014-07-13,The Times of India,http://timesofindia.indiatimes.com/india/Govt-to-check-onion-prices-with-imports/articleshow/38282324.cms,-5,low production,,30
2014-07-19,2014-07-15,First Post,http://www.firstpost.com/india/why-modi-sarkaar-should-ready-itself-for-another-fight-with-inflation-1619551.html,-4,not stated,Title : Why Modi sarkaar should ready itself for another fight with inflation , but stated that onion prices are high as compared to last year,30
Correlation Result:::
Date,Value
2006-01-01 00:00:00,0.68193047815
2006-01-02 00:00:00,0.68193047815
2006-01-03 00:00:00,0.68193047815
2006-01-04 00:00:00,0.68193047815
2006-01-05 00:00:00,0.68193047815
2006-01-06 00:00:00,0.68193047815
2006-01-07 00:00:00,0.68193047815
2006-01-08 00:00:00,0.68193047815
2006-01-09 00:00:00,0.68193047815
2006-01-10 00:00:00,0.68193047815
2006-01-11 00:00:00,0.68193047815
2006-01-12 00:00:00,0.68193047815
2006-01-13 00:00:00,0.68193047815
2006-01-14 00:00:00,0.68193047815
2006-01-15 00:00:00,0.68193047815
2006-03-02 00:00:00,0.896495195203
2006-03-03 00:00:00,0.896495195203
2006-03-04 00:00:00,0.896495195203
2006-03-05 00:00:00,0.896495195203
2006-03-06 00:00:00,0.896495195203
2006-03-07 00:00:00,0.896495195203
2006-03-08 00:00:00,0.896495195203
2006-03-09 00:00:00,0.896495195203
2006-03-10 00:00:00,0.896495195203
2006-03-11 00:00:00,0.896495195203
2006-03-12 00:00:00,0.896495195203
2006-03-13 00:00:00,0.896495195203
2006-03-14 00:00:00,0.896495195203
2006-03-15 00:00:00,0.896495195203
2006-03-16 00:00:00,0.896495195203
2006-03-17 00:00:00,0.896495195203
2006-03-18 00:00:00,0.896495195203
2006-03-19 00:00:00,0.896495195203
2006-03-20 00:00:00,0.896495195203
2006-03-21 00:00:00,0.896495195203
2006-03-22 00:00:00,0.896495195203
2006-03-23 00:00:00,0.896495195203
2006-03-24 00:00:00,0.896495195203
2006-03-25 00:00:00,0.896495195203
2006-03-26 00:00:00,0.896495195203
2006-03-27 00:00:00,0.896495195203
2006-03-28 00:00:00,0.896495195203
2006-03-29 00:00:00,0.896495195203
2006-03-30 00:00:00,0.896495195203
2006-03-31 00:00:00,0.896495195203
2006-04-01 00:00:00,0.896495195203
2006-04-02 00:00:00,0.896495195203
2006-04-03 00:00:00,0.896495195203
2006-04-04 00:00:00,0.896495195203
2006-04-05 00:00:00,0.896495195203
2006-04-06 00:00:00,0.896495195203
2006-04-07 00:00:00,0.896495195203
2006-04-08 00:00:00,0.896495195203
2006-04-09 00:00:00,0.896495195203
2006-04-10 00:00:00,0.896495195203
2006-04-11 00:00:00,0.896495195203
2006-04-12 00:00:00,0.896495195203
2006-04-13 00:00:00,0.896495195203
2006-04-14 00:00:00,0.896495195203
2006-04-15 00:00:00,0.896495195203
2006-04-16 00:00:00,0.896495195203
2006-04-17 00:00:00,0.896495195203
2006-04-18 00:00:00,0.896495195203
2006-04-19 00:00:00,0.896495195203
2006-04-20 00:00:00,0.896495195203
2006-04-21 00:00:00,0.896495195203
2006-04-22 00:00:00,0.896495195203
2006-04-23 00:00:00,0.896495195203
2006-04-24 00:00:00,0.896495195203
2006-04-25 00:00:00,0.896495195203
2006-04-26 00:00:00,0.896495195203
2006-04-27 00:00:00,0.896495195203
2006-04-28 00:00:00,0.896495195203
2006-04-29 00:00:00,0.896495195203
2006-04-30 00:00:00,0.896495195203
2006-05-01 00:00:00,0.896495195203
2006-05-02 00:00:00,0.896495195203
2006-05-03 00:00:00,0.896495195203
2006-05-04 00:00:00,0.896495195203
2006-05-05 00:00:00,0.896495195203
2006-05-06 00:00:00,0.896495195203
2006-05-07 00:00:00,0.896495195203
2006-05-08 00:00:00,0.896495195203
2006-05-09 00:00:00,0.896495195203
2006-05-10 00:00:00,0.896495195203
2006-05-11 00:00:00,0.896495195203
2006-05-12 00:00:00,0.896495195203
2006-05-13 00:00:00,0.896495195203
2006-05-14 00:00:00,0.896495195203
2006-05-15 00:00:00,0.896495195203
2006-05-16 00:00:00,0.896495195203
2006-05-17 00:00:00,0.896495195203
2006-05-18 00:00:00,0.896495195203
2006-05-19 00:00:00,0.896495195203
2006-05-20 00:00:00,0.896495195203
2006-05-21 00:00:00,0.896495195203
2006-05-22 00:00:00,0.896495195203
2006-05-23 00:00:00,0.896495195203
2006-05-24 00:00:00,0.896495195203
2006-05-25 00:00:00,0.896495195203
2006-05-26 00:00:00,0.896495195203
2006-05-27 00:00:00,0.896495195203
2006-05-28 00:00:00,0.896495195203
2006-05-29 00:00:00,0.896495195203
2006-05-30 00:00:00,0.896495195203
2006-06-30 00:00:00,0.807574344346
2006-07-01 00:00:00,0.807574344346
2006-07-02 00:00:00,0.807574344346
2006-07-03 00:00:00,0.807574344346
2006-07-04 00:00:00,0.807574344346
2006-07-05 00:00:00,0.807574344346
2006-07-06 00:00:00,0.807574344346
2006-07-07 00:00:00,0.807574344346
2006-07-08 00:00:00,0.807574344346
2006-07-09 00:00:00,0.807574344346
2006-07-10 00:00:00,0.807574344346
2006-07-11 00:00:00,0.807574344346
2006-07-12 00:00:00,0.807574344346
2006-07-13 00:00:00,0.807574344346
2006-07-14 00:00:00,0.807574344346
2006-07-15 00:00:00,0.807574344346
2006-07-16 00:00:00,0.807574344346
2006-07-17 00:00:00,0.807574344346
2006-07-18 00:00:00,0.807574344346
2006-07-19 00:00:00,0.807574344346
2006-07-20 00:00:00,0.807574344346
2006-07-21 00:00:00,0.807574344346
2006-07-22 00:00:00,0.807574344346
2006-07-23 00:00:00,0.807574344346
2006-07-24 00:00:00,0.807574344346
2006-07-25 00:00:00,0.807574344346
2006-07-26 00:00:00,0.807574344346
2006-07-27 00:00:00,0.807574344346
2006-07-28 00:00:00,0.807574344346
2006-07-29 00:00:00,0.807574344346
2006-08-14 00:00:00,0.694091450553
2006-08-15 00:00:00,0.694091450553
2006-08-16 00:00:00,0.694091450553
2006-08-17 00:00:00,0.694091450553
2006-08-18 00:00:00,0.694091450553
2006-08-19 00:00:00,0.694091450553
2006-08-20 00:00:00,0.694091450553
2006-08-21 00:00:00,0.694091450553
2006-08-22 00:00:00,0.694091450553
2006-08-23 00:00:00,0.694091450553
2006-08-24 00:00:00,0.694091450553
2006-08-25 00:00:00,0.694091450553
2006-08-26 00:00:00,0.694091450553
2006-08-27 00:00:00,0.694091450553
2006-08-28 00:00:00,0.694091450553
2006-09-13 00:00:00,0.848294599917
2006-09-14 00:00:00,0.848294599917
2006-09-15 00:00:00,0.848294599917
2006-09-16 00:00:00,0.848294599917
2006-09-17 00:00:00,0.848294599917
2006-09-18 00:00:00,0.848294599917
2006-09-19 00:00:00,0.848294599917
2006-09-20 00:00:00,0.848294599917
2006-09-21 00:00:00,0.848294599917
2006-09-22 00:00:00,0.848294599917
2006-09-23 00:00:00,0.848294599917
2006-09-24 00:00:00,0.848294599917
2006-09-25 00:00:00,0.848294599917
2006-09-26 00:00:00,0.848294599917
2006-09-27 00:00:00,0.848294599917
2006-09-28 00:00:00,0.848294599917
2006-09-29 00:00:00,0.848294599917
2006-09-30 00:00:00,0.848294599917
2006-10-01 00:00:00,0.848294599917
2006-10-02 00:00:00,0.848294599917
2006-10-03 00:00:00,0.848294599917
2006-10-04 00:00:00,0.848294599917
2006-10-05 00:00:00,0.848294599917
2006-10-06 00:00:00,0.848294599917
2006-10-07 00:00:00,0.848294599917
2006-10-08 00:00:00,0.848294599917
2006-10-09 00:00:00,0.848294599917
2006-10-10 00:00:00,0.848294599917
2006-10-11 00:00:00,0.848294599917
2006-10-12 00:00:00,0.848294599917
2006-10-13 00:00:00,0.848294599917
2006-10-14 00:00:00,0.848294599917
2006-10-15 00:00:00,0.848294599917
2006-10-16 00:00:00,0.848294599917
2006-10-17 00:00:00,0.848294599917
2006-10-18 00:00:00,0.848294599917
2006-10-19 00:00:00,0.848294599917
2006-10-20 00:00:00,0.848294599917
2006-10-21 00:00:00,0.848294599917
2006-10-22 00:00:00,0.848294599917
2006-10-23 00:00:00,0.848294599917
2006-10-24 00:00:00,0.848294599917
2006-10-25 00:00:00,0.848294599917
2006-10-26 00:00:00,0.848294599917
2006-10-27 00:00:00,0.848294599917
2006-11-27 00:00:00,0.919128164493
2006-11-28 00:00:00,0.919128164493
2006-11-29 00:00:00,0.919128164493
2006-11-30 00:00:00,0.919128164493
2006-12-01 00:00:00,0.919128164493
2006-12-02 00:00:00,0.919128164493
2006-12-03 00:00:00,0.919128164493
2006-12-04 00:00:00,0.919128164493
2006-12-05 00:00:00,0.919128164493
2006-12-06 00:00:00,0.919128164493
2006-12-07 00:00:00,0.919128164493
2006-12-08 00:00:00,0.919128164493
2006-12-09 00:00:00,0.919128164493
2006-12-10 00:00:00,0.919128164493
2006-12-11 00:00:00,0.919128164493
2006-12-27 00:00:00,0.82170096185
2006-12-28 00:00:00,0.82170096185
2006-12-29 00:00:00,0.82170096185
2006-12-30 00:00:00,0.82170096185
2006-12-31 00:00:00,0.82170096185
2007-01-01 00:00:00,0.82170096185
2007-01-02 00:00:00,0.82170096185
2007-01-03 00:00:00,0.82170096185
2007-01-04 00:00:00,0.82170096185
2007-01-05 00:00:00,0.82170096185
2007-01-06 00:00:00,0.82170096185
2007-01-07 00:00:00,0.82170096185
2007-01-08 00:00:00,0.82170096185
2007-01-09 00:00:00,0.82170096185
2007-01-10 00:00:00,0.82170096185
2007-01-11 00:00:00,0.82170096185
2007-01-12 00:00:00,0.82170096185
2007-01-13 00:00:00,0.82170096185
2007-01-14 00:00:00,0.82170096185
2007-01-15 00:00:00,0.82170096185
2007-01-16 00:00:00,0.82170096185
2007-01-17 00:00:00,0.82170096185
2007-01-18 00:00:00,0.82170096185
2007-01-19 00:00:00,0.82170096185
2007-01-20 00:00:00,0.82170096185
2007-01-21 00:00:00,0.82170096185
2007-01-22 00:00:00,0.82170096185
2007-01-23 00:00:00,0.82170096185
2007-01-24 00:00:00,0.82170096185
2007-01-25 00:00:00,0.82170096185
2007-02-10 00:00:00,0.773135992524
2007-02-11 00:00:00,0.773135992524
2007-02-12 00:00:00,0.773135992524
2007-02-13 00:00:00,0.773135992524
2007-02-14 00:00:00,0.773135992524
2007-02-15 00:00:00,0.773135992524
2007-02-16 00:00:00,0.773135992524
2007-02-17 00:00:00,0.773135992524
2007-02-18 00:00:00,0.773135992524
2007-02-19 00:00:00,0.773135992524
2007-02-20 00:00:00,0.773135992524
2007-02-21 00:00:00,0.773135992524
2007-02-22 00:00:00,0.773135992524
2007-02-23 00:00:00,0.773135992524
2007-02-24 00:00:00,0.773135992524
2007-02-25 00:00:00,0.773135992524
2007-02-26 00:00:00,0.773135992524
2007-02-27 00:00:00,0.773135992524
2007-02-28 00:00:00,0.773135992524
2007-03-01 00:00:00,0.773135992524
2007-03-02 00:00:00,0.773135992524
2007-03-03 00:00:00,0.773135992524
2007-03-04 00:00:00,0.773135992524
2007-03-05 00:00:00,0.773135992524
2007-03-06 00:00:00,0.773135992524
2007-03-07 00:00:00,0.773135992524
2007-03-08 00:00:00,0.773135992524
2007-03-09 00:00:00,0.773135992524
2007-03-10 00:00:00,0.773135992524
2007-03-11 00:00:00,0.773135992524
2007-04-11 00:00:00,0.514418895207
2007-04-12 00:00:00,0.514418895207
2007-04-13 00:00:00,0.514418895207
2007-04-14 00:00:00,0.514418895207
2007-04-15 00:00:00,0.514418895207
2007-04-16 00:00:00,0.514418895207
2007-04-17 00:00:00,0.514418895207
2007-04-18 00:00:00,0.514418895207
2007-04-19 00:00:00,0.514418895207
2007-04-20 00:00:00,0.514418895207
2007-04-21 00:00:00,0.514418895207
2007-04-22 00:00:00,0.514418895207
2007-04-23 00:00:00,0.514418895207
2007-04-24 00:00:00,0.514418895207
2007-04-25 00:00:00,0.514418895207
2007-05-11 00:00:00,0.896293285516
2007-05-12 00:00:00,0.896293285516
2007-05-13 00:00:00,0.896293285516
2007-05-14 00:00:00,0.896293285516
2007-05-15 00:00:00,0.896293285516
2007-05-16 00:00:00,0.896293285516
2007-05-17 00:00:00,0.896293285516
2007-05-18 00:00:00,0.896293285516
2007-05-19 00:00:00,0.896293285516
2007-05-20 00:00:00,0.896293285516
2007-05-21 00:00:00,0.896293285516
2007-05-22 00:00:00,0.896293285516
2007-05-23 00:00:00,0.896293285516
2007-05-24 00:00:00,0.896293285516
2007-05-25 00:00:00,0.896293285516
2007-05-26 00:00:00,0.896293285516
2007-05-27 00:00:00,0.896293285516
2007-05-28 00:00:00,0.896293285516
2007-05-29 00:00:00,0.896293285516
2007-05-30 00:00:00,0.896293285516
2007-05-31 00:00:00,0.896293285516
2007-06-01 00:00:00,0.896293285516
2007-06-02 00:00:00,0.896293285516
2007-06-03 00:00:00,0.896293285516
2007-06-04 00:00:00,0.896293285516
2007-06-05 00:00:00,0.896293285516
2007-06-06 00:00:00,0.896293285516
2007-06-07 00:00:00,0.896293285516
2007-06-08 00:00:00,0.896293285516
2007-06-09 00:00:00,0.896293285516
2007-06-10 00:00:00,0.896293285516
2007-06-11 00:00:00,0.896293285516
2007-06-12 00:00:00,0.896293285516
2007-06-13 00:00:00,0.896293285516
2007-06-14 00:00:00,0.896293285516
2007-06-15 00:00:00,0.896293285516
2007-06-16 00:00:00,0.896293285516
2007-06-17 00:00:00,0.896293285516
2007-06-18 00:00:00,0.896293285516
2007-06-19 00:00:00,0.896293285516
2007-06-20 00:00:00,0.896293285516
2007-06-21 00:00:00,0.896293285516
2007-06-22 00:00:00,0.896293285516
2007-06-23 00:00:00,0.896293285516
2007-06-24 00:00:00,0.896293285516
2007-07-25 00:00:00,0.53988216702
2007-07-26 00:00:00,0.53988216702
2007-07-27 00:00:00,0.53988216702
2007-07-28 00:00:00,0.53988216702
2007-07-29 00:00:00,0.53988216702
2007-07-30 00:00:00,0.53988216702
2007-07-31 00:00:00,0.53988216702
2007-08-01 00:00:00,0.53988216702
2007-08-02 00:00:00,0.53988216702
2007-08-03 00:00:00,0.53988216702
2007-08-04 00:00:00,0.53988216702
2007-08-05 00:00:00,0.53988216702
2007-08-06 00:00:00,0.53988216702
2007-08-07 00:00:00,0.53988216702
2007-08-08 00:00:00,0.53988216702
2007-08-24 00:00:00,0.852774639762
2007-08-25 00:00:00,0.852774639762
2007-08-26 00:00:00,0.852774639762
2007-08-27 00:00:00,0.852774639762
2007-08-28 00:00:00,0.852774639762
2007-08-29 00:00:00,0.852774639762
2007-08-30 00:00:00,0.852774639762
2007-08-31 00:00:00,0.852774639762
2007-09-01 00:00:00,0.852774639762
2007-09-02 00:00:00,0.852774639762
2007-09-03 00:00:00,0.852774639762
2007-09-04 00:00:00,0.852774639762
2007-09-05 00:00:00,0.852774639762
2007-09-06 00:00:00,0.852774639762
2007-09-07 00:00:00,0.852774639762
2007-09-08 00:00:00,0.852774639762
2007-09-09 00:00:00,0.852774639762
2007-09-10 00:00:00,0.852774639762
2007-09-11 00:00:00,0.852774639762
2007-09-12 00:00:00,0.852774639762
2007-09-13 00:00:00,0.852774639762
2007-09-14 00:00:00,0.852774639762
2007-09-15 00:00:00,0.852774639762
2007-09-16 00:00:00,0.852774639762
2007-09-17 00:00:00,0.852774639762
2007-09-18 00:00:00,0.852774639762
2007-09-19 00:00:00,0.852774639762
2007-09-20 00:00:00,0.852774639762
2007-09-21 00:00:00,0.852774639762
2007-09-22 00:00:00,0.852774639762
2007-10-23 00:00:00,0.565092313537
2007-10-24 00:00:00,0.565092313537
2007-10-25 00:00:00,0.565092313537
2007-10-26 00:00:00,0.565092313537
2007-10-27 00:00:00,0.565092313537
2007-10-28 00:00:00,0.565092313537
2007-10-29 00:00:00,0.565092313537
2007-10-30 00:00:00,0.565092313537
2007-10-31 00:00:00,0.565092313537
2007-11-01 00:00:00,0.565092313537
2007-11-02 00:00:00,0.565092313537
2007-11-03 00:00:00,0.565092313537
2007-11-04 00:00:00,0.565092313537
2007-11-05 00:00:00,0.565092313537
2007-11-06 00:00:00,0.565092313537
2007-12-07 00:00:00,0.869132219615
2007-12-08 00:00:00,0.869132219615
2007-12-09 00:00:00,0.869132219615
2007-12-10 00:00:00,0.869132219615
2007-12-11 00:00:00,0.869132219615
2007-12-12 00:00:00,0.869132219615
2007-12-13 00:00:00,0.869132219615
2007-12-14 00:00:00,0.869132219615
2007-12-15 00:00:00,0.869132219615
2007-12-16 00:00:00,0.869132219615
2007-12-17 00:00:00,0.869132219615
2007-12-18 00:00:00,0.869132219615
2007-12-19 00:00:00,0.869132219615
2007-12-20 00:00:00,0.869132219615
2007-12-21 00:00:00,0.869132219615
2008-01-06 00:00:00,0.667679775399
2008-01-07 00:00:00,0.667679775399
2008-01-08 00:00:00,0.667679775399
2008-01-09 00:00:00,0.667679775399
2008-01-10 00:00:00,0.667679775399
2008-01-11 00:00:00,0.667679775399
2008-01-12 00:00:00,0.667679775399
2008-01-13 00:00:00,0.667679775399
2008-01-14 00:00:00,0.667679775399
2008-01-15 00:00:00,0.667679775399
2008-01-16 00:00:00,0.667679775399
2008-01-17 00:00:00,0.667679775399
2008-01-18 00:00:00,0.667679775399
2008-01-19 00:00:00,0.667679775399
2008-01-20 00:00:00,0.667679775399
2008-03-06 00:00:00,0.747001221178
2008-03-07 00:00:00,0.747001221178
2008-03-08 00:00:00,0.747001221178
2008-03-09 00:00:00,0.747001221178
2008-03-10 00:00:00,0.747001221178
2008-03-11 00:00:00,0.747001221178
2008-03-12 00:00:00,0.747001221178
2008-03-13 00:00:00,0.747001221178
2008-03-14 00:00:00,0.747001221178
2008-03-15 00:00:00,0.747001221178
2008-03-16 00:00:00,0.747001221178
2008-03-17 00:00:00,0.747001221178
2008-03-18 00:00:00,0.747001221178
2008-03-19 00:00:00,0.747001221178
2008-03-20 00:00:00,0.747001221178
2008-04-05 00:00:00,0.673911113551
2008-04-06 00:00:00,0.673911113551
2008-04-07 00:00:00,0.673911113551
2008-04-08 00:00:00,0.673911113551
2008-04-09 00:00:00,0.673911113551
2008-04-10 00:00:00,0.673911113551
2008-04-11 00:00:00,0.673911113551
2008-04-12 00:00:00,0.673911113551
2008-04-13 00:00:00,0.673911113551
2008-04-14 00:00:00,0.673911113551
2008-04-15 00:00:00,0.673911113551
2008-04-16 00:00:00,0.673911113551
2008-04-17 00:00:00,0.673911113551
2008-04-18 00:00:00,0.673911113551
2008-04-19 00:00:00,0.673911113551
2008-05-05 00:00:00,0.753304985241
2008-05-06 00:00:00,0.753304985241
2008-05-07 00:00:00,0.753304985241
2008-05-08 00:00:00,0.753304985241
2008-05-09 00:00:00,0.753304985241
2008-05-10 00:00:00,0.753304985241
2008-05-11 00:00:00,0.753304985241
2008-05-12 00:00:00,0.753304985241
2008-05-13 00:00:00,0.753304985241
2008-05-14 00:00:00,0.753304985241
2008-05-15 00:00:00,0.753304985241
2008-05-16 00:00:00,0.753304985241
2008-05-17 00:00:00,0.753304985241
2008-05-18 00:00:00,0.753304985241
2008-05-19 00:00:00,0.753304985241
2008-06-04 00:00:00,0.891316522405
2008-06-05 00:00:00,0.891316522405
2008-06-06 00:00:00,0.891316522405
2008-06-07 00:00:00,0.891316522405
2008-06-08 00:00:00,0.891316522405
2008-06-09 00:00:00,0.891316522405
2008-06-10 00:00:00,0.891316522405
2008-06-11 00:00:00,0.891316522405
2008-06-12 00:00:00,0.891316522405
2008-06-13 00:00:00,0.891316522405
2008-06-14 00:00:00,0.891316522405
2008-06-15 00:00:00,0.891316522405
2008-06-16 00:00:00,0.891316522405
2008-06-17 00:00:00,0.891316522405
2008-06-18 00:00:00,0.891316522405
2008-07-04 00:00:00,0.706702790177
2008-07-05 00:00:00,0.706702790177
2008-07-06 00:00:00,0.706702790177
2008-07-07 00:00:00,0.706702790177
2008-07-08 00:00:00,0.706702790177
2008-07-09 00:00:00,0.706702790177
2008-07-10 00:00:00,0.706702790177
2008-07-11 00:00:00,0.706702790177
2008-07-12 00:00:00,0.706702790177
2008-07-13 00:00:00,0.706702790177
2008-07-14 00:00:00,0.706702790177
2008-07-15 00:00:00,0.706702790177
2008-07-16 00:00:00,0.706702790177
2008-07-17 00:00:00,0.706702790177
2008-07-18 00:00:00,0.706702790177
2008-07-19 00:00:00,0.706702790177
2008-07-20 00:00:00,0.706702790177
2008-07-21 00:00:00,0.706702790177
2008-07-22 00:00:00,0.706702790177
2008-07-23 00:00:00,0.706702790177
2008-07-24 00:00:00,0.706702790177
2008-07-25 00:00:00,0.706702790177
2008-07-26 00:00:00,0.706702790177
2008-07-27 00:00:00,0.706702790177
2008-07-28 00:00:00,0.706702790177
2008-07-29 00:00:00,0.706702790177
2008-07-30 00:00:00,0.706702790177
2008-07-31 00:00:00,0.706702790177
2008-08-01 00:00:00,0.706702790177
2008-08-02 00:00:00,0.706702790177
2008-09-02 00:00:00,0.833808139425
2008-09-03 00:00:00,0.833808139425
2008-09-04 00:00:00,0.833808139425
2008-09-05 00:00:00,0.833808139425
2008-09-06 00:00:00,0.833808139425
2008-09-07 00:00:00,0.833808139425
2008-09-08 00:00:00,0.833808139425
2008-09-09 00:00:00,0.833808139425
2008-09-10 00:00:00,0.833808139425
2008-09-11 00:00:00,0.833808139425
2008-09-12 00:00:00,0.833808139425
2008-09-13 00:00:00,0.833808139425
2008-09-14 00:00:00,0.833808139425
2008-09-15 00:00:00,0.833808139425
2008-09-16 00:00:00,0.833808139425
2008-10-17 00:00:00,0.937331444815
2008-10-18 00:00:00,0.937331444815
2008-10-19 00:00:00,0.937331444815
2008-10-20 00:00:00,0.937331444815
2008-10-21 00:00:00,0.937331444815
2008-10-22 00:00:00,0.937331444815
2008-10-23 00:00:00,0.937331444815
2008-10-24 00:00:00,0.937331444815
2008-10-25 00:00:00,0.937331444815
2008-10-26 00:00:00,0.937331444815
2008-10-27 00:00:00,0.937331444815
2008-10-28 00:00:00,0.937331444815
2008-10-29 00:00:00,0.937331444815
2008-10-30 00:00:00,0.937331444815
2008-10-31 00:00:00,0.937331444815
2008-11-01 00:00:00,0.937331444815
2008-11-02 00:00:00,0.937331444815
2008-11-03 00:00:00,0.937331444815
2008-11-04 00:00:00,0.937331444815
2008-11-05 00:00:00,0.937331444815
2008-11-06 00:00:00,0.937331444815
2008-11-07 00:00:00,0.937331444815
2008-11-08 00:00:00,0.937331444815
2008-11-09 00:00:00,0.937331444815
2008-11-10 00:00:00,0.937331444815
2008-11-11 00:00:00,0.937331444815
2008-11-12 00:00:00,0.937331444815
2008-11-13 00:00:00,0.937331444815
2008-11-14 00:00:00,0.937331444815
2008-11-15 00:00:00,0.937331444815
2008-12-31 00:00:00,0.544960550403
2009-01-01 00:00:00,0.544960550403
2009-01-02 00:00:00,0.544960550403
2009-01-03 00:00:00,0.544960550403
2009-01-04 00:00:00,0.544960550403
2009-01-05 00:00:00,0.544960550403
2009-01-06 00:00:00,0.544960550403
2009-01-07 00:00:00,0.544960550403
2009-01-08 00:00:00,0.544960550403
2009-01-09 00:00:00,0.544960550403
2009-01-10 00:00:00,0.544960550403
2009-01-11 00:00:00,0.544960550403
2009-01-12 00:00:00,0.544960550403
2009-01-13 00:00:00,0.544960550403
2009-01-14 00:00:00,0.544960550403
2009-02-14 00:00:00,0.746445587381
2009-02-15 00:00:00,0.746445587381
2009-02-16 00:00:00,0.746445587381
2009-02-17 00:00:00,0.746445587381
2009-02-18 00:00:00,0.746445587381
2009-02-19 00:00:00,0.746445587381
2009-02-20 00:00:00,0.746445587381
2009-02-21 00:00:00,0.746445587381
2009-02-22 00:00:00,0.746445587381
2009-02-23 00:00:00,0.746445587381
2009-02-24 00:00:00,0.746445587381
2009-02-25 00:00:00,0.746445587381
2009-02-26 00:00:00,0.746445587381
2009-02-27 00:00:00,0.746445587381
2009-02-28 00:00:00,0.746445587381
2009-04-15 00:00:00,0.608914007618
2009-04-16 00:00:00,0.608914007618
2009-04-17 00:00:00,0.608914007618
2009-04-18 00:00:00,0.608914007618
2009-04-19 00:00:00,0.608914007618
2009-04-20 00:00:00,0.608914007618
2009-04-21 00:00:00,0.608914007618
2009-04-22 00:00:00,0.608914007618
2009-04-23 00:00:00,0.608914007618
2009-04-24 00:00:00,0.608914007618
2009-04-25 00:00:00,0.608914007618
2009-04-26 00:00:00,0.608914007618
2009-04-27 00:00:00,0.608914007618
2009-04-28 00:00:00,0.608914007618
2009-04-29 00:00:00,0.608914007618
2009-05-30 00:00:00,0.930285430809
2009-05-31 00:00:00,0.930285430809
2009-06-01 00:00:00,0.930285430809
2009-06-02 00:00:00,0.930285430809
2009-06-03 00:00:00,0.930285430809
2009-06-04 00:00:00,0.930285430809
2009-06-05 00:00:00,0.930285430809
2009-06-06 00:00:00,0.930285430809
2009-06-07 00:00:00,0.930285430809
2009-06-08 00:00:00,0.930285430809
2009-06-09 00:00:00,0.930285430809
2009-06-10 00:00:00,0.930285430809
2009-06-11 00:00:00,0.930285430809
2009-06-12 00:00:00,0.930285430809
2009-06-13 00:00:00,0.930285430809
2009-06-14 00:00:00,0.930285430809
2009-06-15 00:00:00,0.930285430809
2009-06-16 00:00:00,0.930285430809
2009-06-17 00:00:00,0.930285430809
2009-06-18 00:00:00,0.930285430809
2009-06-19 00:00:00,0.930285430809
2009-06-20 00:00:00,0.930285430809
2009-06-21 00:00:00,0.930285430809
2009-06-22 00:00:00,0.930285430809
2009-06-23 00:00:00,0.930285430809
2009-06-24 00:00:00,0.930285430809
2009-06-25 00:00:00,0.930285430809
2009-06-26 00:00:00,0.930285430809
2009-06-27 00:00:00,0.930285430809
2009-06-28 00:00:00,0.930285430809
2009-06-29 00:00:00,0.930285430809
2009-06-30 00:00:00,0.930285430809
2009-07-01 00:00:00,0.930285430809
2009-07-02 00:00:00,0.930285430809
2009-07-03 00:00:00,0.930285430809
2009-07-04 00:00:00,0.930285430809
2009-07-05 00:00:00,0.930285430809
2009-07-06 00:00:00,0.930285430809
2009-07-07 00:00:00,0.930285430809
2009-07-08 00:00:00,0.930285430809
2009-07-09 00:00:00,0.930285430809
2009-07-10 00:00:00,0.930285430809
2009-07-11 00:00:00,0.930285430809
2009-07-12 00:00:00,0.930285430809
2009-07-13 00:00:00,0.930285430809
2009-07-29 00:00:00,0.817927915703
2009-07-30 00:00:00,0.817927915703
2009-07-31 00:00:00,0.817927915703
2009-08-01 00:00:00,0.817927915703
2009-08-02 00:00:00,0.817927915703
2009-08-03 00:00:00,0.817927915703
2009-08-04 00:00:00,0.817927915703
2009-08-05 00:00:00,0.817927915703
2009-08-06 00:00:00,0.817927915703
2009-08-07 00:00:00,0.817927915703
2009-08-08 00:00:00,0.817927915703
2009-08-09 00:00:00,0.817927915703
2009-08-10 00:00:00,0.817927915703
2009-08-11 00:00:00,0.817927915703
2009-08-12 00:00:00,0.817927915703
2009-08-13 00:00:00,0.817927915703
2009-08-14 00:00:00,0.817927915703
2009-08-15 00:00:00,0.817927915703
2009-08-16 00:00:00,0.817927915703
2009-08-17 00:00:00,0.817927915703
2009-08-18 00:00:00,0.817927915703
2009-08-19 00:00:00,0.817927915703
2009-08-20 00:00:00,0.817927915703
2009-08-21 00:00:00,0.817927915703
2009-08-22 00:00:00,0.817927915703
2009-08-23 00:00:00,0.817927915703
2009-08-24 00:00:00,0.817927915703
2009-08-25 00:00:00,0.817927915703
2009-08-26 00:00:00,0.817927915703
2009-08-27 00:00:00,0.817927915703
2009-09-27 00:00:00,0.605441909032
2009-09-28 00:00:00,0.605441909032
2009-09-29 00:00:00,0.605441909032
2009-09-30 00:00:00,0.605441909032
2009-10-01 00:00:00,0.605441909032
2009-10-02 00:00:00,0.605441909032
2009-10-03 00:00:00,0.605441909032
2009-10-04 00:00:00,0.605441909032
2009-10-05 00:00:00,0.605441909032
2009-10-06 00:00:00,0.605441909032
2009-10-07 00:00:00,0.605441909032
2009-10-08 00:00:00,0.605441909032
2009-10-09 00:00:00,0.605441909032
2009-10-10 00:00:00,0.605441909032
2009-10-11 00:00:00,0.605441909032
2009-10-12 00:00:00,0.605441909032
2009-10-13 00:00:00,0.605441909032
2009-10-14 00:00:00,0.605441909032
2009-10-15 00:00:00,0.605441909032
2009-10-16 00:00:00,0.605441909032
2009-10-17 00:00:00,0.605441909032
2009-10-18 00:00:00,0.605441909032
2009-10-19 00:00:00,0.605441909032
2009-10-20 00:00:00,0.605441909032
2009-10-21 00:00:00,0.605441909032
2009-10-22 00:00:00,0.605441909032
2009-10-23 00:00:00,0.605441909032
2009-10-24 00:00:00,0.605441909032
2009-10-25 00:00:00,0.605441909032
2009-10-26 00:00:00,0.605441909032
2009-11-26 00:00:00,0.725892474276
2009-11-27 00:00:00,0.725892474276
2009-11-28 00:00:00,0.725892474276
2009-11-29 00:00:00,0.725892474276
2009-11-30 00:00:00,0.725892474276
2009-12-01 00:00:00,0.725892474276
2009-12-02 00:00:00,0.725892474276
2009-12-03 00:00:00,0.725892474276
2009-12-04 00:00:00,0.725892474276
2009-12-05 00:00:00,0.725892474276
2009-12-06 00:00:00,0.725892474276
2009-12-07 00:00:00,0.725892474276
2009-12-08 00:00:00,0.725892474276
2009-12-09 00:00:00,0.725892474276
2009-12-10 00:00:00,0.725892474276
2010-03-11 00:00:00,0.800719050025
2010-03-12 00:00:00,0.800719050025
2010-03-13 00:00:00,0.800719050025
2010-03-14 00:00:00,0.800719050025
2010-03-15 00:00:00,0.800719050025
2010-03-16 00:00:00,0.800719050025
2010-03-17 00:00:00,0.800719050025
2010-03-18 00:00:00,0.800719050025
2010-03-19 00:00:00,0.800719050025
2010-03-20 00:00:00,0.800719050025
2010-03-21 00:00:00,0.800719050025
2010-03-22 00:00:00,0.800719050025
2010-03-23 00:00:00,0.800719050025
2010-03-24 00:00:00,0.800719050025
2010-03-25 00:00:00,0.800719050025
2010-03-26 00:00:00,0.800719050025
2010-03-27 00:00:00,0.800719050025
2010-03-28 00:00:00,0.800719050025
2010-03-29 00:00:00,0.800719050025
2010-03-30 00:00:00,0.800719050025
2010-03-31 00:00:00,0.800719050025
2010-04-01 00:00:00,0.800719050025
2010-04-02 00:00:00,0.800719050025
2010-04-03 00:00:00,0.800719050025
2010-04-04 00:00:00,0.800719050025
2010-04-05 00:00:00,0.800719050025
2010-04-06 00:00:00,0.800719050025
2010-04-07 00:00:00,0.800719050025
2010-04-08 00:00:00,0.800719050025
2010-04-09 00:00:00,0.800719050025
2010-04-25 00:00:00,0.89354494485
2010-04-26 00:00:00,0.89354494485
2010-04-27 00:00:00,0.89354494485
2010-04-28 00:00:00,0.89354494485
2010-04-29 00:00:00,0.89354494485
2010-04-30 00:00:00,0.89354494485
2010-05-01 00:00:00,0.89354494485
2010-05-02 00:00:00,0.89354494485
2010-05-03 00:00:00,0.89354494485
2010-05-04 00:00:00,0.89354494485
2010-05-05 00:00:00,0.89354494485
2010-05-06 00:00:00,0.89354494485
2010-05-07 00:00:00,0.89354494485
2010-05-08 00:00:00,0.89354494485
2010-05-09 00:00:00,0.89354494485
2010-06-09 00:00:00,0.962568512935
2010-06-10 00:00:00,0.962568512935
2010-06-11 00:00:00,0.962568512935
2010-06-12 00:00:00,0.962568512935
2010-06-13 00:00:00,0.962568512935
2010-06-14 00:00:00,0.962568512935
2010-06-15 00:00:00,0.962568512935
2010-06-16 00:00:00,0.962568512935
2010-06-17 00:00:00,0.962568512935
2010-06-18 00:00:00,0.962568512935
2010-06-19 00:00:00,0.962568512935
2010-06-20 00:00:00,0.962568512935
2010-06-21 00:00:00,0.962568512935
2010-06-22 00:00:00,0.962568512935
2010-06-23 00:00:00,0.962568512935
2010-06-24 00:00:00,0.962568512935
2010-06-25 00:00:00,0.962568512935
2010-06-26 00:00:00,0.962568512935
2010-06-27 00:00:00,0.962568512935
2010-06-28 00:00:00,0.962568512935
2010-06-29 00:00:00,0.962568512935
2010-06-30 00:00:00,0.962568512935
2010-07-01 00:00:00,0.962568512935
2010-07-02 00:00:00,0.962568512935
2010-07-03 00:00:00,0.962568512935
2010-07-04 00:00:00,0.962568512935
2010-07-05 00:00:00,0.962568512935
2010-07-06 00:00:00,0.962568512935
2010-07-07 00:00:00,0.962568512935
2010-07-08 00:00:00,0.962568512935
2010-07-09 00:00:00,0.962568512935
2010-07-10 00:00:00,0.962568512935
2010-07-11 00:00:00,0.962568512935
2010-07-12 00:00:00,0.962568512935
2010-07-13 00:00:00,0.962568512935
2010-07-14 00:00:00,0.962568512935
2010-07-15 00:00:00,0.962568512935
2010-07-16 00:00:00,0.962568512935
2010-07-17 00:00:00,0.962568512935
2010-07-18 00:00:00,0.962568512935
2010-07-19 00:00:00,0.962568512935
2010-07-20 00:00:00,0.962568512935
2010-07-21 00:00:00,0.962568512935
2010-07-22 00:00:00,0.962568512935
2010-07-23 00:00:00,0.962568512935
2010-07-24 00:00:00,0.962568512935
2010-07-25 00:00:00,0.962568512935
2010-07-26 00:00:00,0.962568512935
2010-07-27 00:00:00,0.962568512935
2010-07-28 00:00:00,0.962568512935
2010-07-29 00:00:00,0.962568512935
2010-07-30 00:00:00,0.962568512935
2010-07-31 00:00:00,0.962568512935
2010-08-01 00:00:00,0.962568512935
2010-08-02 00:00:00,0.962568512935
2010-08-03 00:00:00,0.962568512935
2010-08-04 00:00:00,0.962568512935
2010-08-05 00:00:00,0.962568512935
2010-08-06 00:00:00,0.962568512935
2010-08-07 00:00:00,0.962568512935
2010-09-22 00:00:00,0.817265410551
2010-09-23 00:00:00,0.817265410551
2010-09-24 00:00:00,0.817265410551
2010-09-25 00:00:00,0.817265410551
2010-09-26 00:00:00,0.817265410551
2010-09-27 00:00:00,0.817265410551
2010-09-28 00:00:00,0.817265410551
2010-09-29 00:00:00,0.817265410551
2010-09-30 00:00:00,0.817265410551
2010-10-01 00:00:00,0.817265410551
2010-10-02 00:00:00,0.817265410551
2010-10-03 00:00:00,0.817265410551
2010-10-04 00:00:00,0.817265410551
2010-10-05 00:00:00,0.817265410551
2010-10-06 00:00:00,0.817265410551
2010-10-07 00:00:00,0.817265410551
2010-10-08 00:00:00,0.817265410551
2010-10-09 00:00:00,0.817265410551
2010-10-10 00:00:00,0.817265410551
2010-10-11 00:00:00,0.817265410551
2010-10-12 00:00:00,0.817265410551
2010-10-13 00:00:00,0.817265410551
2010-10-14 00:00:00,0.817265410551
2010-10-15 00:00:00,0.817265410551
2010-10-16 00:00:00,0.817265410551
2010-10-17 00:00:00,0.817265410551
2010-10-18 00:00:00,0.817265410551
2010-10-19 00:00:00,0.817265410551
2010-10-20 00:00:00,0.817265410551
2010-10-21 00:00:00,0.817265410551
2010-12-06 00:00:00,0.746201674027
2010-12-07 00:00:00,0.746201674027
2010-12-08 00:00:00,0.746201674027
2010-12-09 00:00:00,0.746201674027
2010-12-10 00:00:00,0.746201674027
2010-12-11 00:00:00,0.746201674027
2010-12-12 00:00:00,0.746201674027
2010-12-13 00:00:00,0.746201674027
2010-12-14 00:00:00,0.746201674027
2010-12-15 00:00:00,0.746201674027
2010-12-16 00:00:00,0.746201674027
2010-12-17 00:00:00,0.746201674027
2010-12-18 00:00:00,0.746201674027
2010-12-19 00:00:00,0.746201674027
2010-12-20 00:00:00,0.746201674027
2011-01-05 00:00:00,0.756940320887
2011-01-06 00:00:00,0.756940320887
2011-01-07 00:00:00,0.756940320887
2011-01-08 00:00:00,0.756940320887
2011-01-09 00:00:00,0.756940320887
2011-01-10 00:00:00,0.756940320887
2011-01-11 00:00:00,0.756940320887
2011-01-12 00:00:00,0.756940320887
2011-01-13 00:00:00,0.756940320887
2011-01-14 00:00:00,0.756940320887
2011-01-15 00:00:00,0.756940320887
2011-01-16 00:00:00,0.756940320887
2011-01-17 00:00:00,0.756940320887
2011-01-18 00:00:00,0.756940320887
2011-01-19 00:00:00,0.756940320887
2011-02-04 00:00:00,0.600993769752
2011-02-05 00:00:00,0.600993769752
2011-02-06 00:00:00,0.600993769752
2011-02-07 00:00:00,0.600993769752
2011-02-08 00:00:00,0.600993769752
2011-02-09 00:00:00,0.600993769752
2011-02-10 00:00:00,0.600993769752
2011-02-11 00:00:00,0.600993769752
2011-02-12 00:00:00,0.600993769752
2011-02-13 00:00:00,0.600993769752
2011-02-14 00:00:00,0.600993769752
2011-02-15 00:00:00,0.600993769752
2011-02-16 00:00:00,0.600993769752
2011-02-17 00:00:00,0.600993769752
2011-02-18 00:00:00,0.600993769752
News Data
Start Date, End Date,News Source,Link,Days,Reason,Comment,Days Reported
2010-12-15,2010-12-20,The Hindu,http://www.thehindu.com/business/Economy/imported-onion-arrive-from-pakistan/article965607.ece,5,not stated,,0
2010-12-16,2010-12-20,The Hindu,http://www.thehindu.com/business/Economy/imported-onion-arrive-from-pakistan/article965607.ece,4,not stated,,0
2010-12-17,2010-12-20,The Hindu,http://www.thehindu.com/business/Economy/imported-onion-arrive-from-pakistan/article965607.ece,3,not stated,,0
2010-12-18,2010-12-20,The Hindu,http://www.thehindu.com/business/Economy/imported-onion-arrive-from-pakistan/article965607.ece,2,not stated,,0
2010-12-19,2010-12-20,The Hindu,http://www.thehindu.com/business/Economy/imported-onion-arrive-from-pakistan/article965607.ece,1,not stated,,0
2010-12-20,2010-12-20,The Hindu,http://www.thehindu.com/business/Economy/imported-onion-arrive-from-pakistan/article965607.ece,0,not stated,,0
2011-01-05,2011-01-03,NDTV,http://www.ndtv.com/mumbai-news/mumbai-trader-sells-onions-at-rs-12-per-kg-443770,-2,not stated,,0
2011-01-06,2011-01-03,NDTV,http://www.ndtv.com/mumbai-news/mumbai-trader-sells-onions-at-rs-12-per-kg-443770,-3,not stated,,0
2011-01-07,2011-01-03,NDTV,http://www.ndtv.com/mumbai-news/mumbai-trader-sells-onions-at-rs-12-per-kg-443770,-4,not stated,,0
2011-01-08,2011-01-03,NDTV,http://www.ndtv.com/mumbai-news/mumbai-trader-sells-onions-at-rs-12-per-kg-443770,-5,not stated,,0
2011-01-09,2011-01-06,The Times of India,http://timesofindia.indiatimes.com/business/india-business/-Retail-onion-prices-up-by-Rs-5-10/kg-on-Pak-export-ban-reports/articleshow/7230895.cms,-3,Pak banned export,,0
2011-01-10,2011-01-06,The Times of India,http://timesofindia.indiatimes.com/business/india-business/-Retail-onion-prices-up-by-Rs-5-10/kg-on-Pak-export-ban-reports/articleshow/7230895.cms,-4,Pak banned export,,0
2011-01-11,2011-01-06,The Times of India,http://timesofindia.indiatimes.com/business/india-business/-Retail-onion-prices-up-by-Rs-5-10/kg-on-Pak-export-ban-reports/articleshow/7230895.cms,-5,Pak banned export,,0
2011-01-12,2011-01-07,The Hindu,http://www.thehindu.com/business/act-swiftly-against-hoarders-pranab/article1051003.ece,-5,traders nexus,main article on inflation, but it says due to hoarding onion prices are high.,0
Linear Regression Result:::
Date,Value
2010-11-11 00:00:00,207.751421054
2010-11-12 00:00:00,207.751421054
2010-11-13 00:00:00,207.751421054
2010-11-14 00:00:00,207.751421054
2010-11-15 00:00:00,207.751421054
2010-11-16 00:00:00,207.751421054
2010-11-17 00:00:00,207.751421054
2010-11-18 00:00:00,207.751421054
2010-11-19 00:00:00,207.751421054
2010-11-20 00:00:00,207.751421054
2010-11-21 00:00:00,207.751421054
2010-11-22 00:00:00,207.751421054
2010-11-23 00:00:00,207.751421054
2010-11-24 00:00:00,207.751421054
2010-11-25 00:00:00,207.751421054
2010-11-26 00:00:00,207.751421054
2010-11-27 00:00:00,207.751421054
2010-11-28 00:00:00,207.751421054
2010-11-29 00:00:00,207.751421054
2010-11-30 00:00:00,207.751421054
2010-12-01 00:00:00,207.751421054
2010-12-02 00:00:00,207.751421054
2010-12-03 00:00:00,207.751421054
2010-12-04 00:00:00,207.751421054
2010-12-05 00:00:00,207.751421054
2010-12-06 00:00:00,207.751421054
2010-12-07 00:00:00,207.751421054
2010-12-08 00:00:00,207.751421054
2010-12-09 00:00:00,207.751421054
2010-12-10 00:00:00,207.751421054
2010-12-11 00:00:00,207.751421054
2010-12-12 00:00:00,207.751421054
2010-12-13 00:00:00,207.751421054
2010-12-14 00:00:00,207.751421054
2010-12-15 00:00:00,207.751421054
2010-12-16 00:00:00,207.751421054
2010-12-17 00:00:00,207.751421054
2010-12-18 00:00:00,207.751421054
2010-12-19 00:00:00,207.751421054
2010-12-20 00:00:00,207.751421054
2010-12-21 00:00:00,207.751421054
2010-12-22 00:00:00,207.751421054
2010-12-23 00:00:00,207.751421054
2010-12-24 00:00:00,207.751421054
2010-12-25 00:00:00,207.751421054
2010-12-26 00:00:00,207.751421054
2010-12-27 00:00:00,207.751421054
2010-12-28 00:00:00,207.751421054
2010-12-29 00:00:00,207.751421054
2010-12-30 00:00:00,207.751421054
2010-12-31 00:00:00,207.751421054
2011-01-01 00:00:00,207.751421054
2011-01-02 00:00:00,207.751421054
2011-01-03 00:00:00,207.751421054
2011-01-04 00:00:00,207.751421054
2011-01-05 00:00:00,207.751421054
2011-01-06 00:00:00,207.751421054
2011-01-07 00:00:00,207.751421054
2011-01-08 00:00:00,207.751421054
2011-01-09 00:00:00,207.751421054
2011-01-10 00:00:00,207.751421054
2011-01-11 00:00:00,207.751421054
2011-01-12 00:00:00,207.751421054
2011-01-13 00:00:00,207.751421054
2011-01-14 00:00:00,207.751421054
2011-01-15 00:00:00,207.751421054
2011-01-16 00:00:00,207.751421054
2011-01-17 00:00:00,207.751421054
2011-01-18 00:00:00,207.751421054
2011-01-19 00:00:00,207.751421054
2011-01-20 00:00:00,207.751421054
2011-01-21 00:00:00,207.751421054
2011-01-22 00:00:00,207.751421054
2011-01-23 00:00:00,207.751421054
2011-01-24 00:00:00,207.751421054
2011-01-25 00:00:00,207.751421054
2011-01-26 00:00:00,207.751421054
2011-01-27 00:00:00,207.751421054
2011-01-28 00:00:00,207.751421054
2011-01-29 00:00:00,207.751421054
2011-01-30 00:00:00,207.751421054
2011-01-31 00:00:00,207.751421054
2011-02-01 00:00:00,207.751421054
2011-02-02 00:00:00,207.751421054
2011-02-03 00:00:00,207.751421054
2013-07-09 00:00:00,346.423157263
2013-07-10 00:00:00,346.423157263
2013-07-11 00:00:00,346.423157263
2013-07-12 00:00:00,346.423157263
2013-07-13 00:00:00,346.423157263
2013-07-14 00:00:00,346.423157263
2013-07-15 00:00:00,346.423157263
2013-07-16 00:00:00,346.423157263
2013-07-17 00:00:00,346.423157263
2013-07-18 00:00:00,346.423157263
2013-07-19 00:00:00,346.423157263
2013-07-20 00:00:00,346.423157263
2013-07-21 00:00:00,346.423157263
2013-07-22 00:00:00,346.423157263
2013-07-23 00:00:00,346.423157263
2013-07-24 00:00:00,346.423157263
2013-07-25 00:00:00,346.423157263
2013-07-26 00:00:00,346.423157263
2013-07-27 00:00:00,346.423157263
2013-07-28 00:00:00,346.423157263
2013-07-29 00:00:00,346.423157263
2013-07-30 00:00:00,346.423157263
2013-07-31 00:00:00,346.423157263
2013-08-01 00:00:00,346.423157263
2013-08-02 00:00:00,346.423157263
2013-08-03 00:00:00,346.423157263
2013-08-04 00:00:00,346.423157263
2013-08-05 00:00:00,346.423157263
2013-08-06 00:00:00,346.423157263
2013-08-07 00:00:00,346.423157263
2013-08-08 00:00:00,346.423157263
2013-08-09 00:00:00,346.423157263
2013-08-10 00:00:00,346.423157263
2013-08-11 00:00:00,346.423157263
2013-08-12 00:00:00,346.423157263
2013-08-13 00:00:00,346.423157263
2013-08-14 00:00:00,346.423157263
2013-08-15 00:00:00,346.423157263
2013-08-16 00:00:00,346.423157263
2013-08-17 00:00:00,346.423157263
2013-08-18 00:00:00,346.423157263
2013-08-19 00:00:00,346.423157263
2013-08-20 00:00:00,346.423157263
2013-08-21 00:00:00,346.423157263
2013-08-22 00:00:00,346.423157263
2013-08-23 00:00:00,346.423157263
2013-08-24 00:00:00,346.423157263
2013-08-25 00:00:00,346.423157263
2013-08-26 00:00:00,346.423157263
2013-08-27 00:00:00,346.423157263
2013-08-28 00:00:00,346.423157263
2013-08-29 00:00:00,346.423157263
2013-08-30 00:00:00,346.423157263
2013-08-31 00:00:00,346.423157263
2013-09-01 00:00:00,346.423157263
2013-09-02 00:00:00,346.423157263
2013-09-03 00:00:00,346.423157263
2013-09-04 00:00:00,346.423157263
2013-09-05 00:00:00,346.423157263
2013-09-06 00:00:00,346.423157263
2013-09-07 00:00:00,346.423157263
2013-09-08 00:00:00,346.423157263
2013-09-09 00:00:00,346.423157263
2013-09-10 00:00:00,346.423157263
2013-09-11 00:00:00,346.423157263
2013-09-12 00:00:00,346.423157263
2013-09-13 00:00:00,346.423157263
2013-09-14 00:00:00,346.423157263
2013-09-15 00:00:00,346.423157263
2013-09-16 00:00:00,346.423157263
2013-09-17 00:00:00,346.423157263
2013-09-18 00:00:00,346.423157263
2013-09-19 00:00:00,346.423157263
2013-09-20 00:00:00,346.423157263
2013-09-21 00:00:00,346.423157263
2013-09-22 00:00:00,346.423157263
2013-09-23 00:00:00,346.423157263
2013-09-24 00:00:00,346.423157263
2013-09-25 00:00:00,346.423157263
2013-09-26 00:00:00,346.423157263
2013-09-27 00:00:00,346.423157263
2013-09-28 00:00:00,346.423157263
2013-09-29 00:00:00,346.423157263
2013-09-30 00:00:00,346.423157263
2013-10-01 00:00:00,346.423157263
2013-10-02 00:00:00,346.423157263
2013-10-03 00:00:00,346.423157263
2013-10-04 00:00:00,346.423157263
2013-10-05 00:00:00,346.423157263
2013-10-06 00:00:00,346.423157263
2013-10-07 00:00:00,346.423157263
2013-10-08 00:00:00,346.423157263
2013-10-09 00:00:00,346.423157263
2013-10-10 00:00:00,346.423157263
2013-10-11 00:00:00,346.423157263
2013-10-12 00:00:00,346.423157263
2013-10-13 00:00:00,346.423157263
2013-10-14 00:00:00,346.423157263
2013-10-15 00:00:00,346.423157263
2013-10-16 00:00:00,346.423157263
2013-10-17 00:00:00,346.423157263
2013-10-18 00:00:00,346.423157263
2013-10-19 00:00:00,346.423157263
2013-10-20 00:00:00,346.423157263
2013-10-21 00:00:00,346.423157263
2013-10-22 00:00:00,346.423157263
2013-10-23 00:00:00,346.423157263
2013-10-24 00:00:00,346.423157263
2013-10-25 00:00:00,346.423157263
2013-10-26 00:00:00,346.423157263
2013-10-27 00:00:00,346.423157263
2013-10-28 00:00:00,346.423157263
2013-10-29 00:00:00,346.423157263
2013-10-30 00:00:00,346.423157263
2013-10-31 00:00:00,346.423157263
2013-11-01 00:00:00,346.423157263
2013-11-02 00:00:00,346.423157263
2013-11-03 00:00:00,346.423157263
2013-11-04 00:00:00,346.423157263
2013-11-05 00:00:00,346.423157263
2013-11-06 00:00:00,346.423157263
2013-11-07 00:00:00,346.423157263
2013-11-08 00:00:00,346.423157263
2013-11-09 00:00:00,346.423157263
2013-11-10 00:00:00,346.423157263
2013-11-11 00:00:00,346.423157263
2013-11-12 00:00:00,346.423157263
2013-11-13 00:00:00,346.423157263
2013-11-14 00:00:00,346.423157263
2013-11-15 00:00:00,346.423157263
2013-11-16 00:00:00,346.423157263
2013-11-17 00:00:00,346.423157263
2013-11-18 00:00:00,346.423157263
2013-11-19 00:00:00,346.423157263
2013-11-20 00:00:00,346.423157263
2013-11-21 00:00:00,346.423157263
2013-11-22 00:00:00,346.423157263
2013-11-23 00:00:00,346.423157263
2013-11-24 00:00:00,346.423157263
2013-11-25 00:00:00,346.423157263
2013-11-26 00:00:00,346.423157263
2013-11-27 00:00:00,346.423157263
2013-11-28 00:00:00,346.423157263
2013-11-29 00:00:00,346.423157263
2013-11-30 00:00:00,346.423157263
2013-12-01 00:00:00,346.423157263
2013-12-02 00:00:00,346.423157263
2013-12-03 00:00:00,346.423157263
2013-12-04 00:00:00,346.423157263
2013-12-05 00:00:00,346.423157263
2013-12-06 00:00:00,346.423157263
2013-12-07 00:00:00,346.423157263
2013-12-08 00:00:00,346.423157263
2013-12-09 00:00:00,346.423157263
2013-12-10 00:00:00,346.423157263
2013-12-11 00:00:00,346.423157263
2013-12-12 00:00:00,346.423157263
2014-07-03 00:00:00,98.0381040691
2014-07-04 00:00:00,98.0381040691
2014-07-05 00:00:00,98.0381040691
2014-07-06 00:00:00,98.0381040691
2014-07-07 00:00:00,98.0381040691
2014-07-08 00:00:00,98.0381040691
2014-07-09 00:00:00,98.0381040691
2014-07-10 00:00:00,98.0381040691
2014-07-11 00:00:00,98.0381040691
2014-07-12 00:00:00,98.0381040691
2014-07-13 00:00:00,98.0381040691
2014-07-14 00:00:00,98.0381040691
2014-07-15 00:00:00,98.0381040691
2014-07-16 00:00:00,98.0381040691
2014-07-17 00:00:00,98.0381040691
2014-07-18 00:00:00,98.0381040691
2014-07-19 00:00:00,98.0381040691
2014-07-20 00:00:00,98.0381040691
2014-07-21 00:00:00,98.0381040691
2014-07-22 00:00:00,98.0381040691
2014-07-23 00:00:00,98.0381040691
2014-07-24 00:00:00,98.0381040691
2014-07-25 00:00:00,98.0381040691
2014-07-26 00:00:00,98.0381040691
2014-07-27 00:00:00,98.0381040691
2014-07-28 00:00:00,98.0381040691
2014-07-29 00:00:00,98.0381040691
2014-07-30 00:00:00,98.0381040691
2014-07-31 00:00:00,98.0381040691
2014-08-01 00:00:00,98.0381040691
2014-08-02 00:00:00,98.0381040691
2014-08-03 00:00:00,98.0381040691
2014-08-04 00:00:00,98.0381040691
2014-08-05 00:00:00,98.0381040691
2014-08-06 00:00:00,98.0381040691
2014-08-07 00:00:00,98.0381040691
2014-08-08 00:00:00,98.0381040691
2014-08-09 00:00:00,98.0381040691
2014-08-12 00:00:00,77.0858121507
2014-08-13 00:00:00,77.0858121507
News Data
Start Date, End Date,News Source,Link,Days,Reason,Comment,Days Reported
2010-12-15,2010-12-20,The Hindu,http://www.thehindu.com/business/Economy/imported-onion-arrive-from-pakistan/article965607.ece,5,not stated,,0
2010-12-16,2010-12-20,The Hindu,http://www.thehindu.com/business/Economy/imported-onion-arrive-from-pakistan/article965607.ece,4,not stated,,0
2010-12-17,2010-12-20,The Hindu,http://www.thehindu.com/business/Economy/imported-onion-arrive-from-pakistan/article965607.ece,3,not stated,,0
2010-12-18,2010-12-20,The Hindu,http://www.thehindu.com/business/Economy/imported-onion-arrive-from-pakistan/article965607.ece,2,not stated,,0
2010-12-19,2010-12-20,The Hindu,http://www.thehindu.com/business/Economy/imported-onion-arrive-from-pakistan/article965607.ece,1,not stated,,0
2010-12-20,2010-12-20,The Hindu,http://www.thehindu.com/business/Economy/imported-onion-arrive-from-pakistan/article965607.ece,0,not stated,,0
2010-12-21,2010-12-20,The Hindu,http://www.thehindu.com/business/Economy/imported-onion-arrive-from-pakistan/article965607.ece,-1,not stated,,0
2010-12-22,2010-12-20,The Hindu,http://www.thehindu.com/business/Economy/imported-onion-arrive-from-pakistan/article965607.ece,-2,not stated,,0
2010-12-23,2010-12-20,The Hindu,http://www.thehindu.com/business/Economy/imported-onion-arrive-from-pakistan/article965607.ece,-3,not stated,,0
2010-12-24,2010-12-20,The Hindu,http://www.thehindu.com/business/Economy/imported-onion-arrive-from-pakistan/article965607.ece,-4,not stated,,0
2010-12-25,2010-12-20,The Hindu,http://www.thehindu.com/business/Economy/imported-onion-arrive-from-pakistan/article965607.ece,-5,not stated,,0
2010-12-26,2010-12-21,The Economic Times,http://articles.economictimes.indiatimes.com/2010-12-21/news/27586208_1_minimum-export-price-onion-prices-mep,-5,traders nexus,,0
2010-12-27,2010-12-22,NDTV,http://www.ndtv.com/india-news/why-onion-prices-are-so-high-442629,-5,unseasonal rainfall,,7
2010-12-28,2010-12-23,The Times of India,http://timesofindia.indiatimes.com/city/pune/Onion-prices-still-leave-consumers-teary-eyed/articleshow/7147525.cms,-5,unseasonal rainfall,,0
2010-12-29,2010-12-24,Business Standard,http://www.business-standard.com/article/economy-policy/wholesale-onion-prices-slide-20-in-lasalgaon-manmad-110122400137_1.html,-5,not stated,Prices went down, but for good quality prices went high,None
2010-12-30,2011-01-03,NDTV,http://www.ndtv.com/mumbai-news/mumbai-trader-sells-onions-at-rs-12-per-kg-443770,4,not stated,,0
2010-12-31,2011-01-03,NDTV,http://www.ndtv.com/mumbai-news/mumbai-trader-sells-onions-at-rs-12-per-kg-443770,3,not stated,,0
2011-01-01,2011-01-03,NDTV,http://www.ndtv.com/mumbai-news/mumbai-trader-sells-onions-at-rs-12-per-kg-443770,2,not stated,,0
2011-01-02,2011-01-03,NDTV,http://www.ndtv.com/mumbai-news/mumbai-trader-sells-onions-at-rs-12-per-kg-443770,1,not stated,,0
2011-01-03,2011-01-03,NDTV,http://www.ndtv.com/mumbai-news/mumbai-trader-sells-onions-at-rs-12-per-kg-443770,0,not stated,,0
2011-01-04,2011-01-03,NDTV,http://www.ndtv.com/mumbai-news/mumbai-trader-sells-onions-at-rs-12-per-kg-443770,-1,not stated,,0
2011-01-05,2011-01-03,NDTV,http://www.ndtv.com/mumbai-news/mumbai-trader-sells-onions-at-rs-12-per-kg-443770,-2,not stated,,0
2011-01-06,2011-01-03,NDTV,http://www.ndtv.com/mumbai-news/mumbai-trader-sells-onions-at-rs-12-per-kg-443770,-3,not stated,,0
2011-01-07,2011-01-03,NDTV,http://www.ndtv.com/mumbai-news/mumbai-trader-sells-onions-at-rs-12-per-kg-443770,-4,not stated,,0
2011-01-08,2011-01-03,NDTV,http://www.ndtv.com/mumbai-news/mumbai-trader-sells-onions-at-rs-12-per-kg-443770,-5,not stated,,0
2011-01-09,2011-01-06,The Times of India,http://timesofindia.indiatimes.com/business/india-business/-Retail-onion-prices-up-by-Rs-5-10/kg-on-Pak-export-ban-reports/articleshow/7230895.cms,-3,Pak banned export,,0
2011-01-10,2011-01-06,The Times of India,http://timesofindia.indiatimes.com/business/india-business/-Retail-onion-prices-up-by-Rs-5-10/kg-on-Pak-export-ban-reports/articleshow/7230895.cms,-4,Pak banned export,,0
2011-01-11,2011-01-06,The Times of India,http://timesofindia.indiatimes.com/business/india-business/-Retail-onion-prices-up-by-Rs-5-10/kg-on-Pak-export-ban-reports/articleshow/7230895.cms,-5,Pak banned export,,0
2011-01-12,2011-01-07,The Hindu,http://www.thehindu.com/business/act-swiftly-against-hoarders-pranab/article1051003.ece,-5,traders nexus,main article on inflation, but it says due to hoarding onion prices are high.,0
2013-07-12,2013-07-17,The Times of India,http://timesofindia.indiatimes.com/business/india-business/Onion-prices-at-two-and-a-half-year-high/articleshow/21125776.cms,5,unseasonal rainfall,no,None
2013-07-13,2013-07-17,The Times of India,http://timesofindia.indiatimes.com/business/india-business/Onion-prices-at-two-and-a-half-year-high/articleshow/21125776.cms,4,unseasonal rainfall,no,None
2013-07-14,2013-07-17,The Times of India,http://timesofindia.indiatimes.com/business/india-business/Onion-prices-at-two-and-a-half-year-high/articleshow/21125776.cms,3,unseasonal rainfall,no,None
2013-07-15,2013-07-17,The Times of India,http://timesofindia.indiatimes.com/business/india-business/Onion-prices-at-two-and-a-half-year-high/articleshow/21125776.cms,2,unseasonal rainfall,no,None
2013-07-16,2013-07-17,The Times of India,http://timesofindia.indiatimes.com/business/india-business/Onion-prices-at-two-and-a-half-year-high/articleshow/21125776.cms,1,unseasonal rainfall,no,None
2013-07-17,2013-07-17,The Times of India,http://timesofindia.indiatimes.com/business/india-business/Onion-prices-at-two-and-a-half-year-high/articleshow/21125776.cms,0,unseasonal rainfall,no,None
2013-07-18,2013-07-17,The Times of India,http://timesofindia.indiatimes.com/business/india-business/Onion-prices-at-two-and-a-half-year-high/articleshow/21125776.cms,-1,unseasonal rainfall,no,None
2013-07-19,2013-07-17,The Times of India,http://timesofindia.indiatimes.com/business/india-business/Onion-prices-at-two-and-a-half-year-high/articleshow/21125776.cms,-2,unseasonal rainfall,no,None
2013-07-20,2013-07-17,The Times of India,http://timesofindia.indiatimes.com/business/india-business/Onion-prices-at-two-and-a-half-year-high/articleshow/21125776.cms,-3,unseasonal rainfall,no,None
2013-07-21,2013-07-17,The Times of India,http://timesofindia.indiatimes.com/business/india-business/Onion-prices-at-two-and-a-half-year-high/articleshow/21125776.cms,-4,unseasonal rainfall,no,None
2013-07-22,2013-07-17,The Times of India,http://timesofindia.indiatimes.com/business/india-business/Onion-prices-at-two-and-a-half-year-high/articleshow/21125776.cms,-5,unseasonal rainfall,no,None
2013-07-23,2013-07-23,The Times of India,http://timesofindia.indiatimes.com/business/india-business/Onion-prices-more-than-double-to-Rs-36-40/kg-in-metros/articleshow/21272374.cms,0,low production,,0
2013-07-24,2013-07-23,The Times of India,http://timesofindia.indiatimes.com/business/india-business/Onion-prices-more-than-double-to-Rs-36-40/kg-in-metros/articleshow/21272374.cms,-1,low production,,0
2013-07-25,2013-07-23,The Times of India,http://timesofindia.indiatimes.com/business/india-business/Onion-prices-more-than-double-to-Rs-36-40/kg-in-metros/articleshow/21272374.cms,-2,low production,,0
2013-07-26,2013-07-23,The Times of India,http://timesofindia.indiatimes.com/business/india-business/Onion-prices-more-than-double-to-Rs-36-40/kg-in-metros/articleshow/21272374.cms,-3,low production,,0
2013-07-27,2013-07-23,The Times of India,http://timesofindia.indiatimes.com/business/india-business/Onion-prices-more-than-double-to-Rs-36-40/kg-in-metros/articleshow/21272374.cms,-4,low production,,0
2013-07-28,2013-07-23,The Times of India,http://timesofindia.indiatimes.com/business/india-business/Onion-prices-more-than-double-to-Rs-36-40/kg-in-metros/articleshow/21272374.cms,-5,low production,,0
2013-08-01,2013-08-06,The Hindu,http://www.thehindu.com/news/cities/Delhi/onion-prices-bring-tears-yet-again/article4995124.ece,5,low production,Even Hoaders are responsible to some extent,0
2013-08-02,2013-08-06,The Hindu,http://www.thehindu.com/news/cities/Delhi/onion-prices-bring-tears-yet-again/article4995124.ece,4,low production,Even Hoaders are responsible to some extent,0
2013-08-03,2013-08-06,The Hindu,http://www.thehindu.com/news/cities/Delhi/onion-prices-bring-tears-yet-again/article4995124.ece,3,low production,Even Hoaders are responsible to some extent,0
2013-08-04,2013-08-06,The Hindu,http://www.thehindu.com/news/cities/Delhi/onion-prices-bring-tears-yet-again/article4995124.ece,2,low production,Even Hoaders are responsible to some extent,0
2013-08-05,2013-08-06,The Hindu,http://www.thehindu.com/news/cities/Delhi/onion-prices-bring-tears-yet-again/article4995124.ece,1,low production,Even Hoaders are responsible to some extent,0
2013-08-06,2013-08-06,The Hindu,http://www.thehindu.com/news/cities/Delhi/onion-prices-bring-tears-yet-again/article4995124.ece,0,low production,Even Hoaders are responsible to some extent,0
2013-08-07,2013-08-06,The Hindu,http://www.thehindu.com/news/cities/Delhi/onion-prices-bring-tears-yet-again/article4995124.ece,-1,low production,Even Hoaders are responsible to some extent,0
2013-08-08,2013-08-06,The Hindu,http://www.thehindu.com/news/cities/Delhi/onion-prices-bring-tears-yet-again/article4995124.ece,-2,low production,Even Hoaders are responsible to some extent,0
2013-08-09,2013-08-06,The Hindu,http://www.thehindu.com/news/cities/Delhi/onion-prices-bring-tears-yet-again/article4995124.ece,-3,low production,Even Hoaders are responsible to some extent,0
2013-08-10,2013-08-06,The Hindu,http://www.thehindu.com/news/cities/Delhi/onion-prices-bring-tears-yet-again/article4995124.ece,-4,low production,Even Hoaders are responsible to some extent,0
2013-08-11,2013-08-06,The Hindu,http://www.thehindu.com/news/cities/Delhi/onion-prices-bring-tears-yet-again/article4995124.ece,-5,low production,Even Hoaders are responsible to some extent,0
2013-08-12,2013-08-11,DNA,http://www.dnaindia.com/india/report-onion-prices-rise-to-rs-55-60kg-hike-bring-tears-in-eyes-of-people-1873151,-1,low production,,10
2013-08-13,2013-08-11,DNA,http://www.dnaindia.com/india/report-onion-prices-rise-to-rs-55-60kg-hike-bring-tears-in-eyes-of-people-1873151,-2,low production,,10
2013-08-14,2013-08-11,DNA,http://www.dnaindia.com/india/report-onion-prices-rise-to-rs-55-60kg-hike-bring-tears-in-eyes-of-people-1873151,-3,low production,,10
2013-08-15,2013-08-11,DNA,http://www.dnaindia.com/india/report-onion-prices-rise-to-rs-55-60kg-hike-bring-tears-in-eyes-of-people-1873151,-4,low production,,10
2013-08-16,2013-08-11,DNA,http://www.dnaindia.com/india/report-onion-prices-rise-to-rs-55-60kg-hike-bring-tears-in-eyes-of-people-1873151,-5,low production,,10
2013-08-17,2013-08-13,Telegraph,http://www.telegraphindia.com/1130813/jsp/odisha/story_17226115.jsp,-4,low supply,,30
2013-08-18,2013-08-13,Telegraph,http://www.telegraphindia.com/1130813/jsp/odisha/story_17226115.jsp,-5,low supply,,30
2013-08-19,2013-08-14,The Hindu,http://www.thehindu.com/news/national/cos-meeting-to-wipe-onion-tears/article5019702.ece,-5,low supply,Possiblity of hoarding highlighted clearly,0
2013-08-20,2013-08-17,The Times of India,http://timesofindia.indiatimes.com/india/Hoarding-pushing-onion-prices-up-govt-finds/articleshow/21872501.cms,-3,traders nexus,Clear signs of traders fixing the prices by creating artificial deficit in jun- july 2013,60
2013-08-21,2013-08-17,The Times of India,http://timesofindia.indiatimes.com/india/Hoarding-pushing-onion-prices-up-govt-finds/articleshow/21872501.cms,-4,traders nexus,Clear signs of traders fixing the prices by creating artificial deficit in jun- july 2013,60
2013-08-22,2013-08-17,The Times of India,http://timesofindia.indiatimes.com/india/Hoarding-pushing-onion-prices-up-govt-finds/articleshow/21872501.cms,-5,traders nexus,Clear signs of traders fixing the prices by creating artificial deficit in jun- july 2013,60
2013-08-23,2013-08-21,The Hindu,http://www.thehindu.com/business/Industry/onion-prices-jump-to-rs-80kg-again/article5044776.ece,-2,low supply,Prices hiked again,0
2013-08-24,2013-08-21,The Hindu,http://www.thehindu.com/business/Industry/onion-prices-jump-to-rs-80kg-again/article5044776.ece,-3,low supply,Prices hiked again,0
2013-08-25,2013-08-21,The Hindu,http://www.thehindu.com/business/Industry/onion-prices-jump-to-rs-80kg-again/article5044776.ece,-4,low supply,Prices hiked again,0
2013-08-26,2013-08-21,The Hindu,http://www.thehindu.com/business/Industry/onion-prices-jump-to-rs-80kg-again/article5044776.ece,-5,low supply,Prices hiked again,0
2013-08-27,2013-08-22,Money Control,http://www.moneycontrol.com/news/economy/onion-prices-shoot-back-to-rs-80kgmany-partsindia_939103.html,-5,not stated,,1
2013-08-29,2013-09-03,NDTV,http://www.ndtv.com/india-news/onion-prices-may-ease-when-south-india-crop-hits-market-government-533474,5,low supply,,0
2013-08-30,2013-09-03,NDTV,http://www.ndtv.com/india-news/onion-prices-may-ease-when-south-india-crop-hits-market-government-533474,4,low supply,,0
2013-08-31,2013-09-03,NDTV,http://www.ndtv.com/india-news/onion-prices-may-ease-when-south-india-crop-hits-market-government-533474,3,low supply,,0
2013-09-01,2013-09-03,NDTV,http://www.ndtv.com/india-news/onion-prices-may-ease-when-south-india-crop-hits-market-government-533474,2,low supply,,0
2013-09-02,2013-09-03,NDTV,http://www.ndtv.com/india-news/onion-prices-may-ease-when-south-india-crop-hits-market-government-533474,1,low supply,,0
2013-09-03,2013-09-03,NDTV,http://www.ndtv.com/india-news/onion-prices-may-ease-when-south-india-crop-hits-market-government-533474,0,low supply,,0
2013-09-04,2013-09-03,NDTV,http://www.ndtv.com/india-news/onion-prices-may-ease-when-south-india-crop-hits-market-government-533474,-1,low supply,,0
2013-09-05,2013-09-03,NDTV,http://www.ndtv.com/india-news/onion-prices-may-ease-when-south-india-crop-hits-market-government-533474,-2,low supply,,0
2013-09-06,2013-09-03,NDTV,http://www.ndtv.com/india-news/onion-prices-may-ease-when-south-india-crop-hits-market-government-533474,-3,low supply,,0
2013-09-07,2013-09-03,NDTV,http://www.ndtv.com/india-news/onion-prices-may-ease-when-south-india-crop-hits-market-government-533474,-4,low supply,,0
2013-09-08,2013-09-03,NDTV,http://www.ndtv.com/india-news/onion-prices-may-ease-when-south-india-crop-hits-market-government-533474,-5,low supply,,0
2013-09-10,2013-09-15,Business Standard,http://www.business-standard.com/article/current-affairs/imported-onion-from-egypt-hits-indian-ports-prices-to-cool-113091500607_1.html,5,low supply,,7
2013-09-11,2013-09-15,Business Standard,http://www.business-standard.com/article/current-affairs/imported-onion-from-egypt-hits-indian-ports-prices-to-cool-113091500607_1.html,4,low supply,,7
2013-09-12,2013-09-15,Business Standard,http://www.business-standard.com/article/current-affairs/imported-onion-from-egypt-hits-indian-ports-prices-to-cool-113091500607_1.html,3,low supply,,7
2013-09-13,2013-09-15,Business Standard,http://www.business-standard.com/article/current-affairs/imported-onion-from-egypt-hits-indian-ports-prices-to-cool-113091500607_1.html,2,low supply,,7
2013-09-14,2013-09-15,Business Standard,http://www.business-standard.com/article/current-affairs/imported-onion-from-egypt-hits-indian-ports-prices-to-cool-113091500607_1.html,1,low supply,,7
2013-09-15,2013-09-15,Business Standard,http://www.business-standard.com/article/current-affairs/imported-onion-from-egypt-hits-indian-ports-prices-to-cool-113091500607_1.html,0,low supply,,7
2013-09-16,2013-09-15,Business Standard,http://www.business-standard.com/article/current-affairs/imported-onion-from-egypt-hits-indian-ports-prices-to-cool-113091500607_1.html,-1,low supply,,7
2013-09-17,2013-09-15,Business Standard,http://www.business-standard.com/article/current-affairs/imported-onion-from-egypt-hits-indian-ports-prices-to-cool-113091500607_1.html,-2,low supply,,7
2013-09-18,2013-09-15,Business Standard,http://www.business-standard.com/article/current-affairs/imported-onion-from-egypt-hits-indian-ports-prices-to-cool-113091500607_1.html,-3,low supply,,7
2013-09-19,2013-09-15,Business Standard,http://www.business-standard.com/article/current-affairs/imported-onion-from-egypt-hits-indian-ports-prices-to-cool-113091500607_1.html,-4,low supply,,7
2013-09-20,2013-09-15,Business Standard,http://www.business-standard.com/article/current-affairs/imported-onion-from-egypt-hits-indian-ports-prices-to-cool-113091500607_1.html,-5,low supply,,7
2013-09-21,2013-09-16,Business Standard,http://www.business-standard.com/article/markets/onion-prices-rise-despite-arrival-of-imported-stock-113091600861_1.html,-5,low supply,no,None
2013-09-22,2013-09-18,The Times of India,http://timesofindia.indiatimes.com/india/Onion-price-rise-may-be-due-to-hoarding-Centre/articleshow/22672225.cms,-4,traders nexus,no,None
2013-09-23,2013-09-18,The Times of India,http://timesofindia.indiatimes.com/india/Onion-price-rise-may-be-due-to-hoarding-Centre/articleshow/22672225.cms,-5,traders nexus,no,None
2013-09-24,2013-09-19,The Hindu,http://www.thehindu.com/news/cities/chennai/price-of-onions-on-the-rise-again/article5142858.ece,-5,not stated,no,None
2013-10-05,2013-10-10,The Economic Times,http://articles.economictimes.indiatimes.com/2013-10-10/news/42903314_1_export-price-price-rise-onion-prices,5,traders nexus,,0
2013-10-06,2013-10-10,The Economic Times,http://articles.economictimes.indiatimes.com/2013-10-10/news/42903314_1_export-price-price-rise-onion-prices,4,traders nexus,,0
2013-10-07,2013-10-10,The Economic Times,http://articles.economictimes.indiatimes.com/2013-10-10/news/42903314_1_export-price-price-rise-onion-prices,3,traders nexus,,0
2013-10-08,2013-10-10,The Economic Times,http://articles.economictimes.indiatimes.com/2013-10-10/news/42903314_1_export-price-price-rise-onion-prices,2,traders nexus,,0
2013-10-09,2013-10-10,The Economic Times,http://articles.economictimes.indiatimes.com/2013-10-10/news/42903314_1_export-price-price-rise-onion-prices,1,traders nexus,,0
2013-10-10,2013-10-10,The Economic Times,http://articles.economictimes.indiatimes.com/2013-10-10/news/42903314_1_export-price-price-rise-onion-prices,0,traders nexus,,0
2013-10-11,2013-10-10,The Economic Times,http://articles.economictimes.indiatimes.com/2013-10-10/news/42903314_1_export-price-price-rise-onion-prices,-1,traders nexus,,0
2013-10-12,2013-10-10,The Economic Times,http://articles.economictimes.indiatimes.com/2013-10-10/news/42903314_1_export-price-price-rise-onion-prices,-2,traders nexus,,0
2013-10-13,2013-10-10,The Economic Times,http://articles.economictimes.indiatimes.com/2013-10-10/news/42903314_1_export-price-price-rise-onion-prices,-3,traders nexus,,0
2013-10-14,2013-10-10,The Economic Times,http://articles.economictimes.indiatimes.com/2013-10-10/news/42903314_1_export-price-price-rise-onion-prices,-4,traders nexus,,0
2013-10-15,2013-10-10,The Economic Times,http://articles.economictimes.indiatimes.com/2013-10-10/news/42903314_1_export-price-price-rise-onion-prices,-5,traders nexus,,0
2013-10-17,2013-10-22,NDTV,http://profit.ndtv.com/news/cheat-sheet/article-why-onion-prices-are-inching-towards-rs-100-per-kg-370138,5,low supply,,0
2013-10-18,2013-10-22,NDTV,http://profit.ndtv.com/news/cheat-sheet/article-why-onion-prices-are-inching-towards-rs-100-per-kg-370138,4,low supply,,0
2013-10-19,2013-10-22,NDTV,http://profit.ndtv.com/news/cheat-sheet/article-why-onion-prices-are-inching-towards-rs-100-per-kg-370138,3,low supply,,0
2013-10-20,2013-10-22,NDTV,http://profit.ndtv.com/news/cheat-sheet/article-why-onion-prices-are-inching-towards-rs-100-per-kg-370138,2,low supply,,0
2013-10-21,2013-10-22,NDTV,http://profit.ndtv.com/news/cheat-sheet/article-why-onion-prices-are-inching-towards-rs-100-per-kg-370138,1,low supply,,0
2013-10-22,2013-10-22,NDTV,http://profit.ndtv.com/news/cheat-sheet/article-why-onion-prices-are-inching-towards-rs-100-per-kg-370138,0,low supply,,0
2013-10-23,2013-10-22,NDTV,http://profit.ndtv.com/news/cheat-sheet/article-why-onion-prices-are-inching-towards-rs-100-per-kg-370138,-1,low supply,,0
2013-10-24,2013-10-22,NDTV,http://profit.ndtv.com/news/cheat-sheet/article-why-onion-prices-are-inching-towards-rs-100-per-kg-370138,-2,low supply,,0
2013-10-25,2013-10-22,NDTV,http://profit.ndtv.com/news/cheat-sheet/article-why-onion-prices-are-inching-towards-rs-100-per-kg-370138,-3,low supply,,0
2013-10-26,2013-10-22,NDTV,http://profit.ndtv.com/news/cheat-sheet/article-why-onion-prices-are-inching-towards-rs-100-per-kg-370138,-4,low supply,,0
2013-10-27,2013-10-22,NDTV,http://profit.ndtv.com/news/cheat-sheet/article-why-onion-prices-are-inching-towards-rs-100-per-kg-370138,-5,low supply,,0
2013-10-28,2013-10-23,The Hindustan Times,http://www.hindustantimes.com/india/rs-100-and-rising-onion-prices-surge-uncontrollably/story-sFzxWMO87KI5KnQ2FXdLFL.html,-5,bad weather,no,None
2013-10-29,2013-10-24,The Hindu,http://www.thehindu.com/business/Industry/india-floats-tender-for-import-of-onions/article5264970.ece,-5,traders nexus,,10
2013-10-30,2013-10-25,First Post,http://www.firstpost.com/india/why-onions-are-rs-100kg-despite-10-crop-increase-supply-traders-1194063.html,-5,traders nexus,,0
2013-10-31,2013-10-26,NDTV,http://www.ndtv.com/india-news/chief-ministers-onion-mission-begins-in-assam-538929,-5,Not mentioned,,0
2013-11-01,2013-10-28,DNA,http://www.dnaindia.com/mumbai/report-dna-exclusive-traders-not-farmers-making-the-most-of-soaring-onion-price-1909850,-4,traders nexus,,0
2013-11-02,2013-10-28,DNA,http://www.dnaindia.com/mumbai/report-dna-exclusive-traders-not-farmers-making-the-most-of-soaring-onion-price-1909850,-5,traders nexus,,0
2013-11-03,2013-11-04,The Hindu,http://www.thehindu.com/business/markets/govt-hikes-onion-mep-to-1150-per-tonne-to-check-prices/article5313950.ece,1,low supply,,30
2013-11-04,2013-11-04,The Hindu,http://www.thehindu.com/business/markets/govt-hikes-onion-mep-to-1150-per-tonne-to-check-prices/article5313950.ece,0,low supply,,30
2013-11-05,2013-11-04,The Hindu,http://www.thehindu.com/business/markets/govt-hikes-onion-mep-to-1150-per-tonne-to-check-prices/article5313950.ece,-1,low supply,,30
2013-11-06,2013-11-04,The Hindu,http://www.thehindu.com/business/markets/govt-hikes-onion-mep-to-1150-per-tonne-to-check-prices/article5313950.ece,-2,low supply,,30
2013-11-07,2013-11-04,The Hindu,http://www.thehindu.com/business/markets/govt-hikes-onion-mep-to-1150-per-tonne-to-check-prices/article5313950.ece,-3,low supply,,30
2013-11-08,2013-11-04,The Hindu,http://www.thehindu.com/business/markets/govt-hikes-onion-mep-to-1150-per-tonne-to-check-prices/article5313950.ece,-4,low supply,,30
2013-11-09,2013-11-04,The Hindu,http://www.thehindu.com/business/markets/govt-hikes-onion-mep-to-1150-per-tonne-to-check-prices/article5313950.ece,-5,low supply,,30
2013-11-10,2013-11-06,The Hindu,http://www.thehindu.com/business/Industry/after-onions-tomato-prices-soar/article5317582.ece,-4,Increased prices of onion,,0
2013-11-11,2013-11-06,The Hindu,http://www.thehindu.com/business/Industry/after-onions-tomato-prices-soar/article5317582.ece,-5,Increased prices of onion,,0
2013-11-12,2013-11-13,The Times of India,http://timesofindia.indiatimes.com/india/No-let-up-in-prices-of-onion-potato-tomato/articleshow/25664320.cms,1,traders nexus,,12
2013-11-13,2013-11-13,The Times of India,http://timesofindia.indiatimes.com/india/No-let-up-in-prices-of-onion-potato-tomato/articleshow/25664320.cms,0,traders nexus,,12
2013-11-14,2013-11-13,The Times of India,http://timesofindia.indiatimes.com/india/No-let-up-in-prices-of-onion-potato-tomato/articleshow/25664320.cms,-1,traders nexus,,12
2013-11-15,2013-11-13,The Times of India,http://timesofindia.indiatimes.com/india/No-let-up-in-prices-of-onion-potato-tomato/articleshow/25664320.cms,-2,traders nexus,,12
2013-11-16,2013-11-13,The Times of India,http://timesofindia.indiatimes.com/india/No-let-up-in-prices-of-onion-potato-tomato/articleshow/25664320.cms,-3,traders nexus,,12
2013-11-17,2013-11-13,The Times of India,http://timesofindia.indiatimes.com/india/No-let-up-in-prices-of-onion-potato-tomato/articleshow/25664320.cms,-4,traders nexus,,12
2013-11-18,2013-11-13,The Times of India,http://timesofindia.indiatimes.com/india/No-let-up-in-prices-of-onion-potato-tomato/articleshow/25664320.cms,-5,traders nexus,,12
2013-11-19,2013-11-15,The Times of India,http://timesofindia.indiatimes.com/business/india-business/Onion-prices-up-278-tomato-122-in-one-year/articleshow/25780005.cms,-4,not stated,,365
2013-11-20,2013-11-15,The Times of India,http://timesofindia.indiatimes.com/business/india-business/Onion-prices-up-278-tomato-122-in-one-year/articleshow/25780005.cms,-5,not stated,,365
2013-11-21,2013-11-19,First Post,http://www.firstpost.com/politics/onion-tomato-price-hoardings-to-malign-party-cong-writes-to-ec-1238589.html,-2,traders nexus,,0
2013-11-22,2013-11-19,First Post,http://www.firstpost.com/politics/onion-tomato-price-hoardings-to-malign-party-cong-writes-to-ec-1238589.html,-3,traders nexus,,0
2013-11-23,2013-11-19,First Post,http://www.firstpost.com/politics/onion-tomato-price-hoardings-to-malign-party-cong-writes-to-ec-1238589.html,-4,traders nexus,,0
2013-11-24,2013-11-19,First Post,http://www.firstpost.com/politics/onion-tomato-price-hoardings-to-malign-party-cong-writes-to-ec-1238589.html,-5,traders nexus,,0
2013-12-08,2013-12-13,The Economic Times,http://articles.economictimes.indiatimes.com/2015-09-11/news/66434886_1_lasalgaon-apmc-onion-prices-onion-exporters-association,5,not stated,no,None
2013-12-09,2013-12-13,The Economic Times,http://articles.economictimes.indiatimes.com/2015-09-11/news/66434886_1_lasalgaon-apmc-onion-prices-onion-exporters-association,4,not stated,no,None
2013-12-10,2013-12-13,The Economic Times,http://articles.economictimes.indiatimes.com/2015-09-11/news/66434886_1_lasalgaon-apmc-onion-prices-onion-exporters-association,3,not stated,no,None
2013-12-11,2013-12-13,The Economic Times,http://articles.economictimes.indiatimes.com/2015-09-11/news/66434886_1_lasalgaon-apmc-onion-prices-onion-exporters-association,2,not stated,no,None
2013-12-12,2013-12-13,The Economic Times,http://articles.economictimes.indiatimes.com/2015-09-11/news/66434886_1_lasalgaon-apmc-onion-prices-onion-exporters-association,1,not stated,no,None
2014-07-03,2014-06-30,The Times of India,http://timesofindia.indiatimes.com/india/Retail-onion-prices-soar-to-double-of-wholesale-rates/articleshow/37490678.cms,-3,traders nexus,,0
2014-07-04,2014-06-30,The Times of India,http://timesofindia.indiatimes.com/india/Retail-onion-prices-soar-to-double-of-wholesale-rates/articleshow/37490678.cms,-4,traders nexus,,0
2014-07-05,2014-06-30,The Times of India,http://timesofindia.indiatimes.com/india/Retail-onion-prices-soar-to-double-of-wholesale-rates/articleshow/37490678.cms,-5,traders nexus,,0
2014-07-06,2014-07-01,NDTV,http://www.ndtv.com/cheat-sheet/poor-rainfall-could-cause-drought-like-conditions-in-parts-of-west-india-agriculture-minister-582801,-5,not stated,50% hike,7
2014-07-07,2014-07-02,The Times of India,http://timesofindia.indiatimes.com/business/india-business/Govt-hikes-minimum-export-price-of-onion-to-US-500-per-tonne/articleshow/37630139.cms,-5,prediction of delayed monsoon,no,30
2014-07-08,2014-07-03,The Economic Times,http://articles.economictimes.indiatimes.com/2014-07-03/news/51057542_1_stock-limits-onions-ravi-shankar-prasad,-5,traders nexus,,0
2014-07-09,2014-07-13,The Times of India,http://timesofindia.indiatimes.com/india/Govt-to-check-onion-prices-with-imports/articleshow/38282324.cms,4,low production,,30
2014-07-10,2014-07-13,The Times of India,http://timesofindia.indiatimes.com/india/Govt-to-check-onion-prices-with-imports/articleshow/38282324.cms,3,low production,,30
2014-07-11,2014-07-13,The Times of India,http://timesofindia.indiatimes.com/india/Govt-to-check-onion-prices-with-imports/articleshow/38282324.cms,2,low production,,30
2014-07-12,2014-07-13,The Times of India,http://timesofindia.indiatimes.com/india/Govt-to-check-onion-prices-with-imports/articleshow/38282324.cms,1,low production,,30
2014-07-13,2014-07-13,The Times of India,http://timesofindia.indiatimes.com/india/Govt-to-check-onion-prices-with-imports/articleshow/38282324.cms,0,low production,,30
2014-07-14,2014-07-13,The Times of India,http://timesofindia.indiatimes.com/india/Govt-to-check-onion-prices-with-imports/articleshow/38282324.cms,-1,low production,,30
2014-07-15,2014-07-13,The Times of India,http://timesofindia.indiatimes.com/india/Govt-to-check-onion-prices-with-imports/articleshow/38282324.cms,-2,low production,,30
2014-07-16,2014-07-13,The Times of India,http://timesofindia.indiatimes.com/india/Govt-to-check-onion-prices-with-imports/articleshow/38282324.cms,-3,low production,,30
2014-07-17,2014-07-13,The Times of India,http://timesofindia.indiatimes.com/india/Govt-to-check-onion-prices-with-imports/articleshow/38282324.cms,-4,low production,,30
2014-07-18,2014-07-13,The Times of India,http://timesofindia.indiatimes.com/india/Govt-to-check-onion-prices-with-imports/articleshow/38282324.cms,-5,low production,,30
2014-07-19,2014-07-15,First Post,http://www.firstpost.com/india/why-modi-sarkaar-should-ready-itself-for-another-fight-with-inflation-1619551.html,-4,not stated,Title : Why Modi sarkaar should ready itself for another fight with inflation , but stated that onion prices are high as compared to last year,30
2014-07-20,2014-07-15,First Post,http://www.firstpost.com/india/why-modi-sarkaar-should-ready-itself-for-another-fight-with-inflation-1619551.html,-5,not stated,Title : Why Modi sarkaar should ready itself for another fight with inflation , but stated that onion prices are high as compared to last year,30
2014-07-21,2014-07-17,Business Standard,http://www.business-standard.com/article/economy-policy/price-stabilization-fund-in-agriculture-to-be-used-for-cereals-and-vegetables-114071701051_1.html,-4,not stated,,40
2014-07-22,2014-07-17,Business Standard,http://www.business-standard.com/article/economy-policy/price-stabilization-fund-in-agriculture-to-be-used-for-cereals-and-vegetables-114071701051_1.html,-5,not stated,,40
Graph Based Result:::
Date,Value
News Data
Start Date, End Date,News Source,Link,Days,Reason,Comment,Days Reported
VAR Result:::
Date,Value
News Data
Start Date, End Date,News Source,Link,Days,Reason,Comment,Days Reported
(1U2U3) Result:::
Date
2006-01-01 00:00:00
2006-01-02 00:00:00
2006-01-03 00:00:00
2006-01-04 00:00:00
2006-01-05 00:00:00
2006-01-06 00:00:00
2006-01-07 00:00:00
2006-01-08 00:00:00
2006-01-09 00:00:00
2006-01-10 00:00:00
2006-01-11 00:00:00
2006-01-12 00:00:00
2006-01-13 00:00:00
2006-01-14 00:00:00
2006-01-15 00:00:00
2006-03-02 00:00:00
2006-03-03 00:00:00
2006-03-04 00:00:00
2006-03-05 00:00:00
2006-03-06 00:00:00
2006-03-07 00:00:00
2006-03-08 00:00:00
2006-03-09 00:00:00
2006-03-10 00:00:00
2006-03-11 00:00:00
2006-03-12 00:00:00
2006-03-13 00:00:00
2006-03-14 00:00:00
2006-03-15 00:00:00
2006-03-16 00:00:00
2006-03-17 00:00:00
2006-03-18 00:00:00
2006-03-19 00:00:00
2006-03-20 00:00:00
2006-03-21 00:00:00
2006-03-22 00:00:00
2006-03-23 00:00:00
2006-03-24 00:00:00
2006-03-25 00:00:00
2006-03-26 00:00:00
2006-03-27 00:00:00
2006-03-28 00:00:00
2006-03-29 00:00:00
2006-03-30 00:00:00
2006-03-31 00:00:00
2006-04-01 00:00:00
2006-04-02 00:00:00
2006-04-03 00:00:00
2006-04-04 00:00:00
2006-04-05 00:00:00
2006-04-06 00:00:00
2006-04-07 00:00:00
2006-04-08 00:00:00
2006-04-09 00:00:00
2006-04-10 00:00:00
2006-04-11 00:00:00
2006-04-12 00:00:00
2006-04-13 00:00:00
2006-04-14 00:00:00
2006-04-15 00:00:00
2006-04-16 00:00:00
2006-04-17 00:00:00
2006-04-18 00:00:00
2006-04-19 00:00:00
2006-04-20 00:00:00
2006-04-21 00:00:00
2006-04-22 00:00:00
2006-04-23 00:00:00
2006-04-24 00:00:00
2006-04-25 00:00:00
2006-04-26 00:00:00
2006-04-27 00:00:00
2006-04-28 00:00:00
2006-04-29 00:00:00
2006-04-30 00:00:00
2006-05-01 00:00:00
2006-05-02 00:00:00
2006-05-03 00:00:00
2006-05-04 00:00:00
2006-05-05 00:00:00
2006-05-06 00:00:00
2006-05-07 00:00:00
2006-05-08 00:00:00
2006-05-09 00:00:00
2006-05-10 00:00:00
2006-05-11 00:00:00
2006-05-12 00:00:00
2006-05-13 00:00:00
2006-05-14 00:00:00
2006-05-15 00:00:00
2006-05-16 00:00:00
2006-05-17 00:00:00
2006-05-18 00:00:00
2006-05-19 00:00:00
2006-05-20 00:00:00
2006-05-21 00:00:00
2006-05-22 00:00:00
2006-05-23 00:00:00
2006-05-24 00:00:00
2006-05-25 00:00:00
2006-05-26 00:00:00
2006-05-27 00:00:00
2006-05-28 00:00:00
2006-05-29 00:00:00
2006-05-30 00:00:00
2006-06-30 00:00:00
2006-07-01 00:00:00
2006-07-02 00:00:00
2006-07-03 00:00:00
2006-07-04 00:00:00
2006-07-05 00:00:00
2006-07-06 00:00:00
2006-07-07 00:00:00
2006-07-08 00:00:00
2006-07-09 00:00:00
2006-07-10 00:00:00
2006-07-11 00:00:00
2006-07-12 00:00:00
2006-07-13 00:00:00
2006-07-14 00:00:00
2006-07-15 00:00:00
2006-07-16 00:00:00
2006-07-17 00:00:00
2006-07-18 00:00:00
2006-07-19 00:00:00
2006-07-20 00:00:00
2006-07-21 00:00:00
2006-07-22 00:00:00
2006-07-23 00:00:00
2006-07-24 00:00:00
2006-07-25 00:00:00
2006-07-26 00:00:00
2006-07-27 00:00:00
2006-07-28 00:00:00
2006-07-29 00:00:00
2006-08-14 00:00:00
2006-08-15 00:00:00
2006-08-16 00:00:00
2006-08-17 00:00:00
2006-08-18 00:00:00
2006-08-19 00:00:00
2006-08-20 00:00:00
2006-08-21 00:00:00
2006-08-22 00:00:00
2006-08-23 00:00:00
2006-08-24 00:00:00
2006-08-25 00:00:00
2006-08-26 00:00:00
2006-08-27 00:00:00
2006-08-28 00:00:00
2006-09-13 00:00:00
2006-09-14 00:00:00
2006-09-15 00:00:00
2006-09-16 00:00:00
2006-09-17 00:00:00
2006-09-18 00:00:00
2006-09-19 00:00:00
2006-09-20 00:00:00
2006-09-21 00:00:00
2006-09-22 00:00:00
2006-09-23 00:00:00
2006-09-24 00:00:00
2006-09-25 00:00:00
2006-09-26 00:00:00
2006-09-27 00:00:00
2006-09-28 00:00:00
2006-09-29 00:00:00
2006-09-30 00:00:00
2006-10-01 00:00:00
2006-10-02 00:00:00
2006-10-03 00:00:00
2006-10-04 00:00:00
2006-10-05 00:00:00
2006-10-06 00:00:00
2006-10-07 00:00:00
2006-10-08 00:00:00
2006-10-09 00:00:00
2006-10-10 00:00:00
2006-10-11 00:00:00
2006-10-12 00:00:00
2006-10-13 00:00:00
2006-10-14 00:00:00
2006-10-15 00:00:00
2006-10-16 00:00:00
2006-10-17 00:00:00
2006-10-18 00:00:00
2006-10-19 00:00:00
2006-10-20 00:00:00
2006-10-21 00:00:00
2006-10-22 00:00:00
2006-10-23 00:00:00
2006-10-24 00:00:00
2006-10-25 00:00:00
2006-10-26 00:00:00
2006-10-27 00:00:00
2006-11-27 00:00:00
2006-11-28 00:00:00
2006-11-29 00:00:00
2006-11-30 00:00:00
2006-12-01 00:00:00
2006-12-02 00:00:00
2006-12-03 00:00:00
2006-12-04 00:00:00
2006-12-05 00:00:00
2006-12-06 00:00:00
2006-12-07 00:00:00
2006-12-08 00:00:00
2006-12-09 00:00:00
2006-12-10 00:00:00
2006-12-11 00:00:00
2006-12-27 00:00:00
2006-12-28 00:00:00
2006-12-29 00:00:00
2006-12-30 00:00:00
2006-12-31 00:00:00
2007-01-01 00:00:00
2007-01-02 00:00:00
2007-01-03 00:00:00
2007-01-04 00:00:00
2007-01-05 00:00:00
2007-01-06 00:00:00
2007-01-07 00:00:00
2007-01-08 00:00:00
2007-01-09 00:00:00
2007-01-10 00:00:00
2007-01-11 00:00:00
2007-01-12 00:00:00
2007-01-13 00:00:00
2007-01-14 00:00:00
2007-01-15 00:00:00
2007-01-16 00:00:00
2007-01-17 00:00:00
2007-01-18 00:00:00
2007-01-19 00:00:00
2007-01-20 00:00:00
2007-01-21 00:00:00
2007-01-22 00:00:00
2007-01-23 00:00:00
2007-01-24 00:00:00
2007-01-25 00:00:00
2007-02-10 00:00:00
2007-02-11 00:00:00
2007-02-12 00:00:00
2007-02-13 00:00:00
2007-02-14 00:00:00
2007-02-15 00:00:00
2007-02-16 00:00:00
2007-02-17 00:00:00
2007-02-18 00:00:00
2007-02-19 00:00:00
2007-02-20 00:00:00
2007-02-21 00:00:00
2007-02-22 00:00:00
2007-02-23 00:00:00
2007-02-24 00:00:00
2007-02-25 00:00:00
2007-02-26 00:00:00
2007-02-27 00:00:00
2007-02-28 00:00:00
2007-03-01 00:00:00
2007-03-02 00:00:00
2007-03-03 00:00:00
2007-03-04 00:00:00
2007-03-05 00:00:00
2007-03-06 00:00:00
2007-03-07 00:00:00
2007-03-08 00:00:00
2007-03-09 00:00:00
2007-03-10 00:00:00
2007-03-11 00:00:00
2007-04-11 00:00:00
2007-04-12 00:00:00
2007-04-13 00:00:00
2007-04-14 00:00:00
2007-04-15 00:00:00
2007-04-16 00:00:00
2007-04-17 00:00:00
2007-04-18 00:00:00
2007-04-19 00:00:00
2007-04-20 00:00:00
2007-04-21 00:00:00
2007-04-22 00:00:00
2007-04-23 00:00:00
2007-04-24 00:00:00
2007-04-25 00:00:00
2007-05-06 00:00:00
2007-05-07 00:00:00
2007-05-08 00:00:00
2007-05-09 00:00:00
2007-05-10 00:00:00
2007-05-11 00:00:00
2007-05-12 00:00:00
2007-05-13 00:00:00
2007-05-14 00:00:00
2007-05-15 00:00:00
2007-05-16 00:00:00
2007-05-17 00:00:00
2007-05-18 00:00:00
2007-05-19 00:00:00
2007-05-20 00:00:00
2007-05-21 00:00:00
2007-05-22 00:00:00
2007-05-23 00:00:00
2007-05-24 00:00:00
2007-05-25 00:00:00
2007-05-26 00:00:00
2007-05-27 00:00:00
2007-05-28 00:00:00
2007-05-29 00:00:00
2007-05-30 00:00:00
2007-05-31 00:00:00
2007-06-01 00:00:00
2007-06-02 00:00:00
2007-06-03 00:00:00
2007-06-04 00:00:00
2007-06-05 00:00:00
2007-06-06 00:00:00
2007-06-07 00:00:00
2007-06-08 00:00:00
2007-06-09 00:00:00
2007-06-10 00:00:00
2007-06-11 00:00:00
2007-06-12 00:00:00
2007-06-13 00:00:00
2007-06-14 00:00:00
2007-06-15 00:00:00
2007-06-16 00:00:00
2007-06-17 00:00:00
2007-06-18 00:00:00
2007-06-19 00:00:00
2007-06-20 00:00:00
2007-06-21 00:00:00
2007-06-22 00:00:00
2007-06-23 00:00:00
2007-06-24 00:00:00
2007-07-25 00:00:00
2007-07-26 00:00:00
2007-07-27 00:00:00
2007-07-28 00:00:00
2007-07-29 00:00:00
2007-07-30 00:00:00
2007-07-31 00:00:00
2007-08-01 00:00:00
2007-08-02 00:00:00
2007-08-03 00:00:00
2007-08-04 00:00:00
2007-08-05 00:00:00
2007-08-06 00:00:00
2007-08-07 00:00:00
2007-08-08 00:00:00
2007-08-12 00:00:00
2007-08-13 00:00:00
2007-08-14 00:00:00
2007-08-15 00:00:00
2007-08-16 00:00:00
2007-08-17 00:00:00
2007-08-18 00:00:00
2007-08-19 00:00:00
2007-08-20 00:00:00
2007-08-21 00:00:00
2007-08-22 00:00:00
2007-08-23 00:00:00
2007-08-24 00:00:00
2007-08-25 00:00:00
2007-08-26 00:00:00
2007-08-27 00:00:00
2007-08-28 00:00:00
2007-08-29 00:00:00
2007-08-30 00:00:00
2007-08-31 00:00:00
2007-09-01 00:00:00
2007-09-02 00:00:00
2007-09-03 00:00:00
2007-09-04 00:00:00
2007-09-05 00:00:00
2007-09-06 00:00:00
2007-09-07 00:00:00
2007-09-08 00:00:00
2007-09-09 00:00:00
2007-09-10 00:00:00
2007-09-11 00:00:00
2007-09-12 00:00:00
2007-09-13 00:00:00
2007-09-14 00:00:00
2007-09-15 00:00:00
2007-09-16 00:00:00
2007-09-17 00:00:00
2007-09-18 00:00:00
2007-09-19 00:00:00
2007-09-20 00:00:00
2007-09-21 00:00:00
2007-09-22 00:00:00
2007-10-23 00:00:00
2007-10-24 00:00:00
2007-10-25 00:00:00
2007-10-26 00:00:00
2007-10-27 00:00:00
2007-10-28 00:00:00
2007-10-29 00:00:00
2007-10-30 00:00:00
2007-10-31 00:00:00
2007-11-01 00:00:00
2007-11-02 00:00:00
2007-11-03 00:00:00
2007-11-04 00:00:00
2007-11-05 00:00:00
2007-11-06 00:00:00
2007-12-07 00:00:00
2007-12-08 00:00:00
2007-12-09 00:00:00
2007-12-10 00:00:00
2007-12-11 00:00:00
2007-12-12 00:00:00
2007-12-13 00:00:00
2007-12-14 00:00:00
2007-12-15 00:00:00
2007-12-16 00:00:00
2007-12-17 00:00:00
2007-12-18 00:00:00
2007-12-19 00:00:00
2007-12-20 00:00:00
2007-12-21 00:00:00
2008-01-06 00:00:00
2008-01-07 00:00:00
2008-01-08 00:00:00
2008-01-09 00:00:00
2008-01-10 00:00:00
2008-01-11 00:00:00
2008-01-12 00:00:00
2008-01-13 00:00:00
2008-01-14 00:00:00
2008-01-15 00:00:00
2008-01-16 00:00:00
2008-01-17 00:00:00
2008-01-18 00:00:00
2008-01-19 00:00:00
2008-01-20 00:00:00
2008-03-06 00:00:00
2008-03-07 00:00:00
2008-03-08 00:00:00
2008-03-09 00:00:00
2008-03-10 00:00:00
2008-03-11 00:00:00
2008-03-12 00:00:00
2008-03-13 00:00:00
2008-03-14 00:00:00
2008-03-15 00:00:00
2008-03-16 00:00:00
2008-03-17 00:00:00
2008-03-18 00:00:00
2008-03-19 00:00:00
2008-03-20 00:00:00
2008-04-05 00:00:00
2008-04-06 00:00:00
2008-04-07 00:00:00
2008-04-08 00:00:00
2008-04-09 00:00:00
2008-04-10 00:00:00
2008-04-11 00:00:00
2008-04-12 00:00:00
2008-04-13 00:00:00
2008-04-14 00:00:00
2008-04-15 00:00:00
2008-04-16 00:00:00
2008-04-17 00:00:00
2008-04-18 00:00:00
2008-04-19 00:00:00
2008-05-05 00:00:00
2008-05-06 00:00:00
2008-05-07 00:00:00
2008-05-08 00:00:00
2008-05-09 00:00:00
2008-05-10 00:00:00
2008-05-11 00:00:00
2008-05-12 00:00:00
2008-05-13 00:00:00
2008-05-14 00:00:00
2008-05-15 00:00:00
2008-05-16 00:00:00
2008-05-17 00:00:00
2008-05-18 00:00:00
2008-05-19 00:00:00
2008-06-04 00:00:00
2008-06-05 00:00:00
2008-06-06 00:00:00
2008-06-07 00:00:00
2008-06-08 00:00:00
2008-06-09 00:00:00
2008-06-10 00:00:00
2008-06-11 00:00:00
2008-06-12 00:00:00
2008-06-13 00:00:00
2008-06-14 00:00:00
2008-06-15 00:00:00
2008-06-16 00:00:00
2008-06-17 00:00:00
2008-06-18 00:00:00
2008-07-04 00:00:00
2008-07-05 00:00:00
2008-07-06 00:00:00
2008-07-07 00:00:00
2008-07-08 00:00:00
2008-07-09 00:00:00
2008-07-10 00:00:00
2008-07-11 00:00:00
2008-07-12 00:00:00
2008-07-13 00:00:00
2008-07-14 00:00:00
2008-07-15 00:00:00
2008-07-16 00:00:00
2008-07-17 00:00:00
2008-07-18 00:00:00
2008-07-19 00:00:00
2008-07-20 00:00:00
2008-07-21 00:00:00
2008-07-22 00:00:00
2008-07-23 00:00:00
2008-07-24 00:00:00
2008-07-25 00:00:00
2008-07-26 00:00:00
2008-07-27 00:00:00
2008-07-28 00:00:00
2008-07-29 00:00:00
2008-07-30 00:00:00
2008-07-31 00:00:00
2008-08-01 00:00:00
2008-08-02 00:00:00
2008-09-02 00:00:00
2008-09-03 00:00:00
2008-09-04 00:00:00
2008-09-05 00:00:00
2008-09-06 00:00:00
2008-09-07 00:00:00
2008-09-08 00:00:00
2008-09-09 00:00:00
2008-09-10 00:00:00
2008-09-11 00:00:00
2008-09-12 00:00:00
2008-09-13 00:00:00
2008-09-14 00:00:00
2008-09-15 00:00:00
2008-09-16 00:00:00
2008-10-17 00:00:00
2008-10-18 00:00:00
2008-10-19 00:00:00
2008-10-20 00:00:00
2008-10-21 00:00:00
2008-10-22 00:00:00
2008-10-23 00:00:00
2008-10-24 00:00:00
2008-10-25 00:00:00
2008-10-26 00:00:00
2008-10-27 00:00:00
2008-10-28 00:00:00
2008-10-29 00:00:00
2008-10-30 00:00:00
2008-10-31 00:00:00
2008-11-01 00:00:00
2008-11-02 00:00:00
2008-11-03 00:00:00
2008-11-04 00:00:00
2008-11-05 00:00:00
2008-11-06 00:00:00
2008-11-07 00:00:00
2008-11-08 00:00:00
2008-11-09 00:00:00
2008-11-10 00:00:00
2008-11-11 00:00:00
2008-11-12 00:00:00
2008-11-13 00:00:00
2008-11-14 00:00:00
2008-11-15 00:00:00
2008-11-23 00:00:00
2008-11-24 00:00:00
2008-11-25 00:00:00
2008-11-26 00:00:00
2008-11-27 00:00:00
2008-11-28 00:00:00
2008-11-29 00:00:00
2008-12-31 00:00:00
2009-01-01 00:00:00
2009-01-02 00:00:00
2009-01-03 00:00:00
2009-01-04 00:00:00
2009-01-05 00:00:00
2009-01-06 00:00:00
2009-01-07 00:00:00
2009-01-08 00:00:00
2009-01-09 00:00:00
2009-01-10 00:00:00
2009-01-11 00:00:00
2009-01-12 00:00:00
2009-01-13 00:00:00
2009-01-14 00:00:00
2009-01-25 00:00:00
2009-01-26 00:00:00
2009-01-27 00:00:00
2009-01-28 00:00:00
2009-01-29 00:00:00
2009-01-30 00:00:00
2009-01-31 00:00:00
2009-02-14 00:00:00
2009-02-15 00:00:00
2009-02-16 00:00:00
2009-02-17 00:00:00
2009-02-18 00:00:00
2009-02-19 00:00:00
2009-02-20 00:00:00
2009-02-21 00:00:00
2009-02-22 00:00:00
2009-02-23 00:00:00
2009-02-24 00:00:00
2009-02-25 00:00:00
2009-02-26 00:00:00
2009-02-27 00:00:00
2009-02-28 00:00:00
2009-03-08 00:00:00
2009-03-09 00:00:00
2009-03-10 00:00:00
2009-03-11 00:00:00
2009-03-12 00:00:00
2009-03-13 00:00:00
2009-03-14 00:00:00
2009-03-22 00:00:00
2009-03-23 00:00:00
2009-03-24 00:00:00
2009-03-25 00:00:00
2009-03-26 00:00:00
2009-03-27 00:00:00
2009-03-28 00:00:00
2009-04-15 00:00:00
2009-04-16 00:00:00
2009-04-17 00:00:00
2009-04-18 00:00:00
2009-04-19 00:00:00
2009-04-20 00:00:00
2009-04-21 00:00:00
2009-04-22 00:00:00
2009-04-23 00:00:00
2009-04-24 00:00:00
2009-04-25 00:00:00
2009-04-26 00:00:00
2009-04-27 00:00:00
2009-04-28 00:00:00
2009-04-29 00:00:00
2009-05-24 00:00:00
2009-05-25 00:00:00
2009-05-26 00:00:00
2009-05-27 00:00:00
2009-05-28 00:00:00
2009-05-29 00:00:00
2009-05-30 00:00:00
2009-05-31 00:00:00
2009-06-01 00:00:00
2009-06-02 00:00:00
2009-06-03 00:00:00
2009-06-04 00:00:00
2009-06-05 00:00:00
2009-06-06 00:00:00
2009-06-07 00:00:00
2009-06-08 00:00:00
2009-06-09 00:00:00
2009-06-10 00:00:00
2009-06-11 00:00:00
2009-06-12 00:00:00
2009-06-13 00:00:00
2009-06-14 00:00:00
2009-06-15 00:00:00
2009-06-16 00:00:00
2009-06-17 00:00:00
2009-06-18 00:00:00
2009-06-19 00:00:00
2009-06-20 00:00:00
2009-06-21 00:00:00
2009-06-22 00:00:00
2009-06-23 00:00:00
2009-06-24 00:00:00
2009-06-25 00:00:00
2009-06-26 00:00:00
2009-06-27 00:00:00
2009-06-28 00:00:00
2009-06-29 00:00:00
2009-06-30 00:00:00
2009-07-01 00:00:00
2009-07-02 00:00:00
2009-07-03 00:00:00
2009-07-04 00:00:00
2009-07-05 00:00:00
2009-07-06 00:00:00
2009-07-07 00:00:00
2009-07-08 00:00:00
2009-07-09 00:00:00
2009-07-10 00:00:00
2009-07-11 00:00:00
2009-07-12 00:00:00
2009-07-13 00:00:00
2009-07-26 00:00:00
2009-07-27 00:00:00
2009-07-28 00:00:00
2009-07-29 00:00:00
2009-07-30 00:00:00
2009-07-31 00:00:00
2009-08-01 00:00:00
2009-08-02 00:00:00
2009-08-03 00:00:00
2009-08-04 00:00:00
2009-08-05 00:00:00
2009-08-06 00:00:00
2009-08-07 00:00:00
2009-08-08 00:00:00
2009-08-09 00:00:00
2009-08-10 00:00:00
2009-08-11 00:00:00
2009-08-12 00:00:00
2009-08-13 00:00:00
2009-08-14 00:00:00
2009-08-15 00:00:00
2009-08-16 00:00:00
2009-08-17 00:00:00
2009-08-18 00:00:00
2009-08-19 00:00:00
2009-08-20 00:00:00
2009-08-21 00:00:00
2009-08-22 00:00:00
2009-08-23 00:00:00
2009-08-24 00:00:00
2009-08-25 00:00:00
2009-08-26 00:00:00
2009-08-27 00:00:00
2009-09-27 00:00:00
2009-09-28 00:00:00
2009-09-29 00:00:00
2009-09-30 00:00:00
2009-10-01 00:00:00
2009-10-02 00:00:00
2009-10-03 00:00:00
2009-10-04 00:00:00
2009-10-05 00:00:00
2009-10-06 00:00:00
2009-10-07 00:00:00
2009-10-08 00:00:00
2009-10-09 00:00:00
2009-10-10 00:00:00
2009-10-11 00:00:00
2009-10-12 00:00:00
2009-10-13 00:00:00
2009-10-14 00:00:00
2009-10-15 00:00:00
2009-10-16 00:00:00
2009-10-17 00:00:00
2009-10-18 00:00:00
2009-10-19 00:00:00
2009-10-20 00:00:00
2009-10-21 00:00:00
2009-10-22 00:00:00
2009-10-23 00:00:00
2009-10-24 00:00:00
2009-10-25 00:00:00
2009-10-26 00:00:00
2009-11-15 00:00:00
2009-11-16 00:00:00
2009-11-17 00:00:00
2009-11-18 00:00:00
2009-11-19 00:00:00
2009-11-20 00:00:00
2009-11-21 00:00:00
2009-11-26 00:00:00
2009-11-27 00:00:00
2009-11-28 00:00:00
2009-11-29 00:00:00
2009-11-30 00:00:00
2009-12-01 00:00:00
2009-12-02 00:00:00
2009-12-03 00:00:00
2009-12-04 00:00:00
2009-12-05 00:00:00
2009-12-06 00:00:00
2009-12-07 00:00:00
2009-12-08 00:00:00
2009-12-09 00:00:00
2009-12-10 00:00:00
2010-02-21 00:00:00
2010-02-22 00:00:00
2010-02-23 00:00:00
2010-02-24 00:00:00
2010-02-25 00:00:00
2010-02-26 00:00:00
2010-02-27 00:00:00
2010-03-11 00:00:00
2010-03-12 00:00:00
2010-03-13 00:00:00
2010-03-14 00:00:00
2010-03-15 00:00:00
2010-03-16 00:00:00
2010-03-17 00:00:00
2010-03-18 00:00:00
2010-03-19 00:00:00
2010-03-20 00:00:00
2010-03-21 00:00:00
2010-03-22 00:00:00
2010-03-23 00:00:00
2010-03-24 00:00:00
2010-03-25 00:00:00
2010-03-26 00:00:00
2010-03-27 00:00:00
2010-03-28 00:00:00
2010-03-29 00:00:00
2010-03-30 00:00:00
2010-03-31 00:00:00
2010-04-01 00:00:00
2010-04-02 00:00:00
2010-04-03 00:00:00
2010-04-04 00:00:00
2010-04-05 00:00:00
2010-04-06 00:00:00
2010-04-07 00:00:00
2010-04-08 00:00:00
2010-04-09 00:00:00
2010-04-18 00:00:00
2010-04-19 00:00:00
2010-04-20 00:00:00
2010-04-21 00:00:00
2010-04-22 00:00:00
2010-04-23 00:00:00
2010-04-24 00:00:00
2010-04-25 00:00:00
2010-04-26 00:00:00
2010-04-27 00:00:00
2010-04-28 00:00:00
2010-04-29 00:00:00
2010-04-30 00:00:00
2010-05-01 00:00:00
2010-05-02 00:00:00
2010-05-03 00:00:00
2010-05-04 00:00:00
2010-05-05 00:00:00
2010-05-06 00:00:00
2010-05-07 00:00:00
2010-05-08 00:00:00
2010-05-09 00:00:00
2010-06-09 00:00:00
2010-06-10 00:00:00
2010-06-11 00:00:00
2010-06-12 00:00:00
2010-06-13 00:00:00
2010-06-14 00:00:00
2010-06-15 00:00:00
2010-06-16 00:00:00
2010-06-17 00:00:00
2010-06-18 00:00:00
2010-06-19 00:00:00
2010-06-20 00:00:00
2010-06-21 00:00:00
2010-06-22 00:00:00
2010-06-23 00:00:00
2010-06-24 00:00:00
2010-06-25 00:00:00
2010-06-26 00:00:00
2010-06-27 00:00:00
2010-06-28 00:00:00
2010-06-29 00:00:00
2010-06-30 00:00:00
2010-07-01 00:00:00
2010-07-02 00:00:00
2010-07-03 00:00:00
2010-07-04 00:00:00
2010-07-05 00:00:00
2010-07-06 00:00:00
2010-07-07 00:00:00
2010-07-08 00:00:00
2010-07-09 00:00:00
2010-07-10 00:00:00
2010-07-11 00:00:00
2010-07-12 00:00:00
2010-07-13 00:00:00
2010-07-14 00:00:00
2010-07-15 00:00:00
2010-07-16 00:00:00
2010-07-17 00:00:00
2010-07-18 00:00:00
2010-07-19 00:00:00
2010-07-20 00:00:00
2010-07-21 00:00:00
2010-07-22 00:00:00
2010-07-23 00:00:00
2010-07-24 00:00:00
2010-07-25 00:00:00
2010-07-26 00:00:00
2010-07-27 00:00:00
2010-07-28 00:00:00
2010-07-29 00:00:00
2010-07-30 00:00:00
2010-07-31 00:00:00
2010-08-01 00:00:00
2010-08-02 00:00:00
2010-08-03 00:00:00
2010-08-04 00:00:00
2010-08-05 00:00:00
2010-08-06 00:00:00
2010-08-07 00:00:00
2010-08-15 00:00:00
2010-08-16 00:00:00
2010-08-17 00:00:00
2010-08-18 00:00:00
2010-08-19 00:00:00
2010-08-20 00:00:00
2010-08-21 00:00:00
2010-09-05 00:00:00
2010-09-06 00:00:00
2010-09-07 00:00:00
2010-09-08 00:00:00
2010-09-09 00:00:00
2010-09-10 00:00:00
2010-09-11 00:00:00
2010-09-19 00:00:00
2010-09-20 00:00:00
2010-09-21 00:00:00
2010-09-22 00:00:00
2010-09-23 00:00:00
2010-09-24 00:00:00
2010-09-25 00:00:00
2010-09-26 00:00:00
2010-09-27 00:00:00
2010-09-28 00:00:00
2010-09-29 00:00:00
2010-09-30 00:00:00
2010-10-01 00:00:00
2010-10-02 00:00:00
2010-10-03 00:00:00
2010-10-04 00:00:00
2010-10-05 00:00:00
2010-10-06 00:00:00
2010-10-07 00:00:00
2010-10-08 00:00:00
2010-10-09 00:00:00
2010-10-10 00:00:00
2010-10-11 00:00:00
2010-10-12 00:00:00
2010-10-13 00:00:00
2010-10-14 00:00:00
2010-10-15 00:00:00
2010-10-16 00:00:00
2010-10-17 00:00:00
2010-10-18 00:00:00
2010-10-19 00:00:00
2010-10-20 00:00:00
2010-10-21 00:00:00
2010-11-07 00:00:00
2010-11-08 00:00:00
2010-11-09 00:00:00
2010-11-10 00:00:00
2010-11-11 00:00:00
2010-11-12 00:00:00
2010-11-13 00:00:00
2010-11-14 00:00:00
2010-11-15 00:00:00
2010-11-16 00:00:00
2010-11-17 00:00:00
2010-11-18 00:00:00
2010-11-19 00:00:00
2010-11-20 00:00:00
2010-11-21 00:00:00
2010-11-22 00:00:00
2010-11-23 00:00:00
2010-11-24 00:00:00
2010-11-25 00:00:00
2010-11-26 00:00:00
2010-11-27 00:00:00
2010-11-28 00:00:00
2010-11-29 00:00:00
2010-11-30 00:00:00
2010-12-01 00:00:00
2010-12-02 00:00:00
2010-12-03 00:00:00
2010-12-04 00:00:00
2010-12-05 00:00:00
2010-12-06 00:00:00
2010-12-07 00:00:00
2010-12-08 00:00:00
2010-12-09 00:00:00
2010-12-10 00:00:00
2010-12-11 00:00:00
2010-12-12 00:00:00
2010-12-13 00:00:00
2010-12-14 00:00:00
2010-12-15 00:00:00
2010-12-16 00:00:00
2010-12-17 00:00:00
2010-12-18 00:00:00
2010-12-19 00:00:00
2010-12-20 00:00:00
2010-12-21 00:00:00
2010-12-22 00:00:00
2010-12-23 00:00:00
2010-12-24 00:00:00
2010-12-25 00:00:00
2010-12-26 00:00:00
2010-12-27 00:00:00
2010-12-28 00:00:00
2010-12-29 00:00:00
2010-12-30 00:00:00
2010-12-31 00:00:00
2011-01-01 00:00:00
2011-01-02 00:00:00
2011-01-03 00:00:00
2011-01-04 00:00:00
2011-01-05 00:00:00
2011-01-06 00:00:00
2011-01-07 00:00:00
2011-01-08 00:00:00
2011-01-09 00:00:00
2011-01-10 00:00:00
2011-01-11 00:00:00
2011-01-12 00:00:00
2011-01-13 00:00:00
2011-01-14 00:00:00
2011-01-15 00:00:00
2011-01-16 00:00:00
2011-01-17 00:00:00
2011-01-18 00:00:00
2011-01-19 00:00:00
2011-01-20 00:00:00
2011-01-21 00:00:00
2011-01-22 00:00:00
2011-01-23 00:00:00
2011-01-24 00:00:00
2011-01-25 00:00:00
2011-01-26 00:00:00
2011-01-27 00:00:00
2011-01-28 00:00:00
2011-01-29 00:00:00
2011-01-30 00:00:00
2011-01-31 00:00:00
2011-02-01 00:00:00
2011-02-02 00:00:00
2011-02-03 00:00:00
2011-02-04 00:00:00
2011-02-05 00:00:00
2011-02-06 00:00:00
2011-02-07 00:00:00
2011-02-08 00:00:00
2011-02-09 00:00:00
2011-02-10 00:00:00
2011-02-11 00:00:00
2011-02-12 00:00:00
2011-02-13 00:00:00
2011-02-14 00:00:00
2011-02-15 00:00:00
2011-02-16 00:00:00
2011-02-17 00:00:00
2011-02-18 00:00:00
2011-02-19 00:00:00
2011-03-06 00:00:00
2011-03-07 00:00:00
2011-03-08 00:00:00
2011-03-09 00:00:00
2011-03-10 00:00:00
2011-03-11 00:00:00
2011-03-12 00:00:00
2011-03-13 00:00:00
2011-03-14 00:00:00
2011-03-15 00:00:00
2011-03-16 00:00:00
2011-03-17 00:00:00
2011-03-18 00:00:00
2011-03-19 00:00:00
2011-04-24 00:00:00
2011-04-25 00:00:00
2011-04-26 00:00:00
2011-04-27 00:00:00
2011-04-28 00:00:00
2011-04-29 00:00:00
2011-04-30 00:00:00
2011-07-31 00:00:00
2011-08-01 00:00:00
2011-08-02 00:00:00
2011-08-03 00:00:00
2011-08-04 00:00:00
2011-08-05 00:00:00
2011-08-06 00:00:00
2011-08-07 00:00:00
2011-08-08 00:00:00
2011-08-09 00:00:00
2011-08-10 00:00:00
2011-08-11 00:00:00
2011-08-12 00:00:00
2011-08-13 00:00:00
2011-10-09 00:00:00
2011-10-10 00:00:00
2011-10-11 00:00:00
2011-10-12 00:00:00
2011-10-13 00:00:00
2011-10-14 00:00:00
2011-10-15 00:00:00
2011-12-11 00:00:00
2011-12-12 00:00:00
2011-12-13 00:00:00
2011-12-14 00:00:00
2011-12-15 00:00:00
2011-12-16 00:00:00
2011-12-17 00:00:00
2011-12-18 00:00:00
2011-12-19 00:00:00
2011-12-20 00:00:00
2011-12-21 00:00:00
2011-12-22 00:00:00
2011-12-23 00:00:00
2011-12-24 00:00:00
2012-02-12 00:00:00
2012-02-13 00:00:00
2012-02-14 00:00:00
2012-02-15 00:00:00
2012-02-16 00:00:00
2012-02-17 00:00:00
2012-02-18 00:00:00
2012-07-01 00:00:00
2012-07-02 00:00:00
2012-07-03 00:00:00
2012-07-04 00:00:00
2012-07-05 00:00:00
2012-07-06 00:00:00
2012-07-07 00:00:00
2012-08-05 00:00:00
2012-08-06 00:00:00
2012-08-07 00:00:00
2012-08-08 00:00:00
2012-08-09 00:00:00
2012-08-10 00:00:00
2012-08-11 00:00:00
2012-08-19 00:00:00
2012-08-20 00:00:00
2012-08-21 00:00:00
2012-08-22 00:00:00
2012-08-23 00:00:00
2012-08-24 00:00:00
2012-08-25 00:00:00
2012-09-02 00:00:00
2012-09-03 00:00:00
2012-09-04 00:00:00
2012-09-05 00:00:00
2012-09-06 00:00:00
2012-09-07 00:00:00
2012-09-08 00:00:00
2012-10-28 00:00:00
2012-10-29 00:00:00
2012-10-30 00:00:00
2012-10-31 00:00:00
2012-11-01 00:00:00
2012-11-02 00:00:00
2012-11-03 00:00:00
2013-02-24 00:00:00
2013-02-25 00:00:00
2013-02-26 00:00:00
2013-02-27 00:00:00
2013-02-28 00:00:00
2013-03-01 00:00:00
2013-03-02 00:00:00
2013-04-21 00:00:00
2013-04-22 00:00:00
2013-04-23 00:00:00
2013-04-24 00:00:00
2013-04-25 00:00:00
2013-04-26 00:00:00
2013-04-27 00:00:00
2013-05-12 00:00:00
2013-05-13 00:00:00
2013-05-14 00:00:00
2013-05-15 00:00:00
2013-05-16 00:00:00
2013-05-17 00:00:00
2013-05-18 00:00:00
2013-05-26 00:00:00
2013-05-27 00:00:00
2013-05-28 00:00:00
2013-05-29 00:00:00
2013-05-30 00:00:00
2013-05-31 00:00:00
2013-06-01 00:00:00
2013-06-02 00:00:00
2013-06-03 00:00:00
2013-06-04 00:00:00
2013-06-05 00:00:00
2013-06-06 00:00:00
2013-06-07 00:00:00
2013-06-08 00:00:00
2013-06-09 00:00:00
2013-06-10 00:00:00
2013-06-11 00:00:00
2013-06-12 00:00:00
2013-06-13 00:00:00
2013-06-14 00:00:00
2013-06-15 00:00:00
2013-07-09 00:00:00
2013-07-10 00:00:00
2013-07-11 00:00:00
2013-07-12 00:00:00
2013-07-13 00:00:00
2013-07-14 00:00:00
2013-07-15 00:00:00
2013-07-16 00:00:00
2013-07-17 00:00:00
2013-07-18 00:00:00
2013-07-19 00:00:00
2013-07-20 00:00:00
2013-07-21 00:00:00
2013-07-22 00:00:00
2013-07-23 00:00:00
2013-07-24 00:00:00
2013-07-25 00:00:00
2013-07-26 00:00:00
2013-07-27 00:00:00
2013-07-28 00:00:00
2013-07-29 00:00:00
2013-07-30 00:00:00
2013-07-31 00:00:00
2013-08-01 00:00:00
2013-08-02 00:00:00
2013-08-03 00:00:00
2013-08-04 00:00:00
2013-08-05 00:00:00
2013-08-06 00:00:00
2013-08-07 00:00:00
2013-08-08 00:00:00
2013-08-09 00:00:00
2013-08-10 00:00:00
2013-08-11 00:00:00
2013-08-12 00:00:00
2013-08-13 00:00:00
2013-08-14 00:00:00
2013-08-15 00:00:00
2013-08-16 00:00:00
2013-08-17 00:00:00
2013-08-18 00:00:00
2013-08-19 00:00:00
2013-08-20 00:00:00
2013-08-21 00:00:00
2013-08-22 00:00:00
2013-08-23 00:00:00
2013-08-24 00:00:00
2013-08-25 00:00:00
2013-08-26 00:00:00
2013-08-27 00:00:00
2013-08-28 00:00:00
2013-08-29 00:00:00
2013-08-30 00:00:00
2013-08-31 00:00:00
2013-09-01 00:00:00
2013-09-02 00:00:00
2013-09-03 00:00:00
2013-09-04 00:00:00
2013-09-05 00:00:00
2013-09-06 00:00:00
2013-09-07 00:00:00
2013-09-08 00:00:00
2013-09-09 00:00:00
2013-09-10 00:00:00
2013-09-11 00:00:00
2013-09-12 00:00:00
2013-09-13 00:00:00
2013-09-14 00:00:00
2013-09-15 00:00:00
2013-09-16 00:00:00
2013-09-17 00:00:00
2013-09-18 00:00:00
2013-09-19 00:00:00
2013-09-20 00:00:00
2013-09-21 00:00:00
2013-09-22 00:00:00
2013-09-23 00:00:00
2013-09-24 00:00:00
2013-09-25 00:00:00
2013-09-26 00:00:00
2013-09-27 00:00:00
2013-09-28 00:00:00
2013-09-29 00:00:00
2013-09-30 00:00:00
2013-10-01 00:00:00
2013-10-02 00:00:00
2013-10-03 00:00:00
2013-10-04 00:00:00
2013-10-05 00:00:00
2013-10-06 00:00:00
2013-10-07 00:00:00
2013-10-08 00:00:00
2013-10-09 00:00:00
2013-10-10 00:00:00
2013-10-11 00:00:00
2013-10-12 00:00:00
2013-10-13 00:00:00
2013-10-14 00:00:00
2013-10-15 00:00:00
2013-10-16 00:00:00
2013-10-17 00:00:00
2013-10-18 00:00:00
2013-10-19 00:00:00
2013-10-20 00:00:00
2013-10-21 00:00:00
2013-10-22 00:00:00
2013-10-23 00:00:00
2013-10-24 00:00:00
2013-10-25 00:00:00
2013-10-26 00:00:00
2013-10-27 00:00:00
2013-10-28 00:00:00
2013-10-29 00:00:00
2013-10-30 00:00:00
2013-10-31 00:00:00
2013-11-01 00:00:00
2013-11-02 00:00:00
2013-11-03 00:00:00
2013-11-04 00:00:00
2013-11-05 00:00:00
2013-11-06 00:00:00
2013-11-07 00:00:00
2013-11-08 00:00:00
2013-11-09 00:00:00
2013-11-10 00:00:00
2013-11-11 00:00:00
2013-11-12 00:00:00
2013-11-13 00:00:00
2013-11-14 00:00:00
2013-11-15 00:00:00
2013-11-16 00:00:00
2013-11-17 00:00:00
2013-11-18 00:00:00
2013-11-19 00:00:00
2013-11-20 00:00:00
2013-11-21 00:00:00
2013-11-22 00:00:00
2013-11-23 00:00:00
2013-11-24 00:00:00
2013-11-25 00:00:00
2013-11-26 00:00:00
2013-11-27 00:00:00
2013-11-28 00:00:00
2013-11-29 00:00:00
2013-11-30 00:00:00
2013-12-01 00:00:00
2013-12-02 00:00:00
2013-12-03 00:00:00
2013-12-04 00:00:00
2013-12-05 00:00:00
2013-12-06 00:00:00
2013-12-07 00:00:00
2013-12-08 00:00:00
2013-12-09 00:00:00
2013-12-10 00:00:00
2013-12-11 00:00:00
2013-12-12 00:00:00
2013-12-15 00:00:00
2013-12-16 00:00:00
2013-12-17 00:00:00
2013-12-18 00:00:00
2013-12-19 00:00:00
2013-12-20 00:00:00
2013-12-21 00:00:00
2013-12-22 00:00:00
2013-12-23 00:00:00
2013-12-24 00:00:00
2013-12-25 00:00:00
2013-12-26 00:00:00
2013-12-27 00:00:00
2013-12-28 00:00:00
2013-12-29 00:00:00
2013-12-30 00:00:00
2013-12-31 00:00:00
2014-01-01 00:00:00
2014-01-02 00:00:00
2014-01-03 00:00:00
2014-01-04 00:00:00
2014-05-11 00:00:00
2014-05-12 00:00:00
2014-05-13 00:00:00
2014-05-14 00:00:00
2014-05-15 00:00:00
2014-05-16 00:00:00
2014-05-17 00:00:00
2014-07-03 00:00:00
2014-07-04 00:00:00
2014-07-05 00:00:00
2014-07-06 00:00:00
2014-07-07 00:00:00
2014-07-08 00:00:00
2014-07-09 00:00:00
2014-07-10 00:00:00
2014-07-11 00:00:00
2014-07-12 00:00:00
2014-07-13 00:00:00
2014-07-14 00:00:00
2014-07-15 00:00:00
2014-07-16 00:00:00
2014-07-17 00:00:00
2014-07-18 00:00:00
2014-07-19 00:00:00
2014-07-20 00:00:00
2014-07-21 00:00:00
2014-07-22 00:00:00
2014-07-23 00:00:00
2014-07-24 00:00:00
2014-07-25 00:00:00
2014-07-26 00:00:00
2014-07-27 00:00:00
2014-07-28 00:00:00
2014-07-29 00:00:00
2014-07-30 00:00:00
2014-07-31 00:00:00
2014-08-01 00:00:00
2014-08-02 00:00:00
2014-08-03 00:00:00
2014-08-04 00:00:00
2014-08-05 00:00:00
2014-08-06 00:00:00
2014-08-07 00:00:00
2014-08-08 00:00:00
2014-08-09 00:00:00
2014-08-12 00:00:00
2014-08-13 00:00:00
2014-08-24 00:00:00
2014-08-25 00:00:00
2014-08-26 00:00:00
2014-08-27 00:00:00
2014-08-28 00:00:00
2014-08-29 00:00:00
2014-08-30 00:00:00
2014-08-31 00:00:00
2014-09-01 00:00:00
2014-09-02 00:00:00
2014-09-03 00:00:00
2014-09-04 00:00:00
2014-09-05 00:00:00
2014-09-06 00:00:00
2014-10-26 00:00:00
2014-10-27 00:00:00
2014-10-28 00:00:00
2014-10-29 00:00:00
2014-10-30 00:00:00
2014-10-31 00:00:00
2014-11-01 00:00:00
2015-03-01 00:00:00
2015-03-02 00:00:00
2015-03-03 00:00:00
2015-03-04 00:00:00
2015-03-05 00:00:00
2015-03-06 00:00:00
2015-03-07 00:00:00
2015-05-24 00:00:00
2015-05-25 00:00:00
2015-05-26 00:00:00
2015-05-27 00:00:00
2015-05-28 00:00:00
2015-05-29 00:00:00
2015-05-30 00:00:00
News Data
Start Date, End Date,News Source,Link,Days,Reason,Comment,Days Reported
2010-12-15,2010-12-20,The Hindu,http://www.thehindu.com/business/Economy/imported-onion-arrive-from-pakistan/article965607.ece,5,not stated,,0
2010-12-16,2010-12-20,The Hindu,http://www.thehindu.com/business/Economy/imported-onion-arrive-from-pakistan/article965607.ece,4,not stated,,0
2010-12-17,2010-12-20,The Hindu,http://www.thehindu.com/business/Economy/imported-onion-arrive-from-pakistan/article965607.ece,3,not stated,,0
2010-12-18,2010-12-20,The Hindu,http://www.thehindu.com/business/Economy/imported-onion-arrive-from-pakistan/article965607.ece,2,not stated,,0
2010-12-19,2010-12-20,The Hindu,http://www.thehindu.com/business/Economy/imported-onion-arrive-from-pakistan/article965607.ece,1,not stated,,0
2010-12-20,2010-12-20,The Hindu,http://www.thehindu.com/business/Economy/imported-onion-arrive-from-pakistan/article965607.ece,0,not stated,,0
2010-12-21,2010-12-20,The Hindu,http://www.thehindu.com/business/Economy/imported-onion-arrive-from-pakistan/article965607.ece,-1,not stated,,0
2010-12-22,2010-12-20,The Hindu,http://www.thehindu.com/business/Economy/imported-onion-arrive-from-pakistan/article965607.ece,-2,not stated,,0
2010-12-23,2010-12-20,The Hindu,http://www.thehindu.com/business/Economy/imported-onion-arrive-from-pakistan/article965607.ece,-3,not stated,,0
2010-12-24,2010-12-20,The Hindu,http://www.thehindu.com/business/Economy/imported-onion-arrive-from-pakistan/article965607.ece,-4,not stated,,0
2010-12-25,2010-12-20,The Hindu,http://www.thehindu.com/business/Economy/imported-onion-arrive-from-pakistan/article965607.ece,-5,not stated,,0
2010-12-26,2010-12-21,The Economic Times,http://articles.economictimes.indiatimes.com/2010-12-21/news/27586208_1_minimum-export-price-onion-prices-mep,-5,traders nexus,,0
2010-12-27,2010-12-22,NDTV,http://www.ndtv.com/india-news/why-onion-prices-are-so-high-442629,-5,unseasonal rainfall,,7
2010-12-28,2010-12-23,The Times of India,http://timesofindia.indiatimes.com/city/pune/Onion-prices-still-leave-consumers-teary-eyed/articleshow/7147525.cms,-5,unseasonal rainfall,,0
2010-12-29,2010-12-24,Business Standard,http://www.business-standard.com/article/economy-policy/wholesale-onion-prices-slide-20-in-lasalgaon-manmad-110122400137_1.html,-5,not stated,Prices went down, but for good quality prices went high,None
2010-12-30,2011-01-03,NDTV,http://www.ndtv.com/mumbai-news/mumbai-trader-sells-onions-at-rs-12-per-kg-443770,4,not stated,,0
2010-12-31,2011-01-03,NDTV,http://www.ndtv.com/mumbai-news/mumbai-trader-sells-onions-at-rs-12-per-kg-443770,3,not stated,,0
2011-01-01,2011-01-03,NDTV,http://www.ndtv.com/mumbai-news/mumbai-trader-sells-onions-at-rs-12-per-kg-443770,2,not stated,,0
2011-01-02,2011-01-03,NDTV,http://www.ndtv.com/mumbai-news/mumbai-trader-sells-onions-at-rs-12-per-kg-443770,1,not stated,,0
2011-01-03,2011-01-03,NDTV,http://www.ndtv.com/mumbai-news/mumbai-trader-sells-onions-at-rs-12-per-kg-443770,0,not stated,,0
2011-01-04,2011-01-03,NDTV,http://www.ndtv.com/mumbai-news/mumbai-trader-sells-onions-at-rs-12-per-kg-443770,-1,not stated,,0
2011-01-05,2011-01-03,NDTV,http://www.ndtv.com/mumbai-news/mumbai-trader-sells-onions-at-rs-12-per-kg-443770,-2,not stated,,0
2011-01-06,2011-01-03,NDTV,http://www.ndtv.com/mumbai-news/mumbai-trader-sells-onions-at-rs-12-per-kg-443770,-3,not stated,,0
2011-01-07,2011-01-03,NDTV,http://www.ndtv.com/mumbai-news/mumbai-trader-sells-onions-at-rs-12-per-kg-443770,-4,not stated,,0
2011-01-08,2011-01-03,NDTV,http://www.ndtv.com/mumbai-news/mumbai-trader-sells-onions-at-rs-12-per-kg-443770,-5,not stated,,0
2011-01-09,2011-01-06,The Times of India,http://timesofindia.indiatimes.com/business/india-business/-Retail-onion-prices-up-by-Rs-5-10/kg-on-Pak-export-ban-reports/articleshow/7230895.cms,-3,Pak banned export,,0
2011-01-10,2011-01-06,The Times of India,http://timesofindia.indiatimes.com/business/india-business/-Retail-onion-prices-up-by-Rs-5-10/kg-on-Pak-export-ban-reports/articleshow/7230895.cms,-4,Pak banned export,,0
2011-01-11,2011-01-06,The Times of India,http://timesofindia.indiatimes.com/business/india-business/-Retail-onion-prices-up-by-Rs-5-10/kg-on-Pak-export-ban-reports/articleshow/7230895.cms,-5,Pak banned export,,0
2011-01-12,2011-01-07,The Hindu,http://www.thehindu.com/business/act-swiftly-against-hoarders-pranab/article1051003.ece,-5,traders nexus,main article on inflation, but it says due to hoarding onion prices are high.,0
2013-07-12,2013-07-17,The Times of India,http://timesofindia.indiatimes.com/business/india-business/Onion-prices-at-two-and-a-half-year-high/articleshow/21125776.cms,5,unseasonal rainfall,no,None
2013-07-13,2013-07-17,The Times of India,http://timesofindia.indiatimes.com/business/india-business/Onion-prices-at-two-and-a-half-year-high/articleshow/21125776.cms,4,unseasonal rainfall,no,None
2013-07-14,2013-07-17,The Times of India,http://timesofindia.indiatimes.com/business/india-business/Onion-prices-at-two-and-a-half-year-high/articleshow/21125776.cms,3,unseasonal rainfall,no,None
2013-07-15,2013-07-17,The Times of India,http://timesofindia.indiatimes.com/business/india-business/Onion-prices-at-two-and-a-half-year-high/articleshow/21125776.cms,2,unseasonal rainfall,no,None
2013-07-16,2013-07-17,The Times of India,http://timesofindia.indiatimes.com/business/india-business/Onion-prices-at-two-and-a-half-year-high/articleshow/21125776.cms,1,unseasonal rainfall,no,None
2013-07-17,2013-07-17,The Times of India,http://timesofindia.indiatimes.com/business/india-business/Onion-prices-at-two-and-a-half-year-high/articleshow/21125776.cms,0,unseasonal rainfall,no,None
2013-07-18,2013-07-17,The Times of India,http://timesofindia.indiatimes.com/business/india-business/Onion-prices-at-two-and-a-half-year-high/articleshow/21125776.cms,-1,unseasonal rainfall,no,None
2013-07-19,2013-07-17,The Times of India,http://timesofindia.indiatimes.com/business/india-business/Onion-prices-at-two-and-a-half-year-high/articleshow/21125776.cms,-2,unseasonal rainfall,no,None
2013-07-20,2013-07-17,The Times of India,http://timesofindia.indiatimes.com/business/india-business/Onion-prices-at-two-and-a-half-year-high/articleshow/21125776.cms,-3,unseasonal rainfall,no,None
2013-07-21,2013-07-17,The Times of India,http://timesofindia.indiatimes.com/business/india-business/Onion-prices-at-two-and-a-half-year-high/articleshow/21125776.cms,-4,unseasonal rainfall,no,None
2013-07-22,2013-07-17,The Times of India,http://timesofindia.indiatimes.com/business/india-business/Onion-prices-at-two-and-a-half-year-high/articleshow/21125776.cms,-5,unseasonal rainfall,no,None
2013-07-23,2013-07-23,The Times of India,http://timesofindia.indiatimes.com/business/india-business/Onion-prices-more-than-double-to-Rs-36-40/kg-in-metros/articleshow/21272374.cms,0,low production,,0
2013-07-24,2013-07-23,The Times of India,http://timesofindia.indiatimes.com/business/india-business/Onion-prices-more-than-double-to-Rs-36-40/kg-in-metros/articleshow/21272374.cms,-1,low production,,0
2013-07-25,2013-07-23,The Times of India,http://timesofindia.indiatimes.com/business/india-business/Onion-prices-more-than-double-to-Rs-36-40/kg-in-metros/articleshow/21272374.cms,-2,low production,,0
2013-07-26,2013-07-23,The Times of India,http://timesofindia.indiatimes.com/business/india-business/Onion-prices-more-than-double-to-Rs-36-40/kg-in-metros/articleshow/21272374.cms,-3,low production,,0
2013-07-27,2013-07-23,The Times of India,http://timesofindia.indiatimes.com/business/india-business/Onion-prices-more-than-double-to-Rs-36-40/kg-in-metros/articleshow/21272374.cms,-4,low production,,0
2013-07-28,2013-07-23,The Times of India,http://timesofindia.indiatimes.com/business/india-business/Onion-prices-more-than-double-to-Rs-36-40/kg-in-metros/articleshow/21272374.cms,-5,low production,,0
2013-08-01,2013-08-06,The Hindu,http://www.thehindu.com/news/cities/Delhi/onion-prices-bring-tears-yet-again/article4995124.ece,5,low production,Even Hoaders are responsible to some extent,0
2013-08-02,2013-08-06,The Hindu,http://www.thehindu.com/news/cities/Delhi/onion-prices-bring-tears-yet-again/article4995124.ece,4,low production,Even Hoaders are responsible to some extent,0
2013-08-03,2013-08-06,The Hindu,http://www.thehindu.com/news/cities/Delhi/onion-prices-bring-tears-yet-again/article4995124.ece,3,low production,Even Hoaders are responsible to some extent,0
2013-08-04,2013-08-06,The Hindu,http://www.thehindu.com/news/cities/Delhi/onion-prices-bring-tears-yet-again/article4995124.ece,2,low production,Even Hoaders are responsible to some extent,0
2013-08-05,2013-08-06,The Hindu,http://www.thehindu.com/news/cities/Delhi/onion-prices-bring-tears-yet-again/article4995124.ece,1,low production,Even Hoaders are responsible to some extent,0
2013-08-06,2013-08-06,The Hindu,http://www.thehindu.com/news/cities/Delhi/onion-prices-bring-tears-yet-again/article4995124.ece,0,low production,Even Hoaders are responsible to some extent,0
2013-08-07,2013-08-06,The Hindu,http://www.thehindu.com/news/cities/Delhi/onion-prices-bring-tears-yet-again/article4995124.ece,-1,low production,Even Hoaders are responsible to some extent,0
2013-08-08,2013-08-06,The Hindu,http://www.thehindu.com/news/cities/Delhi/onion-prices-bring-tears-yet-again/article4995124.ece,-2,low production,Even Hoaders are responsible to some extent,0
2013-08-09,2013-08-06,The Hindu,http://www.thehindu.com/news/cities/Delhi/onion-prices-bring-tears-yet-again/article4995124.ece,-3,low production,Even Hoaders are responsible to some extent,0
2013-08-10,2013-08-06,The Hindu,http://www.thehindu.com/news/cities/Delhi/onion-prices-bring-tears-yet-again/article4995124.ece,-4,low production,Even Hoaders are responsible to some extent,0
2013-08-11,2013-08-06,The Hindu,http://www.thehindu.com/news/cities/Delhi/onion-prices-bring-tears-yet-again/article4995124.ece,-5,low production,Even Hoaders are responsible to some extent,0
2013-08-12,2013-08-11,DNA,http://www.dnaindia.com/india/report-onion-prices-rise-to-rs-55-60kg-hike-bring-tears-in-eyes-of-people-1873151,-1,low production,,10
2013-08-13,2013-08-11,DNA,http://www.dnaindia.com/india/report-onion-prices-rise-to-rs-55-60kg-hike-bring-tears-in-eyes-of-people-1873151,-2,low production,,10
2013-08-14,2013-08-11,DNA,http://www.dnaindia.com/india/report-onion-prices-rise-to-rs-55-60kg-hike-bring-tears-in-eyes-of-people-1873151,-3,low production,,10
2013-08-15,2013-08-11,DNA,http://www.dnaindia.com/india/report-onion-prices-rise-to-rs-55-60kg-hike-bring-tears-in-eyes-of-people-1873151,-4,low production,,10
2013-08-16,2013-08-11,DNA,http://www.dnaindia.com/india/report-onion-prices-rise-to-rs-55-60kg-hike-bring-tears-in-eyes-of-people-1873151,-5,low production,,10
2013-08-17,2013-08-13,Telegraph,http://www.telegraphindia.com/1130813/jsp/odisha/story_17226115.jsp,-4,low supply,,30
2013-08-18,2013-08-13,Telegraph,http://www.telegraphindia.com/1130813/jsp/odisha/story_17226115.jsp,-5,low supply,,30
2013-08-19,2013-08-14,The Hindu,http://www.thehindu.com/news/national/cos-meeting-to-wipe-onion-tears/article5019702.ece,-5,low supply,Possiblity of hoarding highlighted clearly,0
2013-08-20,2013-08-17,The Times of India,http://timesofindia.indiatimes.com/india/Hoarding-pushing-onion-prices-up-govt-finds/articleshow/21872501.cms,-3,traders nexus,Clear signs of traders fixing the prices by creating artificial deficit in jun- july 2013,60
2013-08-21,2013-08-17,The Times of India,http://timesofindia.indiatimes.com/india/Hoarding-pushing-onion-prices-up-govt-finds/articleshow/21872501.cms,-4,traders nexus,Clear signs of traders fixing the prices by creating artificial deficit in jun- july 2013,60
2013-08-22,2013-08-17,The Times of India,http://timesofindia.indiatimes.com/india/Hoarding-pushing-onion-prices-up-govt-finds/articleshow/21872501.cms,-5,traders nexus,Clear signs of traders fixing the prices by creating artificial deficit in jun- july 2013,60
2013-08-23,2013-08-21,The Hindu,http://www.thehindu.com/business/Industry/onion-prices-jump-to-rs-80kg-again/article5044776.ece,-2,low supply,Prices hiked again,0
2013-08-24,2013-08-21,The Hindu,http://www.thehindu.com/business/Industry/onion-prices-jump-to-rs-80kg-again/article5044776.ece,-3,low supply,Prices hiked again,0
2013-08-25,2013-08-21,The Hindu,http://www.thehindu.com/business/Industry/onion-prices-jump-to-rs-80kg-again/article5044776.ece,-4,low supply,Prices hiked again,0
2013-08-26,2013-08-21,The Hindu,http://www.thehindu.com/business/Industry/onion-prices-jump-to-rs-80kg-again/article5044776.ece,-5,low supply,Prices hiked again,0
2013-08-27,2013-08-22,Money Control,http://www.moneycontrol.com/news/economy/onion-prices-shoot-back-to-rs-80kgmany-partsindia_939103.html,-5,not stated,,1
2013-08-29,2013-09-03,NDTV,http://www.ndtv.com/india-news/onion-prices-may-ease-when-south-india-crop-hits-market-government-533474,5,low supply,,0
2013-08-30,2013-09-03,NDTV,http://www.ndtv.com/india-news/onion-prices-may-ease-when-south-india-crop-hits-market-government-533474,4,low supply,,0
2013-08-31,2013-09-03,NDTV,http://www.ndtv.com/india-news/onion-prices-may-ease-when-south-india-crop-hits-market-government-533474,3,low supply,,0
2013-09-01,2013-09-03,NDTV,http://www.ndtv.com/india-news/onion-prices-may-ease-when-south-india-crop-hits-market-government-533474,2,low supply,,0
2013-09-02,2013-09-03,NDTV,http://www.ndtv.com/india-news/onion-prices-may-ease-when-south-india-crop-hits-market-government-533474,1,low supply,,0
2013-09-03,2013-09-03,NDTV,http://www.ndtv.com/india-news/onion-prices-may-ease-when-south-india-crop-hits-market-government-533474,0,low supply,,0
2013-09-04,2013-09-03,NDTV,http://www.ndtv.com/india-news/onion-prices-may-ease-when-south-india-crop-hits-market-government-533474,-1,low supply,,0
2013-09-05,2013-09-03,NDTV,http://www.ndtv.com/india-news/onion-prices-may-ease-when-south-india-crop-hits-market-government-533474,-2,low supply,,0
2013-09-06,2013-09-03,NDTV,http://www.ndtv.com/india-news/onion-prices-may-ease-when-south-india-crop-hits-market-government-533474,-3,low supply,,0
2013-09-07,2013-09-03,NDTV,http://www.ndtv.com/india-news/onion-prices-may-ease-when-south-india-crop-hits-market-government-533474,-4,low supply,,0
2013-09-08,2013-09-03,NDTV,http://www.ndtv.com/india-news/onion-prices-may-ease-when-south-india-crop-hits-market-government-533474,-5,low supply,,0
2013-09-10,2013-09-15,Business Standard,http://www.business-standard.com/article/current-affairs/imported-onion-from-egypt-hits-indian-ports-prices-to-cool-113091500607_1.html,5,low supply,,7
2013-09-11,2013-09-15,Business Standard,http://www.business-standard.com/article/current-affairs/imported-onion-from-egypt-hits-indian-ports-prices-to-cool-113091500607_1.html,4,low supply,,7
2013-09-12,2013-09-15,Business Standard,http://www.business-standard.com/article/current-affairs/imported-onion-from-egypt-hits-indian-ports-prices-to-cool-113091500607_1.html,3,low supply,,7
2013-09-13,2013-09-15,Business Standard,http://www.business-standard.com/article/current-affairs/imported-onion-from-egypt-hits-indian-ports-prices-to-cool-113091500607_1.html,2,low supply,,7
2013-09-14,2013-09-15,Business Standard,http://www.business-standard.com/article/current-affairs/imported-onion-from-egypt-hits-indian-ports-prices-to-cool-113091500607_1.html,1,low supply,,7
2013-09-15,2013-09-15,Business Standard,http://www.business-standard.com/article/current-affairs/imported-onion-from-egypt-hits-indian-ports-prices-to-cool-113091500607_1.html,0,low supply,,7
2013-09-16,2013-09-15,Business Standard,http://www.business-standard.com/article/current-affairs/imported-onion-from-egypt-hits-indian-ports-prices-to-cool-113091500607_1.html,-1,low supply,,7
2013-09-17,2013-09-15,Business Standard,http://www.business-standard.com/article/current-affairs/imported-onion-from-egypt-hits-indian-ports-prices-to-cool-113091500607_1.html,-2,low supply,,7
2013-09-18,2013-09-15,Business Standard,http://www.business-standard.com/article/current-affairs/imported-onion-from-egypt-hits-indian-ports-prices-to-cool-113091500607_1.html,-3,low supply,,7
2013-09-19,2013-09-15,Business Standard,http://www.business-standard.com/article/current-affairs/imported-onion-from-egypt-hits-indian-ports-prices-to-cool-113091500607_1.html,-4,low supply,,7
2013-09-20,2013-09-15,Business Standard,http://www.business-standard.com/article/current-affairs/imported-onion-from-egypt-hits-indian-ports-prices-to-cool-113091500607_1.html,-5,low supply,,7
2013-09-21,2013-09-16,Business Standard,http://www.business-standard.com/article/markets/onion-prices-rise-despite-arrival-of-imported-stock-113091600861_1.html,-5,low supply,no,None
2013-09-22,2013-09-18,The Times of India,http://timesofindia.indiatimes.com/india/Onion-price-rise-may-be-due-to-hoarding-Centre/articleshow/22672225.cms,-4,traders nexus,no,None
2013-09-23,2013-09-18,The Times of India,http://timesofindia.indiatimes.com/india/Onion-price-rise-may-be-due-to-hoarding-Centre/articleshow/22672225.cms,-5,traders nexus,no,None
2013-09-24,2013-09-19,The Hindu,http://www.thehindu.com/news/cities/chennai/price-of-onions-on-the-rise-again/article5142858.ece,-5,not stated,no,None
2013-10-05,2013-10-10,The Economic Times,http://articles.economictimes.indiatimes.com/2013-10-10/news/42903314_1_export-price-price-rise-onion-prices,5,traders nexus,,0
2013-10-06,2013-10-10,The Economic Times,http://articles.economictimes.indiatimes.com/2013-10-10/news/42903314_1_export-price-price-rise-onion-prices,4,traders nexus,,0
2013-10-07,2013-10-10,The Economic Times,http://articles.economictimes.indiatimes.com/2013-10-10/news/42903314_1_export-price-price-rise-onion-prices,3,traders nexus,,0
2013-10-08,2013-10-10,The Economic Times,http://articles.economictimes.indiatimes.com/2013-10-10/news/42903314_1_export-price-price-rise-onion-prices,2,traders nexus,,0
2013-10-09,2013-10-10,The Economic Times,http://articles.economictimes.indiatimes.com/2013-10-10/news/42903314_1_export-price-price-rise-onion-prices,1,traders nexus,,0
2013-10-10,2013-10-10,The Economic Times,http://articles.economictimes.indiatimes.com/2013-10-10/news/42903314_1_export-price-price-rise-onion-prices,0,traders nexus,,0
2013-10-11,2013-10-10,The Economic Times,http://articles.economictimes.indiatimes.com/2013-10-10/news/42903314_1_export-price-price-rise-onion-prices,-1,traders nexus,,0
2013-10-12,2013-10-10,The Economic Times,http://articles.economictimes.indiatimes.com/2013-10-10/news/42903314_1_export-price-price-rise-onion-prices,-2,traders nexus,,0
2013-10-13,2013-10-10,The Economic Times,http://articles.economictimes.indiatimes.com/2013-10-10/news/42903314_1_export-price-price-rise-onion-prices,-3,traders nexus,,0
2013-10-14,2013-10-10,The Economic Times,http://articles.economictimes.indiatimes.com/2013-10-10/news/42903314_1_export-price-price-rise-onion-prices,-4,traders nexus,,0
2013-10-15,2013-10-10,The Economic Times,http://articles.economictimes.indiatimes.com/2013-10-10/news/42903314_1_export-price-price-rise-onion-prices,-5,traders nexus,,0
2013-10-17,2013-10-22,NDTV,http://profit.ndtv.com/news/cheat-sheet/article-why-onion-prices-are-inching-towards-rs-100-per-kg-370138,5,low supply,,0
2013-10-18,2013-10-22,NDTV,http://profit.ndtv.com/news/cheat-sheet/article-why-onion-prices-are-inching-towards-rs-100-per-kg-370138,4,low supply,,0
2013-10-19,2013-10-22,NDTV,http://profit.ndtv.com/news/cheat-sheet/article-why-onion-prices-are-inching-towards-rs-100-per-kg-370138,3,low supply,,0
2013-10-20,2013-10-22,NDTV,http://profit.ndtv.com/news/cheat-sheet/article-why-onion-prices-are-inching-towards-rs-100-per-kg-370138,2,low supply,,0
2013-10-21,2013-10-22,NDTV,http://profit.ndtv.com/news/cheat-sheet/article-why-onion-prices-are-inching-towards-rs-100-per-kg-370138,1,low supply,,0
2013-10-22,2013-10-22,NDTV,http://profit.ndtv.com/news/cheat-sheet/article-why-onion-prices-are-inching-towards-rs-100-per-kg-370138,0,low supply,,0
2013-10-23,2013-10-22,NDTV,http://profit.ndtv.com/news/cheat-sheet/article-why-onion-prices-are-inching-towards-rs-100-per-kg-370138,-1,low supply,,0
2013-10-24,2013-10-22,NDTV,http://profit.ndtv.com/news/cheat-sheet/article-why-onion-prices-are-inching-towards-rs-100-per-kg-370138,-2,low supply,,0
2013-10-25,2013-10-22,NDTV,http://profit.ndtv.com/news/cheat-sheet/article-why-onion-prices-are-inching-towards-rs-100-per-kg-370138,-3,low supply,,0
2013-10-26,2013-10-22,NDTV,http://profit.ndtv.com/news/cheat-sheet/article-why-onion-prices-are-inching-towards-rs-100-per-kg-370138,-4,low supply,,0
2013-10-27,2013-10-22,NDTV,http://profit.ndtv.com/news/cheat-sheet/article-why-onion-prices-are-inching-towards-rs-100-per-kg-370138,-5,low supply,,0
2013-10-28,2013-10-23,The Hindustan Times,http://www.hindustantimes.com/india/rs-100-and-rising-onion-prices-surge-uncontrollably/story-sFzxWMO87KI5KnQ2FXdLFL.html,-5,bad weather,no,None
2013-10-29,2013-10-24,The Hindu,http://www.thehindu.com/business/Industry/india-floats-tender-for-import-of-onions/article5264970.ece,-5,traders nexus,,10
2013-10-30,2013-10-25,First Post,http://www.firstpost.com/india/why-onions-are-rs-100kg-despite-10-crop-increase-supply-traders-1194063.html,-5,traders nexus,,0
2013-10-31,2013-10-26,NDTV,http://www.ndtv.com/india-news/chief-ministers-onion-mission-begins-in-assam-538929,-5,Not mentioned,,0
2013-11-01,2013-10-28,DNA,http://www.dnaindia.com/mumbai/report-dna-exclusive-traders-not-farmers-making-the-most-of-soaring-onion-price-1909850,-4,traders nexus,,0
2013-11-02,2013-10-28,DNA,http://www.dnaindia.com/mumbai/report-dna-exclusive-traders-not-farmers-making-the-most-of-soaring-onion-price-1909850,-5,traders nexus,,0
2013-11-03,2013-11-04,The Hindu,http://www.thehindu.com/business/markets/govt-hikes-onion-mep-to-1150-per-tonne-to-check-prices/article5313950.ece,1,low supply,,30
2013-11-04,2013-11-04,The Hindu,http://www.thehindu.com/business/markets/govt-hikes-onion-mep-to-1150-per-tonne-to-check-prices/article5313950.ece,0,low supply,,30
2013-11-05,2013-11-04,The Hindu,http://www.thehindu.com/business/markets/govt-hikes-onion-mep-to-1150-per-tonne-to-check-prices/article5313950.ece,-1,low supply,,30
2013-11-06,2013-11-04,The Hindu,http://www.thehindu.com/business/markets/govt-hikes-onion-mep-to-1150-per-tonne-to-check-prices/article5313950.ece,-2,low supply,,30
2013-11-07,2013-11-04,The Hindu,http://www.thehindu.com/business/markets/govt-hikes-onion-mep-to-1150-per-tonne-to-check-prices/article5313950.ece,-3,low supply,,30
2013-11-08,2013-11-04,The Hindu,http://www.thehindu.com/business/markets/govt-hikes-onion-mep-to-1150-per-tonne-to-check-prices/article5313950.ece,-4,low supply,,30
2013-11-09,2013-11-04,The Hindu,http://www.thehindu.com/business/markets/govt-hikes-onion-mep-to-1150-per-tonne-to-check-prices/article5313950.ece,-5,low supply,,30
2013-11-10,2013-11-06,The Hindu,http://www.thehindu.com/business/Industry/after-onions-tomato-prices-soar/article5317582.ece,-4,Increased prices of onion,,0
2013-11-11,2013-11-06,The Hindu,http://www.thehindu.com/business/Industry/after-onions-tomato-prices-soar/article5317582.ece,-5,Increased prices of onion,,0
2013-11-12,2013-11-13,The Times of India,http://timesofindia.indiatimes.com/india/No-let-up-in-prices-of-onion-potato-tomato/articleshow/25664320.cms,1,traders nexus,,12
2013-11-13,2013-11-13,The Times of India,http://timesofindia.indiatimes.com/india/No-let-up-in-prices-of-onion-potato-tomato/articleshow/25664320.cms,0,traders nexus,,12
2013-11-14,2013-11-13,The Times of India,http://timesofindia.indiatimes.com/india/No-let-up-in-prices-of-onion-potato-tomato/articleshow/25664320.cms,-1,traders nexus,,12
2013-11-15,2013-11-13,The Times of India,http://timesofindia.indiatimes.com/india/No-let-up-in-prices-of-onion-potato-tomato/articleshow/25664320.cms,-2,traders nexus,,12
2013-11-16,2013-11-13,The Times of India,http://timesofindia.indiatimes.com/india/No-let-up-in-prices-of-onion-potato-tomato/articleshow/25664320.cms,-3,traders nexus,,12
2013-11-17,2013-11-13,The Times of India,http://timesofindia.indiatimes.com/india/No-let-up-in-prices-of-onion-potato-tomato/articleshow/25664320.cms,-4,traders nexus,,12
2013-11-18,2013-11-13,The Times of India,http://timesofindia.indiatimes.com/india/No-let-up-in-prices-of-onion-potato-tomato/articleshow/25664320.cms,-5,traders nexus,,12
2013-11-19,2013-11-15,The Times of India,http://timesofindia.indiatimes.com/business/india-business/Onion-prices-up-278-tomato-122-in-one-year/articleshow/25780005.cms,-4,not stated,,365
2013-11-20,2013-11-15,The Times of India,http://timesofindia.indiatimes.com/business/india-business/Onion-prices-up-278-tomato-122-in-one-year/articleshow/25780005.cms,-5,not stated,,365
2013-11-21,2013-11-19,First Post,http://www.firstpost.com/politics/onion-tomato-price-hoardings-to-malign-party-cong-writes-to-ec-1238589.html,-2,traders nexus,,0
2013-11-22,2013-11-19,First Post,http://www.firstpost.com/politics/onion-tomato-price-hoardings-to-malign-party-cong-writes-to-ec-1238589.html,-3,traders nexus,,0
2013-11-23,2013-11-19,First Post,http://www.firstpost.com/politics/onion-tomato-price-hoardings-to-malign-party-cong-writes-to-ec-1238589.html,-4,traders nexus,,0
2013-11-24,2013-11-19,First Post,http://www.firstpost.com/politics/onion-tomato-price-hoardings-to-malign-party-cong-writes-to-ec-1238589.html,-5,traders nexus,,0
2013-12-08,2013-12-13,The Economic Times,http://articles.economictimes.indiatimes.com/2015-09-11/news/66434886_1_lasalgaon-apmc-onion-prices-onion-exporters-association,5,not stated,no,None
2013-12-09,2013-12-13,The Economic Times,http://articles.economictimes.indiatimes.com/2015-09-11/news/66434886_1_lasalgaon-apmc-onion-prices-onion-exporters-association,4,not stated,no,None
2013-12-10,2013-12-13,The Economic Times,http://articles.economictimes.indiatimes.com/2015-09-11/news/66434886_1_lasalgaon-apmc-onion-prices-onion-exporters-association,3,not stated,no,None
2013-12-11,2013-12-13,The Economic Times,http://articles.economictimes.indiatimes.com/2015-09-11/news/66434886_1_lasalgaon-apmc-onion-prices-onion-exporters-association,2,not stated,no,None
2013-12-12,2013-12-13,The Economic Times,http://articles.economictimes.indiatimes.com/2015-09-11/news/66434886_1_lasalgaon-apmc-onion-prices-onion-exporters-association,1,not stated,no,None
2013-12-15,2013-12-13,The Economic Times,http://articles.economictimes.indiatimes.com/2015-09-11/news/66434886_1_lasalgaon-apmc-onion-prices-onion-exporters-association,-2,not stated,no,None
2013-12-16,2013-12-13,The Economic Times,http://articles.economictimes.indiatimes.com/2015-09-11/news/66434886_1_lasalgaon-apmc-onion-prices-onion-exporters-association,-3,not stated,no,None
2013-12-17,2013-12-13,The Economic Times,http://articles.economictimes.indiatimes.com/2015-09-11/news/66434886_1_lasalgaon-apmc-onion-prices-onion-exporters-association,-4,not stated,no,None
2013-12-18,2013-12-13,The Economic Times,http://articles.economictimes.indiatimes.com/2015-09-11/news/66434886_1_lasalgaon-apmc-onion-prices-onion-exporters-association,-5,not stated,no,None
2014-05-11,2014-05-12,Business Standard,http://www.business-standard.com/article/markets/onion-spot-prices-soar-31-in-2-days-likely-to-stay-high-114051200815_1.html,1,unseasonal rainfall,,2
2014-05-12,2014-05-12,Business Standard,http://www.business-standard.com/article/markets/onion-spot-prices-soar-31-in-2-days-likely-to-stay-high-114051200815_1.html,0,unseasonal rainfall,,2
2014-05-13,2014-05-12,Business Standard,http://www.business-standard.com/article/markets/onion-spot-prices-soar-31-in-2-days-likely-to-stay-high-114051200815_1.html,-1,unseasonal rainfall,,2
2014-05-14,2014-05-12,Business Standard,http://www.business-standard.com/article/markets/onion-spot-prices-soar-31-in-2-days-likely-to-stay-high-114051200815_1.html,-2,unseasonal rainfall,,2
2014-05-15,2014-05-12,Business Standard,http://www.business-standard.com/article/markets/onion-spot-prices-soar-31-in-2-days-likely-to-stay-high-114051200815_1.html,-3,unseasonal rainfall,,2
2014-05-16,2014-05-12,Business Standard,http://www.business-standard.com/article/markets/onion-spot-prices-soar-31-in-2-days-likely-to-stay-high-114051200815_1.html,-4,unseasonal rainfall,,2
2014-05-17,2014-05-12,Business Standard,http://www.business-standard.com/article/markets/onion-spot-prices-soar-31-in-2-days-likely-to-stay-high-114051200815_1.html,-5,unseasonal rainfall,,2
2014-07-03,2014-06-30,The Times of India,http://timesofindia.indiatimes.com/india/Retail-onion-prices-soar-to-double-of-wholesale-rates/articleshow/37490678.cms,-3,traders nexus,,0
2014-07-04,2014-06-30,The Times of India,http://timesofindia.indiatimes.com/india/Retail-onion-prices-soar-to-double-of-wholesale-rates/articleshow/37490678.cms,-4,traders nexus,,0
2014-07-05,2014-06-30,The Times of India,http://timesofindia.indiatimes.com/india/Retail-onion-prices-soar-to-double-of-wholesale-rates/articleshow/37490678.cms,-5,traders nexus,,0
2014-07-06,2014-07-01,NDTV,http://www.ndtv.com/cheat-sheet/poor-rainfall-could-cause-drought-like-conditions-in-parts-of-west-india-agriculture-minister-582801,-5,not stated,50% hike,7
2014-07-07,2014-07-02,The Times of India,http://timesofindia.indiatimes.com/business/india-business/Govt-hikes-minimum-export-price-of-onion-to-US-500-per-tonne/articleshow/37630139.cms,-5,prediction of delayed monsoon,no,30
2014-07-08,2014-07-03,The Economic Times,http://articles.economictimes.indiatimes.com/2014-07-03/news/51057542_1_stock-limits-onions-ravi-shankar-prasad,-5,traders nexus,,0
2014-07-09,2014-07-13,The Times of India,http://timesofindia.indiatimes.com/india/Govt-to-check-onion-prices-with-imports/articleshow/38282324.cms,4,low production,,30
2014-07-10,2014-07-13,The Times of India,http://timesofindia.indiatimes.com/india/Govt-to-check-onion-prices-with-imports/articleshow/38282324.cms,3,low production,,30
2014-07-11,2014-07-13,The Times of India,http://timesofindia.indiatimes.com/india/Govt-to-check-onion-prices-with-imports/articleshow/38282324.cms,2,low production,,30
2014-07-12,2014-07-13,The Times of India,http://timesofindia.indiatimes.com/india/Govt-to-check-onion-prices-with-imports/articleshow/38282324.cms,1,low production,,30
2014-07-13,2014-07-13,The Times of India,http://timesofindia.indiatimes.com/india/Govt-to-check-onion-prices-with-imports/articleshow/38282324.cms,0,low production,,30
2014-07-14,2014-07-13,The Times of India,http://timesofindia.indiatimes.com/india/Govt-to-check-onion-prices-with-imports/articleshow/38282324.cms,-1,low production,,30
2014-07-15,2014-07-13,The Times of India,http://timesofindia.indiatimes.com/india/Govt-to-check-onion-prices-with-imports/articleshow/38282324.cms,-2,low production,,30
2014-07-16,2014-07-13,The Times of India,http://timesofindia.indiatimes.com/india/Govt-to-check-onion-prices-with-imports/articleshow/38282324.cms,-3,low production,,30
2014-07-17,2014-07-13,The Times of India,http://timesofindia.indiatimes.com/india/Govt-to-check-onion-prices-with-imports/articleshow/38282324.cms,-4,low production,,30
2014-07-18,2014-07-13,The Times of India,http://timesofindia.indiatimes.com/india/Govt-to-check-onion-prices-with-imports/articleshow/38282324.cms,-5,low production,,30
2014-07-19,2014-07-15,First Post,http://www.firstpost.com/india/why-modi-sarkaar-should-ready-itself-for-another-fight-with-inflation-1619551.html,-4,not stated,Title : Why Modi sarkaar should ready itself for another fight with inflation , but stated that onion prices are high as compared to last year,30
2014-07-20,2014-07-15,First Post,http://www.firstpost.com/india/why-modi-sarkaar-should-ready-itself-for-another-fight-with-inflation-1619551.html,-5,not stated,Title : Why Modi sarkaar should ready itself for another fight with inflation , but stated that onion prices are high as compared to last year,30
2014-07-21,2014-07-17,Business Standard,http://www.business-standard.com/article/economy-policy/price-stabilization-fund-in-agriculture-to-be-used-for-cereals-and-vegetables-114071701051_1.html,-4,not stated,,40
2014-07-22,2014-07-17,Business Standard,http://www.business-standard.com/article/economy-policy/price-stabilization-fund-in-agriculture-to-be-used-for-cereals-and-vegetables-114071701051_1.html,-5,not stated,,40
(4U5) Result:::
Date
News Data
Start Date, End Date,News Source,Link,Days,Reason,Comment,Days Reported
(1 U 2 U 3) ^ (4 U 5) Result:::
Date
News Data
Start Date, End Date,News Source,Link,Days,Reason,Comment,Days Reported
Center:Delhi

Anomalies Reported:
,Slope Based,Correlation,Linear Regression,Graph Based,Multi Variate,1 U 2 U 3,4 U 5,(1 U 2 U 3) ^ (4 U 5)
Retail Vs Average,665,1140,480,0,0,1952,0,0
Retail Vs Arrival,546,810,246,0,0,1498,0,0
Retail Vs Wholesale,644,915,407,0,0,1760,0,0
Wholesale Vs Arrival,595,630,278,0,0,1344,0,0


News Article Analysis:

,Slope Based,Correlation,Linear Regression,Graph Based,Multi Variate,1 U 2 U 3,4 U 5,(1 U 2 U 3) ^ (4 U 5)
Retail Vs Average,54,85,38,0,0,158,0,0
Retail Vs Arrival,79,0,127,0,0,175,0,0
Retail Vs Wholesale,23,44,70,0,0,134,0,0
Wholesale Vs Arrival,108,0,138,0,0,196,0,0


Total Articles for Delhi,91


Retail Vs Average
Distribution of All Articles, Articles Present, Slope Based,Correlation,Linear Regression,Graph Based,Multi Variate,1 U 2 U 3,4 U 5,(1 U 2 U 3) ^ (4 U 5)
2010,3,0,0,0,0,0,0,0,0
2011,4,0,0,0,0,0,0,0,0
2012,2,2,0,0,0,0,2,0,0
2013,53,25,85,14,0,0,105,0,0
2014,23,17,0,0,0,0,17,0,0
2015,6,10,0,24,0,0,34,0,0


Retail Vs Arrival
Distribution of All Articles, Articles Present, Slope Based,Correlation,Linear Regression,Graph Based,Multi Variate,1 U 2 U 3,4 U 5,(1 U 2 U 3) ^ (4 U 5)
2010,3,7,0,10,0,0,11,0,0
2011,4,0,0,12,0,0,12,0,0
2012,2,0,0,0,0,0,0,0,0
2013,53,58,0,102,0,0,135,0,0
2014,23,14,0,0,0,0,14,0,0
2015,6,0,0,3,0,0,3,0,0


Retail Vs Wholesale
Distribution of All Articles, Articles Present, Slope Based,Correlation,Linear Regression,Graph Based,Multi Variate,1 U 2 U 3,4 U 5,(1 U 2 U 3) ^ (4 U 5)
2010,3,0,6,12,0,0,15,0,0
2011,4,0,0,9,0,0,9,0,0
2012,2,0,10,0,0,0,10,0,0
2013,53,23,28,19,0,0,70,0,0
2014,23,0,0,10,0,0,10,0,0
2015,6,0,0,20,0,0,20,0,0

\Wholesale Vs Arrival
Distribution of All Articles, Articles Present, Slope Based,Correlation,Linear Regression,Graph Based,Multi Variate,1 U 2 U 3,4 U 5,(1 U 2 U 3) ^ (4 U 5)
2010,3,11,0,11,0,0,11,0,0
2011,4,8,0,12,0,0,12,0,0
2012,2,0,0,0,0,0,0,0,0
2013,53,65,0,115,0,0,149,0,0
2014,23,14,0,0,0,0,14,0,0
2015,6,10,0,0,0,0,10,0,0



Anomalies reported Year Wise: 


Retail Vs Average
Distribution of All Articles, Slope Based,Correlation,Linear Regression,Graph Based,Multi Variate,1 U 2 U 3,4 U 5,(1 U 2 U 3) ^ (4 U 5)
2006,78,150,16,0,0,218,0,0
2007,76,30,42,0,0,128,0,0
2008,70,90,77,0,0,172,0,0
2009,56,141,49,0,0,208,0,0
2010,70,69,71,0,0,172,0,0
2011,84,181,6,0,0,229,0,0
2012,72,194,26,0,0,248,0,0
2013,54,237,31,0,0,281,0,0
2014,81,48,50,0,0,167,0,0
2015,24,0,112,0,0,129,0,0


Retail Vs Arrival
Distribution of All Articles,  Slope Based,Correlation,Linear Regression,Graph Based,Multi Variate,1 U 2 U 3,4 U 5,(1 U 2 U 3) ^ (4 U 5)
2006,7,135,0,0,0,142,0,0
2007,42,160,0,0,0,181,0,0
2008,70,156,0,0,0,219,0,0
2009,56,185,0,0,0,225,0,0
2010,49,174,12,0,0,215,0,0
2011,112,0,39,0,0,141,0,0
2012,77,0,0,0,0,77,0,0
2013,91,0,128,0,0,189,0,0
2014,42,0,26,0,0,68,0,0
2015,0,0,41,0,0,41,0,0


Retail Vs Wholesale
Distribution of All Articles,  Slope Based,Correlation,Linear Regression,Graph Based,Multi Variate,1 U 2 U 3,4 U 5,(1 U 2 U 3) ^ (4 U 5)
2006,70,135,0,0,0,181,0,0
2007,49,90,0,0,0,133,0,0
2008,91,75,0,0,0,150,0,0
2009,70,120,0,0,0,182,0,0
2010,84,105,25,0,0,168,0,0
2011,77,195,30,0,0,260,0,0
2012,84,112,0,0,0,182,0,0
2013,56,83,31,0,0,160,0,0
2014,49,0,152,0,0,175,0,0
2015,14,0,169,0,0,169,0,0

\Wholesale Vs Arrival
Distribution of All Articles,  Slope Based,Correlation,Linear Regression,Graph Based,Multi Variate,1 U 2 U 3,4 U 5,(1 U 2 U 3) ^ (4 U 5)
2006,14,210,0,0,0,214,0,0
2007,77,130,26,0,0,197,0,0
2008,74,141,0,0,0,172,0,0
2009,59,125,0,0,0,178,0,0
2010,69,24,13,0,0,93,0,0
2011,113,0,40,0,0,134,0,0
2012,28,0,0,0,0,28,0,0
2013,98,0,136,0,0,202,0,0
2014,28,0,63,0,0,91,0,0
2015,35,0,0,0,0,35,0,0
Raw Data:::
Retail vs Average data
Slope Result:::
Date,Value
2006-01-01 00:00:00,3.85289166515
2006-01-02 00:00:00,3.85289166515
2006-01-03 00:00:00,3.85289166515
2006-01-04 00:00:00,3.85289166515
2006-01-05 00:00:00,3.85289166515
2006-01-06 00:00:00,3.85289166515
2006-01-07 00:00:00,3.85289166515
2006-01-08 00:00:00,3.85289166515
2006-01-09 00:00:00,3.85289166515
2006-01-10 00:00:00,3.85289166515
2006-01-11 00:00:00,3.85289166515
2006-01-12 00:00:00,3.85289166515
2006-01-13 00:00:00,3.85289166515
2006-01-14 00:00:00,3.85289166515
2006-01-15 00:00:00,3.85289166515
2006-01-16 00:00:00,3.85289166515
2006-01-17 00:00:00,3.85289166515
2006-01-18 00:00:00,3.85289166515
2006-01-19 00:00:00,3.85289166515
2006-01-20 00:00:00,3.85289166515
2006-01-21 00:00:00,3.85289166515
2006-01-22 00:00:00,3.85289166515
2006-01-23 00:00:00,3.85289166515
2006-01-24 00:00:00,3.85289166515
2006-01-25 00:00:00,3.85289166515
2006-01-26 00:00:00,3.85289166515
2006-01-27 00:00:00,3.85289166515
2006-01-28 00:00:00,3.85289166515
2006-04-02 00:00:00,2.68590865465
2006-04-03 00:00:00,2.68590865465
2006-04-04 00:00:00,2.68590865465
2006-04-05 00:00:00,2.68590865465
2006-04-06 00:00:00,2.68590865465
2006-04-07 00:00:00,2.68590865465
2006-04-08 00:00:00,2.68590865465
2006-06-11 00:00:00,5.17210226217
2006-06-12 00:00:00,5.17210226217
2006-06-13 00:00:00,5.17210226217
2006-06-14 00:00:00,5.17210226217
2006-06-15 00:00:00,5.17210226217
2006-06-16 00:00:00,5.17210226217
2006-06-17 00:00:00,5.17210226217
2006-07-30 00:00:00,8.60609793356
2006-07-31 00:00:00,8.60609793356
2006-08-01 00:00:00,8.60609793356
2006-08-02 00:00:00,8.60609793356
2006-08-03 00:00:00,8.60609793356
2006-08-04 00:00:00,8.60609793356
2006-08-05 00:00:00,8.60609793356
2006-08-06 00:00:00,8.60609793356
2006-08-07 00:00:00,8.60609793356
2006-08-08 00:00:00,8.60609793356
2006-08-09 00:00:00,8.60609793356
2006-08-10 00:00:00,8.60609793356
2006-08-11 00:00:00,8.60609793356
2006-08-12 00:00:00,8.60609793356
2006-09-24 00:00:00,2.35573075125
2006-09-25 00:00:00,2.35573075125
2006-09-26 00:00:00,2.35573075125
2006-09-27 00:00:00,2.35573075125
2006-09-28 00:00:00,2.35573075125
2006-09-29 00:00:00,2.35573075125
2006-09-30 00:00:00,2.35573075125
2006-12-17 00:00:00,5.26067681282
2006-12-18 00:00:00,5.26067681282
2006-12-19 00:00:00,5.26067681282
2006-12-20 00:00:00,5.26067681282
2006-12-21 00:00:00,5.26067681282
2006-12-22 00:00:00,5.26067681282
2006-12-23 00:00:00,5.26067681282
2006-12-24 00:00:00,5.26067681282
2006-12-25 00:00:00,5.26067681282
2006-12-26 00:00:00,5.26067681282
2006-12-27 00:00:00,5.26067681282
2006-12-28 00:00:00,5.26067681282
2006-12-29 00:00:00,5.26067681282
2006-12-30 00:00:00,5.26067681282
2006-12-31 00:00:00,5.26067681282
2007-01-01 00:00:00,5.26067681282
2007-01-02 00:00:00,5.26067681282
2007-01-03 00:00:00,5.26067681282
2007-01-04 00:00:00,5.26067681282
2007-01-05 00:00:00,5.26067681282
2007-01-06 00:00:00,5.26067681282
2007-01-07 00:00:00,5.26067681282
2007-01-08 00:00:00,5.26067681282
2007-01-09 00:00:00,5.26067681282
2007-01-10 00:00:00,5.26067681282
2007-01-11 00:00:00,5.26067681282
2007-01-12 00:00:00,5.26067681282
2007-01-13 00:00:00,5.26067681282
2007-04-22 00:00:00,3.31543523296
2007-04-23 00:00:00,3.31543523296
2007-04-24 00:00:00,3.31543523296
2007-04-25 00:00:00,3.31543523296
2007-04-26 00:00:00,3.31543523296
2007-04-27 00:00:00,3.31543523296
2007-04-28 00:00:00,3.31543523296
2007-04-29 00:00:00,3.31543523296
2007-04-30 00:00:00,3.31543523296
2007-05-01 00:00:00,3.31543523296
2007-05-02 00:00:00,3.31543523296
2007-05-03 00:00:00,3.31543523296
2007-05-04 00:00:00,3.31543523296
2007-05-05 00:00:00,3.31543523296
2007-05-06 00:00:00,3.31543523296
2007-05-07 00:00:00,3.31543523296
2007-05-08 00:00:00,3.31543523296
2007-05-09 00:00:00,3.31543523296
2007-05-10 00:00:00,3.31543523296
2007-05-11 00:00:00,3.31543523296
2007-05-12 00:00:00,3.31543523296
2007-05-13 00:00:00,3.31543523296
2007-05-14 00:00:00,3.31543523296
2007-05-15 00:00:00,3.31543523296
2007-05-16 00:00:00,3.31543523296
2007-05-17 00:00:00,3.31543523296
2007-05-18 00:00:00,3.31543523296
2007-05-19 00:00:00,3.31543523296
2007-06-03 00:00:00,4.5944741172
2007-06-04 00:00:00,4.5944741172
2007-06-05 00:00:00,4.5944741172
2007-06-06 00:00:00,4.5944741172
2007-06-07 00:00:00,4.5944741172
2007-06-08 00:00:00,4.5944741172
2007-06-09 00:00:00,4.5944741172
2007-07-29 00:00:00,3.13435684178
2007-07-30 00:00:00,3.13435684178
2007-07-31 00:00:00,3.13435684178
2007-08-01 00:00:00,3.13435684178
2007-08-02 00:00:00,3.13435684178
2007-08-03 00:00:00,3.13435684178
2007-08-04 00:00:00,3.13435684178
2007-08-12 00:00:00,2.44184235746
2007-08-13 00:00:00,2.44184235746
2007-08-14 00:00:00,2.44184235746
2007-08-15 00:00:00,2.44184235746
2007-08-16 00:00:00,2.44184235746
2007-08-17 00:00:00,2.44184235746
2007-08-18 00:00:00,2.44184235746
2007-11-11 00:00:00,1.8332854808
2007-11-12 00:00:00,1.8332854808
2007-11-13 00:00:00,1.8332854808
2007-11-14 00:00:00,1.8332854808
2007-11-15 00:00:00,1.8332854808
2007-11-16 00:00:00,1.8332854808
2007-11-17 00:00:00,1.8332854808
2007-11-18 00:00:00,1.8332854808
2007-11-19 00:00:00,1.8332854808
2007-11-20 00:00:00,1.8332854808
2007-11-21 00:00:00,1.8332854808
2007-11-22 00:00:00,1.8332854808
2007-11-23 00:00:00,1.8332854808
2007-11-24 00:00:00,1.8332854808
2008-03-16 00:00:00,110.895645411
2008-03-17 00:00:00,110.895645411
2008-03-18 00:00:00,110.895645411
2008-03-19 00:00:00,110.895645411
2008-03-20 00:00:00,110.895645411
2008-03-21 00:00:00,110.895645411
2008-03-22 00:00:00,110.895645411
2008-03-30 00:00:00,1.91939672465
2008-03-31 00:00:00,1.91939672465
2008-04-01 00:00:00,1.91939672465
2008-04-02 00:00:00,1.91939672465
2008-04-03 00:00:00,1.91939672465
2008-04-04 00:00:00,1.91939672465
2008-04-05 00:00:00,1.91939672465
2008-04-20 00:00:00,2.4544108149
2008-04-21 00:00:00,2.4544108149
2008-04-22 00:00:00,2.4544108149
2008-04-23 00:00:00,2.4544108149
2008-04-24 00:00:00,2.4544108149
2008-04-25 00:00:00,2.4544108149
2008-04-26 00:00:00,2.4544108149
2008-05-18 00:00:00,1.9792553607
2008-05-19 00:00:00,1.9792553607
2008-05-20 00:00:00,1.9792553607
2008-05-21 00:00:00,1.9792553607
2008-05-22 00:00:00,1.9792553607
2008-05-23 00:00:00,1.9792553607
2008-05-24 00:00:00,1.9792553607
2008-05-25 00:00:00,1.9792553607
2008-05-26 00:00:00,1.9792553607
2008-05-27 00:00:00,1.9792553607
2008-05-28 00:00:00,1.9792553607
2008-05-29 00:00:00,1.9792553607
2008-05-30 00:00:00,1.9792553607
2008-05-31 00:00:00,1.9792553607
2008-06-01 00:00:00,1.9792553607
2008-06-02 00:00:00,1.9792553607
2008-06-03 00:00:00,1.9792553607
2008-06-04 00:00:00,1.9792553607
2008-06-05 00:00:00,1.9792553607
2008-06-06 00:00:00,1.9792553607
2008-06-07 00:00:00,1.9792553607
2008-06-08 00:00:00,1.9792553607
2008-06-09 00:00:00,1.9792553607
2008-06-10 00:00:00,1.9792553607
2008-06-11 00:00:00,1.9792553607
2008-06-12 00:00:00,1.9792553607
2008-06-13 00:00:00,1.9792553607
2008-06-14 00:00:00,1.9792553607
2008-09-07 00:00:00,7.04687852682
2008-09-08 00:00:00,7.04687852682
2008-09-09 00:00:00,7.04687852682
2008-09-10 00:00:00,7.04687852682
2008-09-11 00:00:00,7.04687852682
2008-09-12 00:00:00,7.04687852682
2008-09-13 00:00:00,7.04687852682
2008-10-19 00:00:00,3.27944320054
2008-10-20 00:00:00,3.27944320054
2008-10-21 00:00:00,3.27944320054
2008-10-22 00:00:00,3.27944320054
2008-10-23 00:00:00,3.27944320054
2008-10-24 00:00:00,3.27944320054
2008-10-25 00:00:00,3.27944320054
2008-10-26 00:00:00,3.27944320054
2008-10-27 00:00:00,3.27944320054
2008-10-28 00:00:00,3.27944320054
2008-10-29 00:00:00,3.27944320054
2008-10-30 00:00:00,3.27944320054
2008-10-31 00:00:00,3.27944320054
2008-11-01 00:00:00,3.27944320054
2009-03-01 00:00:00,1.94731305667
2009-03-02 00:00:00,1.94731305667
2009-03-03 00:00:00,1.94731305667
2009-03-04 00:00:00,1.94731305667
2009-03-05 00:00:00,1.94731305667
2009-03-06 00:00:00,1.94731305667
2009-03-07 00:00:00,1.94731305667
2009-03-15 00:00:00,2.88453873588
2009-03-16 00:00:00,2.88453873588
2009-03-17 00:00:00,2.88453873588
2009-03-18 00:00:00,2.88453873588
2009-03-19 00:00:00,2.88453873588
2009-03-20 00:00:00,2.88453873588
2009-03-21 00:00:00,2.88453873588
2009-05-31 00:00:00,2.12100642379
2009-06-01 00:00:00,2.12100642379
2009-06-02 00:00:00,2.12100642379
2009-06-03 00:00:00,2.12100642379
2009-06-04 00:00:00,2.12100642379
2009-06-05 00:00:00,2.12100642379
2009-06-06 00:00:00,2.12100642379
2009-08-02 00:00:00,1.84608283623
2009-08-03 00:00:00,1.84608283623
2009-08-04 00:00:00,1.84608283623
2009-08-05 00:00:00,1.84608283623
2009-08-06 00:00:00,1.84608283623
2009-08-07 00:00:00,1.84608283623
2009-08-08 00:00:00,1.84608283623
2009-08-30 00:00:00,7.40809947481
2009-08-31 00:00:00,7.40809947481
2009-09-01 00:00:00,7.40809947481
2009-09-02 00:00:00,7.40809947481
2009-09-03 00:00:00,7.40809947481
2009-09-04 00:00:00,7.40809947481
2009-09-05 00:00:00,7.40809947481
2009-09-13 00:00:00,9.5099649467
2009-09-14 00:00:00,9.5099649467
2009-09-15 00:00:00,9.5099649467
2009-09-16 00:00:00,9.5099649467
2009-09-17 00:00:00,9.5099649467
2009-09-18 00:00:00,9.5099649467
2009-09-19 00:00:00,9.5099649467
2009-09-20 00:00:00,9.5099649467
2009-09-21 00:00:00,9.5099649467
2009-09-22 00:00:00,9.5099649467
2009-09-23 00:00:00,9.5099649467
2009-09-24 00:00:00,9.5099649467
2009-09-25 00:00:00,9.5099649467
2009-09-26 00:00:00,9.5099649467
2009-12-13 00:00:00,3.79637011176
2009-12-14 00:00:00,3.79637011176
2009-12-15 00:00:00,3.79637011176
2009-12-16 00:00:00,3.79637011176
2009-12-17 00:00:00,3.79637011176
2009-12-18 00:00:00,3.79637011176
2009-12-19 00:00:00,3.79637011176
2010-01-03 00:00:00,12.8271380718
2010-01-04 00:00:00,12.8271380718
2010-01-05 00:00:00,12.8271380718
2010-01-06 00:00:00,12.8271380718
2010-01-07 00:00:00,12.8271380718
2010-01-08 00:00:00,12.8271380718
2010-01-09 00:00:00,12.8271380718
2010-04-04 00:00:00,2.57460487727
2010-04-05 00:00:00,2.57460487727
2010-04-06 00:00:00,2.57460487727
2010-04-07 00:00:00,2.57460487727
2010-04-08 00:00:00,2.57460487727
2010-04-09 00:00:00,2.57460487727
2010-04-10 00:00:00,2.57460487727
2010-04-11 00:00:00,2.57460487727
2010-04-12 00:00:00,2.57460487727
2010-04-13 00:00:00,2.57460487727
2010-04-14 00:00:00,2.57460487727
2010-04-15 00:00:00,2.57460487727
2010-04-16 00:00:00,2.57460487727
2010-04-17 00:00:00,2.57460487727
2010-04-18 00:00:00,2.57460487727
2010-04-19 00:00:00,2.57460487727
2010-04-20 00:00:00,2.57460487727
2010-04-21 00:00:00,2.57460487727
2010-04-22 00:00:00,2.57460487727
2010-04-23 00:00:00,2.57460487727
2010-04-24 00:00:00,2.57460487727
2010-05-16 00:00:00,2.91607396685
2010-05-17 00:00:00,2.91607396685
2010-05-18 00:00:00,2.91607396685
2010-05-19 00:00:00,2.91607396685
2010-05-20 00:00:00,2.91607396685
2010-05-21 00:00:00,2.91607396685
2010-05-22 00:00:00,2.91607396685
2010-05-23 00:00:00,2.91607396685
2010-05-24 00:00:00,2.91607396685
2010-05-25 00:00:00,2.91607396685
2010-05-26 00:00:00,2.91607396685
2010-05-27 00:00:00,2.91607396685
2010-05-28 00:00:00,2.91607396685
2010-05-29 00:00:00,2.91607396685
2010-05-30 00:00:00,2.91607396685
2010-05-31 00:00:00,2.91607396685
2010-06-01 00:00:00,2.91607396685
2010-06-02 00:00:00,2.91607396685
2010-06-03 00:00:00,2.91607396685
2010-06-04 00:00:00,2.91607396685
2010-06-05 00:00:00,2.91607396685
2010-06-27 00:00:00,3.56072548203
2010-06-28 00:00:00,3.56072548203
2010-06-29 00:00:00,3.56072548203
2010-06-30 00:00:00,3.56072548203
2010-07-01 00:00:00,3.56072548203
2010-07-02 00:00:00,3.56072548203
2010-07-03 00:00:00,3.56072548203
2010-07-04 00:00:00,3.56072548203
2010-07-05 00:00:00,3.56072548203
2010-07-06 00:00:00,3.56072548203
2010-07-07 00:00:00,3.56072548203
2010-07-08 00:00:00,3.56072548203
2010-07-09 00:00:00,3.56072548203
2010-07-10 00:00:00,3.56072548203
2010-08-29 00:00:00,1.68315737171
2010-08-30 00:00:00,1.68315737171
2010-08-31 00:00:00,1.68315737171
2010-09-01 00:00:00,1.68315737171
2010-09-02 00:00:00,1.68315737171
2010-09-03 00:00:00,1.68315737171
2010-09-04 00:00:00,1.68315737171
2011-05-15 00:00:00,7.97748581261
2011-05-16 00:00:00,7.97748581261
2011-05-17 00:00:00,7.97748581261
2011-05-18 00:00:00,7.97748581261
2011-05-19 00:00:00,7.97748581261
2011-05-20 00:00:00,7.97748581261
2011-05-21 00:00:00,7.97748581261
2011-05-22 00:00:00,7.97748581261
2011-05-23 00:00:00,7.97748581261
2011-05-24 00:00:00,7.97748581261
2011-05-25 00:00:00,7.97748581261
2011-05-26 00:00:00,7.97748581261
2011-05-27 00:00:00,7.97748581261
2011-05-28 00:00:00,7.97748581261
2011-06-05 00:00:00,4.04907793751
2011-06-06 00:00:00,4.04907793751
2011-06-07 00:00:00,4.04907793751
2011-06-08 00:00:00,4.04907793751
2011-06-09 00:00:00,4.04907793751
2011-06-10 00:00:00,4.04907793751
2011-06-11 00:00:00,4.04907793751
2011-07-03 00:00:00,2.72462328204
2011-07-04 00:00:00,2.72462328204
2011-07-05 00:00:00,2.72462328204
2011-07-06 00:00:00,2.72462328204
2011-07-07 00:00:00,2.72462328204
2011-07-08 00:00:00,2.72462328204
2011-07-09 00:00:00,2.72462328204
2011-07-10 00:00:00,2.72462328204
2011-07-11 00:00:00,2.72462328204
2011-07-12 00:00:00,2.72462328204
2011-07-13 00:00:00,2.72462328204
2011-07-14 00:00:00,2.72462328204
2011-07-15 00:00:00,2.72462328204
2011-07-16 00:00:00,2.72462328204
2011-07-17 00:00:00,2.72462328204
2011-07-18 00:00:00,2.72462328204
2011-07-19 00:00:00,2.72462328204
2011-07-20 00:00:00,2.72462328204
2011-07-21 00:00:00,2.72462328204
2011-07-22 00:00:00,2.72462328204
2011-07-23 00:00:00,2.72462328204
2011-07-24 00:00:00,2.72462328204
2011-07-25 00:00:00,2.72462328204
2011-07-26 00:00:00,2.72462328204
2011-07-27 00:00:00,2.72462328204
2011-07-28 00:00:00,2.72462328204
2011-07-29 00:00:00,2.72462328204
2011-07-30 00:00:00,2.72462328204
2011-07-31 00:00:00,2.72462328204
2011-08-01 00:00:00,2.72462328204
2011-08-02 00:00:00,2.72462328204
2011-08-03 00:00:00,2.72462328204
2011-08-04 00:00:00,2.72462328204
2011-08-05 00:00:00,2.72462328204
2011-08-06 00:00:00,2.72462328204
2011-08-07 00:00:00,2.72462328204
2011-08-08 00:00:00,2.72462328204
2011-08-09 00:00:00,2.72462328204
2011-08-10 00:00:00,2.72462328204
2011-08-11 00:00:00,2.72462328204
2011-08-12 00:00:00,2.72462328204
2011-08-13 00:00:00,2.72462328204
2011-10-09 00:00:00,1.82713992468
2011-10-10 00:00:00,1.82713992468
2011-10-11 00:00:00,1.82713992468
2011-10-12 00:00:00,1.82713992468
2011-10-13 00:00:00,1.82713992468
2011-10-14 00:00:00,1.82713992468
2011-10-15 00:00:00,1.82713992468
2011-12-11 00:00:00,2.17007623732
2011-12-12 00:00:00,2.17007623732
2011-12-13 00:00:00,2.17007623732
2011-12-14 00:00:00,2.17007623732
2011-12-15 00:00:00,2.17007623732
2011-12-16 00:00:00,2.17007623732
2011-12-17 00:00:00,2.17007623732
2011-12-18 00:00:00,2.17007623732
2011-12-19 00:00:00,2.17007623732
2011-12-20 00:00:00,2.17007623732
2011-12-21 00:00:00,2.17007623732
2011-12-22 00:00:00,2.17007623732
2011-12-23 00:00:00,2.17007623732
2011-12-24 00:00:00,2.17007623732
2012-04-08 00:00:00,4.53134018767
2012-04-09 00:00:00,4.53134018767
2012-04-10 00:00:00,4.53134018767
2012-04-11 00:00:00,4.53134018767
2012-04-12 00:00:00,4.53134018767
2012-04-13 00:00:00,4.53134018767
2012-04-14 00:00:00,4.53134018767
2012-04-15 00:00:00,4.53134018767
2012-04-16 00:00:00,4.53134018767
2012-04-17 00:00:00,4.53134018767
2012-04-18 00:00:00,4.53134018767
2012-04-19 00:00:00,4.53134018767
2012-04-20 00:00:00,4.53134018767
2012-04-21 00:00:00,4.53134018767
2012-04-22 00:00:00,4.53134018767
2012-04-23 00:00:00,4.53134018767
2012-04-24 00:00:00,4.53134018767
2012-04-25 00:00:00,4.53134018767
2012-04-26 00:00:00,4.53134018767
2012-04-27 00:00:00,4.53134018767
2012-04-28 00:00:00,4.53134018767
2012-04-29 00:00:00,4.53134018767
2012-04-30 00:00:00,4.53134018767
2012-05-01 00:00:00,4.53134018767
2012-05-02 00:00:00,4.53134018767
2012-05-03 00:00:00,4.53134018767
2012-05-04 00:00:00,4.53134018767
2012-05-05 00:00:00,4.53134018767
2012-06-10 00:00:00,23.7156132084
2012-06-11 00:00:00,23.7156132084
2012-06-12 00:00:00,23.7156132084
2012-06-13 00:00:00,23.7156132084
2012-06-14 00:00:00,23.7156132084
2012-06-15 00:00:00,23.7156132084
2012-06-16 00:00:00,23.7156132084
2012-07-29 00:00:00,2.99684645442
2012-07-30 00:00:00,2.99684645442
2012-07-31 00:00:00,2.99684645442
2012-08-01 00:00:00,2.99684645442
2012-08-02 00:00:00,2.99684645442
2012-08-03 00:00:00,2.99684645442
2012-08-04 00:00:00,2.99684645442
2012-08-26 00:00:00,4.84687775797
2012-08-27 00:00:00,4.84687775797
2012-08-28 00:00:00,4.84687775797
2012-08-29 00:00:00,4.84687775797
2012-08-30 00:00:00,4.84687775797
2012-08-31 00:00:00,4.84687775797
2012-09-01 00:00:00,4.84687775797
2012-09-30 00:00:00,2.53949615473
2012-10-01 00:00:00,2.53949615473
2012-10-02 00:00:00,2.53949615473
2012-10-03 00:00:00,2.53949615473
2012-10-04 00:00:00,2.53949615473
2012-10-05 00:00:00,2.53949615473
2012-10-06 00:00:00,2.53949615473
2012-10-21 00:00:00,1.70193032965
2012-10-22 00:00:00,1.70193032965
2012-10-23 00:00:00,1.70193032965
2012-10-24 00:00:00,1.70193032965
2012-10-25 00:00:00,1.70193032965
2012-10-26 00:00:00,1.70193032965
2012-10-27 00:00:00,1.70193032965
2012-11-11 00:00:00,5.9524644066
2012-11-12 00:00:00,5.9524644066
2012-11-13 00:00:00,5.9524644066
2012-11-14 00:00:00,5.9524644066
2012-11-15 00:00:00,5.9524644066
2012-11-16 00:00:00,5.9524644066
2012-11-17 00:00:00,5.9524644066
2012-12-30 00:00:00,3.50533352096
2012-12-31 00:00:00,3.50533352096
2013-01-01 00:00:00,3.50533352096
2013-01-02 00:00:00,3.50533352096
2013-01-03 00:00:00,3.50533352096
2013-01-04 00:00:00,3.50533352096
2013-01-05 00:00:00,3.50533352096
2013-05-05 00:00:00,9.81425240551
2013-05-06 00:00:00,9.81425240551
2013-05-07 00:00:00,9.81425240551
2013-05-08 00:00:00,9.81425240551
2013-05-09 00:00:00,9.81425240551
2013-05-10 00:00:00,9.81425240551
2013-05-11 00:00:00,9.81425240551
2013-05-12 00:00:00,9.81425240551
2013-05-13 00:00:00,9.81425240551
2013-05-14 00:00:00,9.81425240551
2013-05-15 00:00:00,9.81425240551
2013-05-16 00:00:00,9.81425240551
2013-05-17 00:00:00,9.81425240551
2013-05-18 00:00:00,9.81425240551
2013-06-09 00:00:00,2.66908579399
2013-06-10 00:00:00,2.66908579399
2013-06-11 00:00:00,2.66908579399
2013-06-12 00:00:00,2.66908579399
2013-06-13 00:00:00,2.66908579399
2013-06-14 00:00:00,2.66908579399
2013-06-15 00:00:00,2.66908579399
2013-08-25 00:00:00,2.32702173669
2013-08-26 00:00:00,2.32702173669
2013-08-27 00:00:00,2.32702173669
2013-08-28 00:00:00,2.32702173669
2013-08-29 00:00:00,2.32702173669
2013-08-30 00:00:00,2.32702173669
2013-08-31 00:00:00,2.32702173669
2013-09-01 00:00:00,2.32702173669
2013-09-02 00:00:00,2.32702173669
2013-09-03 00:00:00,2.32702173669
2013-09-04 00:00:00,2.32702173669
2013-09-05 00:00:00,2.32702173669
2013-09-06 00:00:00,2.32702173669
2013-09-07 00:00:00,2.32702173669
2013-10-13 00:00:00,5.5598480817
2013-10-14 00:00:00,5.5598480817
2013-10-15 00:00:00,5.5598480817
2013-10-16 00:00:00,5.5598480817
2013-10-17 00:00:00,5.5598480817
2013-10-18 00:00:00,5.5598480817
2013-10-19 00:00:00,5.5598480817
2013-11-24 00:00:00,2.68290588039
2013-11-25 00:00:00,2.68290588039
2013-11-26 00:00:00,2.68290588039
2013-11-27 00:00:00,2.68290588039
2013-11-28 00:00:00,2.68290588039
2013-11-29 00:00:00,2.68290588039
2013-11-30 00:00:00,2.68290588039
2014-02-02 00:00:00,33.0936971442
2014-02-03 00:00:00,33.0936971442
2014-02-04 00:00:00,33.0936971442
2014-02-05 00:00:00,33.0936971442
2014-02-06 00:00:00,33.0936971442
2014-02-07 00:00:00,33.0936971442
2014-02-08 00:00:00,33.0936971442
2014-06-29 00:00:00,11.6400131646
2014-06-30 00:00:00,11.6400131646
2014-07-01 00:00:00,11.6400131646
2014-07-02 00:00:00,11.6400131646
2014-07-03 00:00:00,11.6400131646
2014-07-04 00:00:00,11.6400131646
2014-07-05 00:00:00,11.6400131646
2014-07-06 00:00:00,11.6400131646
2014-07-07 00:00:00,11.6400131646
2014-07-08 00:00:00,11.6400131646
2014-07-09 00:00:00,11.6400131646
2014-07-10 00:00:00,11.6400131646
2014-07-11 00:00:00,11.6400131646
2014-07-12 00:00:00,11.6400131646
2014-07-20 00:00:00,2.90470274443
2014-07-21 00:00:00,2.90470274443
2014-07-22 00:00:00,2.90470274443
2014-07-23 00:00:00,2.90470274443
2014-07-24 00:00:00,2.90470274443
2014-07-25 00:00:00,2.90470274443
2014-07-26 00:00:00,2.90470274443
2014-07-27 00:00:00,2.90470274443
2014-07-28 00:00:00,2.90470274443
2014-07-29 00:00:00,2.90470274443
2014-07-30 00:00:00,2.90470274443
2014-07-31 00:00:00,2.90470274443
2014-08-01 00:00:00,2.90470274443
2014-08-02 00:00:00,2.90470274443
2014-09-28 00:00:00,2.08380159814
2014-09-29 00:00:00,2.08380159814
2014-09-30 00:00:00,2.08380159814
2014-10-01 00:00:00,2.08380159814
2014-10-02 00:00:00,2.08380159814
2014-10-03 00:00:00,2.08380159814
2014-10-04 00:00:00,2.08380159814
2014-10-05 00:00:00,2.08380159814
2014-10-06 00:00:00,2.08380159814
2014-10-07 00:00:00,2.08380159814
2014-10-08 00:00:00,2.08380159814
2014-10-09 00:00:00,2.08380159814
2014-10-10 00:00:00,2.08380159814
2014-10-11 00:00:00,2.08380159814
2014-10-19 00:00:00,6.67355707077
2014-10-20 00:00:00,6.67355707077
2014-10-21 00:00:00,6.67355707077
2014-10-22 00:00:00,6.67355707077
2014-10-23 00:00:00,6.67355707077
2014-10-24 00:00:00,6.67355707077
2014-10-25 00:00:00,6.67355707077
2014-10-26 00:00:00,6.67355707077
2014-10-27 00:00:00,6.67355707077
2014-10-28 00:00:00,6.67355707077
2014-10-29 00:00:00,6.67355707077
2014-10-30 00:00:00,6.67355707077
2014-10-31 00:00:00,6.67355707077
2014-11-01 00:00:00,6.67355707077
2014-12-07 00:00:00,2.37603069227
2014-12-08 00:00:00,2.37603069227
2014-12-09 00:00:00,2.37603069227
2014-12-10 00:00:00,2.37603069227
2014-12-11 00:00:00,2.37603069227
2014-12-12 00:00:00,2.37603069227
2014-12-13 00:00:00,2.37603069227
2014-12-21 00:00:00,80.4193853108
2014-12-22 00:00:00,80.4193853108
2014-12-23 00:00:00,80.4193853108
2014-12-24 00:00:00,80.4193853108
2014-12-25 00:00:00,80.4193853108
2014-12-26 00:00:00,80.4193853108
2014-12-27 00:00:00,80.4193853108
2014-12-28 00:00:00,80.4193853108
2014-12-29 00:00:00,80.4193853108
2014-12-30 00:00:00,80.4193853108
2014-12-31 00:00:00,80.4193853108
2015-01-01 00:00:00,80.4193853108
2015-01-02 00:00:00,80.4193853108
2015-01-03 00:00:00,80.4193853108
2015-01-04 00:00:00,80.4193853108
2015-01-05 00:00:00,80.4193853108
2015-01-06 00:00:00,80.4193853108
2015-01-07 00:00:00,80.4193853108
2015-01-08 00:00:00,80.4193853108
2015-01-09 00:00:00,80.4193853108
2015-01-10 00:00:00,80.4193853108
2015-02-08 00:00:00,3.82852896124
2015-02-09 00:00:00,3.82852896124
2015-02-10 00:00:00,3.82852896124
2015-02-11 00:00:00,3.82852896124
2015-02-12 00:00:00,3.82852896124
2015-02-13 00:00:00,3.82852896124
2015-02-14 00:00:00,3.82852896124
2015-02-22 00:00:00,10.7008903416
2015-02-23 00:00:00,10.7008903416
2015-02-24 00:00:00,10.7008903416
2015-02-25 00:00:00,10.7008903416
2015-02-26 00:00:00,10.7008903416
2015-02-27 00:00:00,10.7008903416
2015-02-28 00:00:00,10.7008903416
News Data
Start Date, End Date,News Source,Link,Days,Reason,Comment,Days Reported
2012-12-30,2012-12-27,The Times of India,http://timesofindia.indiatimes.com/india/Onion-prices-80-higher-than-last-year/articleshow/17774280.cms,-3,traders nexus,no,0
2012-12-31,2012-12-27,The Times of India,http://timesofindia.indiatimes.com/india/Onion-prices-80-higher-than-last-year/articleshow/17774280.cms,-4,traders nexus,no,0
2013-01-01,2012-12-27,The Times of India,http://timesofindia.indiatimes.com/india/Onion-prices-80-higher-than-last-year/articleshow/17774280.cms,-5,traders nexus,no,0
2013-08-25,2013-08-21,The Hindu,http://www.thehindu.com/business/Industry/onion-prices-jump-to-rs-80kg-again/article5044776.ece,-4,low supply,Prices hiked again,0
2013-08-26,2013-08-21,The Hindu,http://www.thehindu.com/business/Industry/onion-prices-jump-to-rs-80kg-again/article5044776.ece,-5,low supply,Prices hiked again,0
2013-08-27,2013-08-22,Money Control,http://www.moneycontrol.com/news/economy/onion-prices-shoot-back-to-rs-80kgmany-partsindia_939103.html,-5,not stated,,1
2013-08-29,2013-09-03,NDTV,http://www.ndtv.com/india-news/onion-prices-may-ease-when-south-india-crop-hits-market-government-533474,5,low supply,,0
2013-08-30,2013-09-03,NDTV,http://www.ndtv.com/india-news/onion-prices-may-ease-when-south-india-crop-hits-market-government-533474,4,low supply,,0
2013-08-31,2013-09-03,NDTV,http://www.ndtv.com/india-news/onion-prices-may-ease-when-south-india-crop-hits-market-government-533474,3,low supply,,0
2013-09-01,2013-09-03,NDTV,http://www.ndtv.com/india-news/onion-prices-may-ease-when-south-india-crop-hits-market-government-533474,2,low supply,,0
2013-09-02,2013-09-03,NDTV,http://www.ndtv.com/india-news/onion-prices-may-ease-when-south-india-crop-hits-market-government-533474,1,low supply,,0
2013-09-03,2013-09-03,NDTV,http://www.ndtv.com/india-news/onion-prices-may-ease-when-south-india-crop-hits-market-government-533474,0,low supply,,0
2013-09-04,2013-09-03,NDTV,http://www.ndtv.com/india-news/onion-prices-may-ease-when-south-india-crop-hits-market-government-533474,-1,low supply,,0
2013-09-05,2013-09-03,NDTV,http://www.ndtv.com/india-news/onion-prices-may-ease-when-south-india-crop-hits-market-government-533474,-2,low supply,,0
2013-09-06,2013-09-03,NDTV,http://www.ndtv.com/india-news/onion-prices-may-ease-when-south-india-crop-hits-market-government-533474,-3,low supply,,0
2013-09-07,2013-09-03,NDTV,http://www.ndtv.com/india-news/onion-prices-may-ease-when-south-india-crop-hits-market-government-533474,-4,low supply,,0
2013-10-13,2013-10-10,The Economic Times,http://articles.economictimes.indiatimes.com/2013-10-10/news/42903314_1_export-price-price-rise-onion-prices,-3,traders nexus,,0
2013-10-14,2013-10-10,The Economic Times,http://articles.economictimes.indiatimes.com/2013-10-10/news/42903314_1_export-price-price-rise-onion-prices,-4,traders nexus,,0
2013-10-15,2013-10-10,The Economic Times,http://articles.economictimes.indiatimes.com/2013-10-10/news/42903314_1_export-price-price-rise-onion-prices,-5,traders nexus,,0
2013-10-17,2013-10-22,NDTV,http://profit.ndtv.com/news/cheat-sheet/article-why-onion-prices-are-inching-towards-rs-100-per-kg-370138,5,low supply,,0
2013-10-18,2013-10-22,NDTV,http://profit.ndtv.com/news/cheat-sheet/article-why-onion-prices-are-inching-towards-rs-100-per-kg-370138,4,low supply,,0
2013-10-19,2013-10-22,NDTV,http://profit.ndtv.com/news/cheat-sheet/article-why-onion-prices-are-inching-towards-rs-100-per-kg-370138,3,low supply,,0
2013-11-24,2013-11-19,First Post,http://www.firstpost.com/politics/onion-tomato-price-hoardings-to-malign-party-cong-writes-to-ec-1238589.html,-5,traders nexus,,0
2013-11-27,2013-12-02,First Post,http://www.firstpost.com/politics/the-onion-trackers-of-delhi-what-sheila-dikshit-should-have-been-watching-1261901.html,5,not stated,,10
2013-11-28,2013-12-02,First Post,http://www.firstpost.com/politics/the-onion-trackers-of-delhi-what-sheila-dikshit-should-have-been-watching-1261901.html,4,not stated,,10
2013-11-29,2013-12-02,First Post,http://www.firstpost.com/politics/the-onion-trackers-of-delhi-what-sheila-dikshit-should-have-been-watching-1261901.html,3,not stated,,10
2013-11-30,2013-12-02,First Post,http://www.firstpost.com/politics/the-onion-trackers-of-delhi-what-sheila-dikshit-should-have-been-watching-1261901.html,2,not stated,,10
2014-06-29,2014-06-30,Money Control,http://www.moneycontrol.com/news/economy/risefood-prices-centre-swings-into-action_1115868.html,1,not stated,no,None
2014-06-30,2014-06-30,Money Control,http://www.moneycontrol.com/news/economy/risefood-prices-centre-swings-into-action_1115868.html,0,not stated,no,None
2014-07-01,2014-06-30,Money Control,http://www.moneycontrol.com/news/economy/risefood-prices-centre-swings-into-action_1115868.html,-1,not stated,no,None
2014-07-02,2014-06-30,Money Control,http://www.moneycontrol.com/news/economy/risefood-prices-centre-swings-into-action_1115868.html,-2,not stated,no,None
2014-07-03,2014-06-30,Money Control,http://www.moneycontrol.com/news/economy/risefood-prices-centre-swings-into-action_1115868.html,-3,not stated,no,None
2014-07-04,2014-06-30,Money Control,http://www.moneycontrol.com/news/economy/risefood-prices-centre-swings-into-action_1115868.html,-4,not stated,no,None
2014-07-05,2014-06-30,Money Control,http://www.moneycontrol.com/news/economy/risefood-prices-centre-swings-into-action_1115868.html,-5,not stated,no,None
2014-07-06,2014-07-01,NDTV,http://www.ndtv.com/cheat-sheet/poor-rainfall-could-cause-drought-like-conditions-in-parts-of-west-india-agriculture-minister-582801,-5,not stated,50% hike,7
2014-07-07,2014-07-02,The Times of India,http://timesofindia.indiatimes.com/business/india-business/Govt-hikes-minimum-export-price-of-onion-to-US-500-per-tonne/articleshow/37630139.cms,-5,prediction of delayed monsoon,no,30
2014-07-08,2014-07-03,The Economic Times,http://articles.economictimes.indiatimes.com/2014-07-03/news/51057542_1_stock-limits-onions-ravi-shankar-prasad,-5,traders nexus,,0
2014-07-09,2014-07-05,NDTV,http://www.ndtv.com/delhi-news/onion-sells-at-rs-40-kg-in-national-capital-region-on-drought-fears-584059,-4,Drought Fears,,0
2014-07-10,2014-07-05,NDTV,http://www.ndtv.com/delhi-news/onion-sells-at-rs-40-kg-in-national-capital-region-on-drought-fears-584059,-5,Drought Fears,,0
2014-07-11,2014-07-13,The Times of India,http://timesofindia.indiatimes.com/india/Govt-to-check-onion-prices-with-imports/articleshow/38282324.cms,2,low production,,30
2014-07-12,2014-07-13,The Times of India,http://timesofindia.indiatimes.com/india/Govt-to-check-onion-prices-with-imports/articleshow/38282324.cms,1,low production,,30
2014-07-20,2014-07-15,First Post,http://www.firstpost.com/india/why-modi-sarkaar-should-ready-itself-for-another-fight-with-inflation-1619551.html,-5,not stated,Title : Why Modi sarkaar should ready itself for another fight with inflation , but stated that onion prices are high as compared to last year,30
2014-07-21,2014-07-17,Business Standard,http://www.business-standard.com/article/economy-policy/price-stabilization-fund-in-agriculture-to-be-used-for-cereals-and-vegetables-114071701051_1.html,-4,not stated,,40
2014-07-22,2014-07-17,Business Standard,http://www.business-standard.com/article/economy-policy/price-stabilization-fund-in-agriculture-to-be-used-for-cereals-and-vegetables-114071701051_1.html,-5,not stated,,40
2015-01-01,2015-01-06,Zee News,http://zeenews.india.com/business/news/economy/vegetable-prices-again-spike-in-delhi-retailers-blame-bad-weather_115654.html,5,bad weather,,2
2015-01-02,2015-01-06,Zee News,http://zeenews.india.com/business/news/economy/vegetable-prices-again-spike-in-delhi-retailers-blame-bad-weather_115654.html,4,bad weather,,2
2015-01-03,2015-01-06,Zee News,http://zeenews.india.com/business/news/economy/vegetable-prices-again-spike-in-delhi-retailers-blame-bad-weather_115654.html,3,bad weather,,2
2015-01-04,2015-01-06,Zee News,http://zeenews.india.com/business/news/economy/vegetable-prices-again-spike-in-delhi-retailers-blame-bad-weather_115654.html,2,bad weather,,2
2015-01-05,2015-01-06,Zee News,http://zeenews.india.com/business/news/economy/vegetable-prices-again-spike-in-delhi-retailers-blame-bad-weather_115654.html,1,bad weather,,2
2015-01-06,2015-01-06,Zee News,http://zeenews.india.com/business/news/economy/vegetable-prices-again-spike-in-delhi-retailers-blame-bad-weather_115654.html,0,bad weather,,2
2015-01-07,2015-01-06,Zee News,http://zeenews.india.com/business/news/economy/vegetable-prices-again-spike-in-delhi-retailers-blame-bad-weather_115654.html,-1,bad weather,,2
2015-01-08,2015-01-06,Zee News,http://zeenews.india.com/business/news/economy/vegetable-prices-again-spike-in-delhi-retailers-blame-bad-weather_115654.html,-2,bad weather,,2
2015-01-09,2015-01-06,Zee News,http://zeenews.india.com/business/news/economy/vegetable-prices-again-spike-in-delhi-retailers-blame-bad-weather_115654.html,-3,bad weather,,2
2015-01-10,2015-01-06,Zee News,http://zeenews.india.com/business/news/economy/vegetable-prices-again-spike-in-delhi-retailers-blame-bad-weather_115654.html,-4,bad weather,,2
Correlation Result:::
Date,Value
2006-02-15 00:00:00,0.943530230756
2006-02-16 00:00:00,0.943530230756
2006-02-17 00:00:00,0.943530230756
2006-02-18 00:00:00,0.943530230756
2006-02-19 00:00:00,0.943530230756
2006-02-20 00:00:00,0.943530230756
2006-02-21 00:00:00,0.943530230756
2006-02-22 00:00:00,0.943530230756
2006-02-23 00:00:00,0.943530230756
2006-02-24 00:00:00,0.943530230756
2006-02-25 00:00:00,0.943530230756
2006-02-26 00:00:00,0.943530230756
2006-02-27 00:00:00,0.943530230756
2006-02-28 00:00:00,0.943530230756
2006-03-01 00:00:00,0.943530230756
2006-03-02 00:00:00,0.943530230756
2006-03-03 00:00:00,0.943530230756
2006-03-04 00:00:00,0.943530230756
2006-03-05 00:00:00,0.943530230756
2006-03-06 00:00:00,0.943530230756
2006-03-07 00:00:00,0.943530230756
2006-03-08 00:00:00,0.943530230756
2006-03-09 00:00:00,0.943530230756
2006-03-10 00:00:00,0.943530230756
2006-03-11 00:00:00,0.943530230756
2006-03-12 00:00:00,0.943530230756
2006-03-13 00:00:00,0.943530230756
2006-03-14 00:00:00,0.943530230756
2006-03-15 00:00:00,0.943530230756
2006-03-16 00:00:00,0.943530230756
2006-03-17 00:00:00,0.943530230756
2006-03-18 00:00:00,0.943530230756
2006-03-19 00:00:00,0.943530230756
2006-03-20 00:00:00,0.943530230756
2006-03-21 00:00:00,0.943530230756
2006-03-22 00:00:00,0.943530230756
2006-03-23 00:00:00,0.943530230756
2006-03-24 00:00:00,0.943530230756
2006-03-25 00:00:00,0.943530230756
2006-03-26 00:00:00,0.943530230756
2006-03-27 00:00:00,0.943530230756
2006-03-28 00:00:00,0.943530230756
2006-03-29 00:00:00,0.943530230756
2006-03-30 00:00:00,0.943530230756
2006-03-31 00:00:00,0.943530230756
2006-04-01 00:00:00,0.943530230756
2006-04-02 00:00:00,0.943530230756
2006-04-03 00:00:00,0.943530230756
2006-04-04 00:00:00,0.943530230756
2006-04-05 00:00:00,0.943530230756
2006-04-06 00:00:00,0.943530230756
2006-04-07 00:00:00,0.943530230756
2006-04-08 00:00:00,0.943530230756
2006-04-09 00:00:00,0.943530230756
2006-04-10 00:00:00,0.943530230756
2006-04-11 00:00:00,0.943530230756
2006-04-12 00:00:00,0.943530230756
2006-04-13 00:00:00,0.943530230756
2006-04-14 00:00:00,0.943530230756
2006-04-15 00:00:00,0.943530230756
2006-04-16 00:00:00,0.943530230756
2006-04-17 00:00:00,0.943530230756
2006-04-18 00:00:00,0.943530230756
2006-04-19 00:00:00,0.943530230756
2006-04-20 00:00:00,0.943530230756
2006-04-21 00:00:00,0.943530230756
2006-04-22 00:00:00,0.943530230756
2006-04-23 00:00:00,0.943530230756
2006-04-24 00:00:00,0.943530230756
2006-04-25 00:00:00,0.943530230756
2006-04-26 00:00:00,0.943530230756
2006-04-27 00:00:00,0.943530230756
2006-04-28 00:00:00,0.943530230756
2006-04-29 00:00:00,0.943530230756
2006-04-30 00:00:00,0.943530230756
2006-05-31 00:00:00,0.754054771315
2006-06-01 00:00:00,0.754054771315
2006-06-02 00:00:00,0.754054771315
2006-06-03 00:00:00,0.754054771315
2006-06-04 00:00:00,0.754054771315
2006-06-05 00:00:00,0.754054771315
2006-06-06 00:00:00,0.754054771315
2006-06-07 00:00:00,0.754054771315
2006-06-08 00:00:00,0.754054771315
2006-06-09 00:00:00,0.754054771315
2006-06-10 00:00:00,0.754054771315
2006-06-11 00:00:00,0.754054771315
2006-06-12 00:00:00,0.754054771315
2006-06-13 00:00:00,0.754054771315
2006-06-14 00:00:00,0.754054771315
2006-07-15 00:00:00,-0.898175245605
2006-07-16 00:00:00,-0.898175245605
2006-07-17 00:00:00,-0.898175245605
2006-07-18 00:00:00,-0.898175245605
2006-07-19 00:00:00,-0.898175245605
2006-07-20 00:00:00,-0.898175245605
2006-07-21 00:00:00,-0.898175245605
2006-07-22 00:00:00,-0.898175245605
2006-07-23 00:00:00,-0.898175245605
2006-07-24 00:00:00,-0.898175245605
2006-07-25 00:00:00,-0.898175245605
2006-07-26 00:00:00,-0.898175245605
2006-07-27 00:00:00,-0.898175245605
2006-07-28 00:00:00,-0.898175245605
2006-07-29 00:00:00,-0.898175245605
2006-08-14 00:00:00,0.914817040412
2006-08-15 00:00:00,0.914817040412
2006-08-16 00:00:00,0.914817040412
2006-08-17 00:00:00,0.914817040412
2006-08-18 00:00:00,0.914817040412
2006-08-19 00:00:00,0.914817040412
2006-08-20 00:00:00,0.914817040412
2006-08-21 00:00:00,0.914817040412
2006-08-22 00:00:00,0.914817040412
2006-08-23 00:00:00,0.914817040412
2006-08-24 00:00:00,0.914817040412
2006-08-25 00:00:00,0.914817040412
2006-08-26 00:00:00,0.914817040412
2006-08-27 00:00:00,0.914817040412
2006-08-28 00:00:00,0.914817040412
2006-08-29 00:00:00,0.914817040412
2006-08-30 00:00:00,0.914817040412
2006-08-31 00:00:00,0.914817040412
2006-09-01 00:00:00,0.914817040412
2006-09-02 00:00:00,0.914817040412
2006-09-03 00:00:00,0.914817040412
2006-09-04 00:00:00,0.914817040412
2006-09-05 00:00:00,0.914817040412
2006-09-06 00:00:00,0.914817040412
2006-09-07 00:00:00,0.914817040412
2006-09-08 00:00:00,0.914817040412
2006-09-09 00:00:00,0.914817040412
2006-09-10 00:00:00,0.914817040412
2006-09-11 00:00:00,0.914817040412
2006-09-12 00:00:00,0.914817040412
2006-09-13 00:00:00,0.914817040412
2006-09-14 00:00:00,0.914817040412
2006-09-15 00:00:00,0.914817040412
2006-09-16 00:00:00,0.914817040412
2006-09-17 00:00:00,0.914817040412
2006-09-18 00:00:00,0.914817040412
2006-09-19 00:00:00,0.914817040412
2006-09-20 00:00:00,0.914817040412
2006-09-21 00:00:00,0.914817040412
2006-09-22 00:00:00,0.914817040412
2006-09-23 00:00:00,0.914817040412
2006-09-24 00:00:00,0.914817040412
2006-09-25 00:00:00,0.914817040412
2006-09-26 00:00:00,0.914817040412
2006-09-27 00:00:00,0.914817040412
2007-02-25 00:00:00,0.929872390509
2007-02-26 00:00:00,0.929872390509
2007-02-27 00:00:00,0.929872390509
2007-02-28 00:00:00,0.929872390509
2007-03-01 00:00:00,0.929872390509
2007-03-02 00:00:00,0.929872390509
2007-03-03 00:00:00,0.929872390509
2007-03-04 00:00:00,0.929872390509
2007-03-05 00:00:00,0.929872390509
2007-03-06 00:00:00,0.929872390509
2007-03-07 00:00:00,0.929872390509
2007-03-08 00:00:00,0.929872390509
2007-03-09 00:00:00,0.929872390509
2007-03-10 00:00:00,0.929872390509
2007-03-11 00:00:00,0.929872390509
2007-03-27 00:00:00,0.582015057485
2007-03-28 00:00:00,0.582015057485
2007-03-29 00:00:00,0.582015057485
2007-03-30 00:00:00,0.582015057485
2007-03-31 00:00:00,0.582015057485
2007-04-01 00:00:00,0.582015057485
2007-04-02 00:00:00,0.582015057485
2007-04-03 00:00:00,0.582015057485
2007-04-04 00:00:00,0.582015057485
2007-04-05 00:00:00,0.582015057485
2007-04-06 00:00:00,0.582015057485
2007-04-07 00:00:00,0.582015057485
2007-04-08 00:00:00,0.582015057485
2007-04-09 00:00:00,0.582015057485
2007-04-10 00:00:00,0.582015057485
2008-05-05 00:00:00,0.882419926708
2008-05-06 00:00:00,0.882419926708
2008-05-07 00:00:00,0.882419926708
2008-05-08 00:00:00,0.882419926708
2008-05-09 00:00:00,0.882419926708
2008-05-10 00:00:00,0.882419926708
2008-05-11 00:00:00,0.882419926708
2008-05-12 00:00:00,0.882419926708
2008-05-13 00:00:00,0.882419926708
2008-05-14 00:00:00,0.882419926708
2008-05-15 00:00:00,0.882419926708
2008-05-16 00:00:00,0.882419926708
2008-05-17 00:00:00,0.882419926708
2008-05-18 00:00:00,0.882419926708
2008-05-19 00:00:00,0.882419926708
2008-05-20 00:00:00,0.882419926708
2008-05-21 00:00:00,0.882419926708
2008-05-22 00:00:00,0.882419926708
2008-05-23 00:00:00,0.882419926708
2008-05-24 00:00:00,0.882419926708
2008-05-25 00:00:00,0.882419926708
2008-05-26 00:00:00,0.882419926708
2008-05-27 00:00:00,0.882419926708
2008-05-28 00:00:00,0.882419926708
2008-05-29 00:00:00,0.882419926708
2008-05-30 00:00:00,0.882419926708
2008-05-31 00:00:00,0.882419926708
2008-06-01 00:00:00,0.882419926708
2008-06-02 00:00:00,0.882419926708
2008-06-03 00:00:00,0.882419926708
2008-06-04 00:00:00,0.882419926708
2008-06-05 00:00:00,0.882419926708
2008-06-06 00:00:00,0.882419926708
2008-06-07 00:00:00,0.882419926708
2008-06-08 00:00:00,0.882419926708
2008-06-09 00:00:00,0.882419926708
2008-06-10 00:00:00,0.882419926708
2008-06-11 00:00:00,0.882419926708
2008-06-12 00:00:00,0.882419926708
2008-06-13 00:00:00,0.882419926708
2008-06-14 00:00:00,0.882419926708
2008-06-15 00:00:00,0.882419926708
2008-06-16 00:00:00,0.882419926708
2008-06-17 00:00:00,0.882419926708
2008-06-18 00:00:00,0.882419926708
2008-09-02 00:00:00,0.899345815345
2008-09-03 00:00:00,0.899345815345
2008-09-04 00:00:00,0.899345815345
2008-09-05 00:00:00,0.899345815345
2008-09-06 00:00:00,0.899345815345
2008-09-07 00:00:00,0.899345815345
2008-09-08 00:00:00,0.899345815345
2008-09-09 00:00:00,0.899345815345
2008-09-10 00:00:00,0.899345815345
2008-09-11 00:00:00,0.899345815345
2008-09-12 00:00:00,0.899345815345
2008-09-13 00:00:00,0.899345815345
2008-09-14 00:00:00,0.899345815345
2008-09-15 00:00:00,0.899345815345
2008-09-16 00:00:00,0.899345815345
2008-10-02 00:00:00,0.814366651177
2008-10-03 00:00:00,0.814366651177
2008-10-04 00:00:00,0.814366651177
2008-10-05 00:00:00,0.814366651177
2008-10-06 00:00:00,0.814366651177
2008-10-07 00:00:00,0.814366651177
2008-10-08 00:00:00,0.814366651177
2008-10-09 00:00:00,0.814366651177
2008-10-10 00:00:00,0.814366651177
2008-10-11 00:00:00,0.814366651177
2008-10-12 00:00:00,0.814366651177
2008-10-13 00:00:00,0.814366651177
2008-10-14 00:00:00,0.814366651177
2008-10-15 00:00:00,0.814366651177
2008-10-16 00:00:00,0.814366651177
2008-10-17 00:00:00,0.814366651177
2008-10-18 00:00:00,0.814366651177
2008-10-19 00:00:00,0.814366651177
2008-10-20 00:00:00,0.814366651177
2008-10-21 00:00:00,0.814366651177
2008-10-22 00:00:00,0.814366651177
2008-10-23 00:00:00,0.814366651177
2008-10-24 00:00:00,0.814366651177
2008-10-25 00:00:00,0.814366651177
2008-10-26 00:00:00,0.814366651177
2008-10-27 00:00:00,0.814366651177
2008-10-28 00:00:00,0.814366651177
2008-10-29 00:00:00,0.814366651177
2008-10-30 00:00:00,0.814366651177
2008-10-31 00:00:00,0.814366651177
2009-03-01 00:00:00,0.869025029095
2009-03-02 00:00:00,0.869025029095
2009-03-03 00:00:00,0.869025029095
2009-03-04 00:00:00,0.869025029095
2009-03-05 00:00:00,0.869025029095
2009-03-06 00:00:00,0.869025029095
2009-03-07 00:00:00,0.869025029095
2009-03-08 00:00:00,0.869025029095
2009-03-09 00:00:00,0.869025029095
2009-03-10 00:00:00,0.869025029095
2009-03-11 00:00:00,0.869025029095
2009-03-12 00:00:00,0.869025029095
2009-03-13 00:00:00,0.869025029095
2009-03-14 00:00:00,0.869025029095
2009-03-15 00:00:00,0.869025029095
2009-03-16 00:00:00,0.869025029095
2009-03-17 00:00:00,0.869025029095
2009-03-18 00:00:00,0.869025029095
2009-03-19 00:00:00,0.869025029095
2009-03-20 00:00:00,0.869025029095
2009-03-21 00:00:00,0.869025029095
2009-03-22 00:00:00,0.869025029095
2009-03-23 00:00:00,0.869025029095
2009-03-24 00:00:00,0.869025029095
2009-03-25 00:00:00,0.869025029095
2009-03-26 00:00:00,0.869025029095
2009-03-27 00:00:00,0.869025029095
2009-03-28 00:00:00,0.869025029095
2009-03-29 00:00:00,0.869025029095
2009-03-30 00:00:00,0.869025029095
2009-04-30 00:00:00,0.924230657415
2009-05-01 00:00:00,0.924230657415
2009-05-02 00:00:00,0.924230657415
2009-05-03 00:00:00,0.924230657415
2009-05-04 00:00:00,0.924230657415
2009-05-05 00:00:00,0.924230657415
2009-05-06 00:00:00,0.924230657415
2009-05-07 00:00:00,0.924230657415
2009-05-08 00:00:00,0.924230657415
2009-05-09 00:00:00,0.924230657415
2009-05-10 00:00:00,0.924230657415
2009-05-11 00:00:00,0.924230657415
2009-05-12 00:00:00,0.924230657415
2009-05-13 00:00:00,0.924230657415
2009-05-14 00:00:00,0.924230657415
2009-05-30 00:00:00,0.764570274102
2009-05-31 00:00:00,0.764570274102
2009-06-01 00:00:00,0.764570274102
2009-06-02 00:00:00,0.764570274102
2009-06-03 00:00:00,0.764570274102
2009-06-04 00:00:00,0.764570274102
2009-06-05 00:00:00,0.764570274102
2009-06-06 00:00:00,0.764570274102
2009-06-07 00:00:00,0.764570274102
2009-06-08 00:00:00,0.764570274102
2009-06-09 00:00:00,0.764570274102
2009-06-10 00:00:00,0.764570274102
2009-06-11 00:00:00,0.764570274102
2009-06-12 00:00:00,0.764570274102
2009-06-13 00:00:00,0.764570274102
2009-06-14 00:00:00,0.764570274102
2009-06-15 00:00:00,0.764570274102
2009-06-16 00:00:00,0.764570274102
2009-06-17 00:00:00,0.764570274102
2009-06-18 00:00:00,0.764570274102
2009-06-19 00:00:00,0.764570274102
2009-06-20 00:00:00,0.764570274102
2009-06-21 00:00:00,0.764570274102
2009-06-22 00:00:00,0.764570274102
2009-06-23 00:00:00,0.764570274102
2009-06-24 00:00:00,0.764570274102
2009-06-25 00:00:00,0.764570274102
2009-06-26 00:00:00,0.764570274102
2009-06-27 00:00:00,0.764570274102
2009-06-28 00:00:00,0.764570274102
2009-06-29 00:00:00,0.764570274102
2009-06-30 00:00:00,0.764570274102
2009-07-01 00:00:00,0.764570274102
2009-07-02 00:00:00,0.764570274102
2009-07-03 00:00:00,0.764570274102
2009-07-04 00:00:00,0.764570274102
2009-07-05 00:00:00,0.764570274102
2009-07-06 00:00:00,0.764570274102
2009-07-07 00:00:00,0.764570274102
2009-07-08 00:00:00,0.764570274102
2009-07-09 00:00:00,0.764570274102
2009-07-10 00:00:00,0.764570274102
2009-07-11 00:00:00,0.764570274102
2009-07-12 00:00:00,0.764570274102
2009-07-13 00:00:00,0.764570274102
2009-07-14 00:00:00,0.764570274102
2009-07-15 00:00:00,0.764570274102
2009-07-16 00:00:00,0.764570274102
2009-07-17 00:00:00,0.764570274102
2009-07-18 00:00:00,0.764570274102
2009-07-19 00:00:00,0.764570274102
2009-07-20 00:00:00,0.764570274102
2009-07-21 00:00:00,0.764570274102
2009-07-22 00:00:00,0.764570274102
2009-07-23 00:00:00,0.764570274102
2009-07-24 00:00:00,0.764570274102
2009-07-25 00:00:00,0.764570274102
2009-07-26 00:00:00,0.764570274102
2009-07-27 00:00:00,0.764570274102
2009-07-28 00:00:00,0.764570274102
2009-10-27 00:00:00,0.931402915426
2009-10-28 00:00:00,0.931402915426
2009-10-29 00:00:00,0.931402915426
2009-10-30 00:00:00,0.931402915426
2009-10-31 00:00:00,0.931402915426
2009-11-01 00:00:00,0.931402915426
2009-11-02 00:00:00,0.931402915426
2009-11-03 00:00:00,0.931402915426
2009-11-04 00:00:00,0.931402915426
2009-11-05 00:00:00,0.931402915426
2009-11-06 00:00:00,0.931402915426
2009-11-07 00:00:00,0.931402915426
2009-11-08 00:00:00,0.931402915426
2009-11-09 00:00:00,0.931402915426
2009-11-10 00:00:00,0.931402915426
2009-11-11 00:00:00,0.931402915426
2009-11-12 00:00:00,0.931402915426
2009-11-13 00:00:00,0.931402915426
2009-11-14 00:00:00,0.931402915426
2009-11-15 00:00:00,0.931402915426
2009-11-16 00:00:00,0.931402915426
2009-11-17 00:00:00,0.931402915426
2009-11-18 00:00:00,0.931402915426
2009-11-19 00:00:00,0.931402915426
2009-11-20 00:00:00,0.931402915426
2009-11-21 00:00:00,0.931402915426
2009-11-22 00:00:00,0.931402915426
2009-11-23 00:00:00,0.931402915426
2009-11-24 00:00:00,0.931402915426
2009-11-25 00:00:00,0.931402915426
2009-12-26 00:00:00,0.869015271021
2009-12-27 00:00:00,0.869015271021
2009-12-28 00:00:00,0.869015271021
2009-12-29 00:00:00,0.869015271021
2009-12-30 00:00:00,0.869015271021
2009-12-31 00:00:00,0.869015271021
2010-01-01 00:00:00,0.869015271021
2010-01-02 00:00:00,0.869015271021
2010-01-03 00:00:00,0.869015271021
2010-01-04 00:00:00,0.869015271021
2010-01-05 00:00:00,0.869015271021
2010-01-06 00:00:00,0.869015271021
2010-01-07 00:00:00,0.869015271021
2010-01-08 00:00:00,0.869015271021
2010-01-09 00:00:00,0.869015271021
2010-03-26 00:00:00,0.92561452774
2010-03-27 00:00:00,0.92561452774
2010-03-28 00:00:00,0.92561452774
2010-03-29 00:00:00,0.92561452774
2010-03-30 00:00:00,0.92561452774
2010-03-31 00:00:00,0.92561452774
2010-04-01 00:00:00,0.92561452774
2010-04-02 00:00:00,0.92561452774
2010-04-03 00:00:00,0.92561452774
2010-04-04 00:00:00,0.92561452774
2010-04-05 00:00:00,0.92561452774
2010-04-06 00:00:00,0.92561452774
2010-04-07 00:00:00,0.92561452774
2010-04-08 00:00:00,0.92561452774
2010-04-09 00:00:00,0.92561452774
2010-05-10 00:00:00,0.839405497957
2010-05-11 00:00:00,0.839405497957
2010-05-12 00:00:00,0.839405497957
2010-05-13 00:00:00,0.839405497957
2010-05-14 00:00:00,0.839405497957
2010-05-15 00:00:00,0.839405497957
2010-05-16 00:00:00,0.839405497957
2010-05-17 00:00:00,0.839405497957
2010-05-18 00:00:00,0.839405497957
2010-05-19 00:00:00,0.839405497957
2010-05-20 00:00:00,0.839405497957
2010-05-21 00:00:00,0.839405497957
2010-05-22 00:00:00,0.839405497957
2010-05-23 00:00:00,0.839405497957
2010-05-24 00:00:00,0.839405497957
2010-06-09 00:00:00,0.942157000748
2010-06-10 00:00:00,0.942157000748
2010-06-11 00:00:00,0.942157000748
2010-06-12 00:00:00,0.942157000748
2010-06-13 00:00:00,0.942157000748
2010-06-14 00:00:00,0.942157000748
2010-06-15 00:00:00,0.942157000748
2010-06-16 00:00:00,0.942157000748
2010-06-17 00:00:00,0.942157000748
2010-06-18 00:00:00,0.942157000748
2010-06-19 00:00:00,0.942157000748
2010-06-20 00:00:00,0.942157000748
2010-06-21 00:00:00,0.942157000748
2010-06-22 00:00:00,0.942157000748
2010-06-23 00:00:00,0.942157000748
2010-09-22 00:00:00,0.771017721373
2010-09-23 00:00:00,0.771017721373
2010-09-24 00:00:00,0.771017721373
2010-09-25 00:00:00,0.771017721373
2010-09-26 00:00:00,0.771017721373
2010-09-27 00:00:00,0.771017721373
2010-09-28 00:00:00,0.771017721373
2010-09-29 00:00:00,0.771017721373
2010-09-30 00:00:00,0.771017721373
2010-10-01 00:00:00,0.771017721373
2010-10-02 00:00:00,0.771017721373
2010-10-03 00:00:00,0.771017721373
2010-10-04 00:00:00,0.771017721373
2010-10-05 00:00:00,0.771017721373
2010-10-06 00:00:00,0.771017721373
2011-02-04 00:00:00,-0.757356416889
2011-02-05 00:00:00,-0.757356416889
2011-02-06 00:00:00,-0.757356416889
2011-02-07 00:00:00,-0.757356416889
2011-02-08 00:00:00,-0.757356416889
2011-02-09 00:00:00,-0.757356416889
2011-02-10 00:00:00,-0.757356416889
2011-02-11 00:00:00,-0.757356416889
2011-02-12 00:00:00,-0.757356416889
2011-02-13 00:00:00,-0.757356416889
2011-02-14 00:00:00,-0.757356416889
2011-02-15 00:00:00,-0.757356416889
2011-02-16 00:00:00,-0.757356416889
2011-02-17 00:00:00,-0.757356416889
2011-02-18 00:00:00,-0.757356416889
2011-03-21 00:00:00,0.923103197748
2011-03-22 00:00:00,0.923103197748
2011-03-23 00:00:00,0.923103197748
2011-03-24 00:00:00,0.923103197748
2011-03-25 00:00:00,0.923103197748
2011-03-26 00:00:00,0.923103197748
2011-03-27 00:00:00,0.923103197748
2011-03-28 00:00:00,0.923103197748
2011-03-29 00:00:00,0.923103197748
2011-03-30 00:00:00,0.923103197748
2011-03-31 00:00:00,0.923103197748
2011-04-01 00:00:00,0.923103197748
2011-04-02 00:00:00,0.923103197748
2011-04-03 00:00:00,0.923103197748
2011-04-04 00:00:00,0.923103197748
2011-04-05 00:00:00,0.923103197748
2011-04-06 00:00:00,0.923103197748
2011-04-07 00:00:00,0.923103197748
2011-04-08 00:00:00,0.923103197748
2011-04-09 00:00:00,0.923103197748
2011-04-10 00:00:00,0.923103197748
2011-04-11 00:00:00,0.923103197748
2011-04-12 00:00:00,0.923103197748
2011-04-13 00:00:00,0.923103197748
2011-04-14 00:00:00,0.923103197748
2011-04-15 00:00:00,0.923103197748
2011-04-16 00:00:00,0.923103197748
2011-04-17 00:00:00,0.923103197748
2011-04-18 00:00:00,0.923103197748
2011-04-19 00:00:00,0.923103197748
2011-04-20 00:00:00,0.923103197748
2011-04-21 00:00:00,0.923103197748
2011-04-22 00:00:00,0.923103197748
2011-04-23 00:00:00,0.923103197748
2011-04-24 00:00:00,0.923103197748
2011-04-25 00:00:00,0.923103197748
2011-04-26 00:00:00,0.923103197748
2011-04-27 00:00:00,0.923103197748
2011-04-28 00:00:00,0.923103197748
2011-04-29 00:00:00,0.923103197748
2011-04-30 00:00:00,0.923103197748
2011-05-01 00:00:00,0.923103197748
2011-05-02 00:00:00,0.923103197748
2011-05-03 00:00:00,0.923103197748
2011-05-04 00:00:00,0.923103197748
2011-06-04 00:00:00,-0.77130587522
2011-06-05 00:00:00,-0.77130587522
2011-06-06 00:00:00,-0.77130587522
2011-06-07 00:00:00,-0.77130587522
2011-06-08 00:00:00,-0.77130587522
2011-06-09 00:00:00,-0.77130587522
2011-06-10 00:00:00,-0.77130587522
2011-06-11 00:00:00,-0.77130587522
2011-06-12 00:00:00,-0.77130587522
2011-06-13 00:00:00,-0.77130587522
2011-06-14 00:00:00,-0.77130587522
2011-06-15 00:00:00,-0.77130587522
2011-06-16 00:00:00,-0.77130587522
2011-06-17 00:00:00,-0.77130587522
2011-06-18 00:00:00,-0.77130587522
2011-07-19 00:00:00,0.938624110922
2011-07-20 00:00:00,0.938624110922
2011-07-21 00:00:00,0.938624110922
2011-07-22 00:00:00,0.938624110922
2011-07-23 00:00:00,0.938624110922
2011-07-24 00:00:00,0.938624110922
2011-07-25 00:00:00,0.938624110922
2011-07-26 00:00:00,0.938624110922
2011-07-27 00:00:00,0.938624110922
2011-07-28 00:00:00,0.938624110922
2011-07-29 00:00:00,0.938624110922
2011-07-30 00:00:00,0.938624110922
2011-07-31 00:00:00,0.938624110922
2011-08-01 00:00:00,0.938624110922
2011-08-02 00:00:00,0.938624110922
2011-08-03 00:00:00,0.938624110922
2011-08-04 00:00:00,0.938624110922
2011-08-05 00:00:00,0.938624110922
2011-08-06 00:00:00,0.938624110922
2011-08-07 00:00:00,0.938624110922
2011-08-08 00:00:00,0.938624110922
2011-08-09 00:00:00,0.938624110922
2011-08-10 00:00:00,0.938624110922
2011-08-11 00:00:00,0.938624110922
2011-08-12 00:00:00,0.938624110922
2011-08-13 00:00:00,0.938624110922
2011-08-14 00:00:00,0.938624110922
2011-08-15 00:00:00,0.938624110922
2011-08-16 00:00:00,0.938624110922
2011-08-17 00:00:00,0.938624110922
2011-08-18 00:00:00,0.938624110922
2011-08-19 00:00:00,0.938624110922
2011-08-20 00:00:00,0.938624110922
2011-08-21 00:00:00,0.938624110922
2011-08-22 00:00:00,0.938624110922
2011-08-23 00:00:00,0.938624110922
2011-08-24 00:00:00,0.938624110922
2011-08-25 00:00:00,0.938624110922
2011-08-26 00:00:00,0.938624110922
2011-08-27 00:00:00,0.938624110922
2011-08-28 00:00:00,0.938624110922
2011-08-29 00:00:00,0.938624110922
2011-08-30 00:00:00,0.938624110922
2011-08-31 00:00:00,0.938624110922
2011-09-01 00:00:00,0.938624110922
2011-09-02 00:00:00,0.938624110922
2011-09-03 00:00:00,0.938624110922
2011-09-04 00:00:00,0.938624110922
2011-09-05 00:00:00,0.938624110922
2011-09-06 00:00:00,0.938624110922
2011-09-07 00:00:00,0.938624110922
2011-09-08 00:00:00,0.938624110922
2011-09-09 00:00:00,0.938624110922
2011-09-10 00:00:00,0.938624110922
2011-09-11 00:00:00,0.938624110922
2011-09-12 00:00:00,0.938624110922
2011-09-13 00:00:00,0.938624110922
2011-09-14 00:00:00,0.938624110922
2011-09-15 00:00:00,0.938624110922
2011-09-16 00:00:00,0.938624110922
2011-09-17 00:00:00,0.938624110922
2011-09-18 00:00:00,0.938624110922
2011-09-19 00:00:00,0.938624110922
2011-09-20 00:00:00,0.938624110922
2011-09-21 00:00:00,0.938624110922
2011-09-22 00:00:00,0.938624110922
2011-09-23 00:00:00,0.938624110922
2011-09-24 00:00:00,0.938624110922
2011-09-25 00:00:00,0.938624110922
2011-09-26 00:00:00,0.938624110922
2011-09-27 00:00:00,0.938624110922
2011-09-28 00:00:00,0.938624110922
2011-09-29 00:00:00,0.938624110922
2011-09-30 00:00:00,0.938624110922
2011-10-01 00:00:00,0.938624110922
2011-10-02 00:00:00,0.938624110922
2011-10-03 00:00:00,0.938624110922
2011-10-04 00:00:00,0.938624110922
2011-10-05 00:00:00,0.938624110922
2011-10-06 00:00:00,0.938624110922
2011-10-07 00:00:00,0.938624110922
2011-10-08 00:00:00,0.938624110922
2011-10-09 00:00:00,0.938624110922
2011-10-10 00:00:00,0.938624110922
2011-10-11 00:00:00,0.938624110922
2011-10-12 00:00:00,0.938624110922
2011-10-13 00:00:00,0.938624110922
2011-10-14 00:00:00,0.938624110922
2011-10-15 00:00:00,0.938624110922
2011-10-16 00:00:00,0.938624110922
2011-11-01 00:00:00,0.728011499236
2011-11-02 00:00:00,0.728011499236
2011-11-03 00:00:00,0.728011499236
2011-11-04 00:00:00,0.728011499236
2011-11-05 00:00:00,0.728011499236
2011-11-06 00:00:00,0.728011499236
2011-11-07 00:00:00,0.728011499236
2011-11-08 00:00:00,0.728011499236
2011-11-09 00:00:00,0.728011499236
2011-11-10 00:00:00,0.728011499236
2011-11-11 00:00:00,0.728011499236
2011-11-12 00:00:00,0.728011499236
2011-11-13 00:00:00,0.728011499236
2011-11-14 00:00:00,0.728011499236
2011-11-15 00:00:00,0.728011499236
2011-12-31 00:00:00,0.620859457026
2012-01-01 00:00:00,0.620859457026
2012-01-02 00:00:00,0.620859457026
2012-01-03 00:00:00,0.620859457026
2012-01-04 00:00:00,0.620859457026
2012-01-05 00:00:00,0.620859457026
2012-01-06 00:00:00,0.620859457026
2012-01-07 00:00:00,0.620859457026
2012-01-08 00:00:00,0.620859457026
2012-01-09 00:00:00,0.620859457026
2012-01-10 00:00:00,0.620859457026
2012-01-11 00:00:00,0.620859457026
2012-01-12 00:00:00,0.620859457026
2012-01-13 00:00:00,0.620859457026
2012-01-14 00:00:00,0.620859457026
2012-01-30 00:00:00,0.91284441434
2012-01-31 00:00:00,0.91284441434
2012-02-01 00:00:00,0.91284441434
2012-02-02 00:00:00,0.91284441434
2012-02-03 00:00:00,0.91284441434
2012-02-04 00:00:00,0.91284441434
2012-02-05 00:00:00,0.91284441434
2012-02-06 00:00:00,0.91284441434
2012-02-07 00:00:00,0.91284441434
2012-02-08 00:00:00,0.91284441434
2012-02-09 00:00:00,0.91284441434
2012-02-10 00:00:00,0.91284441434
2012-02-11 00:00:00,0.91284441434
2012-02-12 00:00:00,0.91284441434
2012-02-13 00:00:00,0.91284441434
2012-02-14 00:00:00,0.91284441434
2012-02-15 00:00:00,0.91284441434
2012-02-16 00:00:00,0.91284441434
2012-02-17 00:00:00,0.91284441434
2012-02-18 00:00:00,0.91284441434
2012-02-19 00:00:00,0.91284441434
2012-02-20 00:00:00,0.91284441434
2012-02-21 00:00:00,0.91284441434
2012-02-22 00:00:00,0.91284441434
2012-02-23 00:00:00,0.91284441434
2012-02-24 00:00:00,0.91284441434
2012-02-25 00:00:00,0.91284441434
2012-02-26 00:00:00,0.91284441434
2012-02-27 00:00:00,0.91284441434
2012-02-28 00:00:00,0.91284441434
2012-04-29 00:00:00,0.831062189201
2012-04-30 00:00:00,0.831062189201
2012-05-01 00:00:00,0.831062189201
2012-05-02 00:00:00,0.831062189201
2012-05-03 00:00:00,0.831062189201
2012-05-04 00:00:00,0.831062189201
2012-05-05 00:00:00,0.831062189201
2012-05-06 00:00:00,0.831062189201
2012-05-07 00:00:00,0.831062189201
2012-05-08 00:00:00,0.831062189201
2012-05-09 00:00:00,0.831062189201
2012-05-10 00:00:00,0.831062189201
2012-05-11 00:00:00,0.831062189201
2012-05-12 00:00:00,0.831062189201
2012-05-13 00:00:00,0.831062189201
2012-05-14 00:00:00,0.831062189201
2012-05-15 00:00:00,0.831062189201
2012-05-16 00:00:00,0.831062189201
2012-05-17 00:00:00,0.831062189201
2012-05-18 00:00:00,0.831062189201
2012-05-19 00:00:00,0.831062189201
2012-05-20 00:00:00,0.831062189201
2012-05-21 00:00:00,0.831062189201
2012-05-22 00:00:00,0.831062189201
2012-05-23 00:00:00,0.831062189201
2012-05-24 00:00:00,0.831062189201
2012-05-25 00:00:00,0.831062189201
2012-05-26 00:00:00,0.831062189201
2012-05-27 00:00:00,0.831062189201
2012-05-28 00:00:00,0.831062189201
2012-05-29 00:00:00,0.831062189201
2012-05-30 00:00:00,0.831062189201
2012-05-31 00:00:00,0.831062189201
2012-06-01 00:00:00,0.831062189201
2012-06-02 00:00:00,0.831062189201
2012-06-03 00:00:00,0.831062189201
2012-06-04 00:00:00,0.831062189201
2012-06-05 00:00:00,0.831062189201
2012-06-06 00:00:00,0.831062189201
2012-06-07 00:00:00,0.831062189201
2012-06-08 00:00:00,0.831062189201
2012-06-09 00:00:00,0.831062189201
2012-06-10 00:00:00,0.831062189201
2012-06-11 00:00:00,0.831062189201
2012-06-12 00:00:00,0.831062189201
2012-06-13 00:00:00,0.831062189201
2012-06-14 00:00:00,0.831062189201
2012-06-15 00:00:00,0.831062189201
2012-06-16 00:00:00,0.831062189201
2012-06-17 00:00:00,0.831062189201
2012-06-18 00:00:00,0.831062189201
2012-06-19 00:00:00,0.831062189201
2012-06-20 00:00:00,0.831062189201
2012-06-21 00:00:00,0.831062189201
2012-06-22 00:00:00,0.831062189201
2012-06-23 00:00:00,0.831062189201
2012-06-24 00:00:00,0.831062189201
2012-06-25 00:00:00,0.831062189201
2012-06-26 00:00:00,0.831062189201
2012-06-27 00:00:00,0.831062189201
2012-08-12 00:00:00,0.811429256557
2012-08-13 00:00:00,0.811429256557
2012-08-14 00:00:00,0.811429256557
2012-08-15 00:00:00,0.811429256557
2012-08-16 00:00:00,0.811429256557
2012-08-17 00:00:00,0.811429256557
2012-08-18 00:00:00,0.811429256557
2012-08-19 00:00:00,0.811429256557
2012-08-20 00:00:00,0.811429256557
2012-08-21 00:00:00,0.811429256557
2012-08-22 00:00:00,0.811429256557
2012-08-23 00:00:00,0.811429256557
2012-08-24 00:00:00,0.811429256557
2012-08-25 00:00:00,0.811429256557
2012-08-26 00:00:00,0.811429256557
2012-08-27 00:00:00,0.811429256557
2012-08-28 00:00:00,0.811429256557
2012-08-29 00:00:00,0.811429256557
2012-08-30 00:00:00,0.811429256557
2012-08-31 00:00:00,0.811429256557
2012-09-01 00:00:00,0.811429256557
2012-09-02 00:00:00,0.811429256557
2012-09-03 00:00:00,0.811429256557
2012-09-04 00:00:00,0.811429256557
2012-09-05 00:00:00,0.811429256557
2012-09-06 00:00:00,0.811429256557
2012-09-07 00:00:00,0.811429256557
2012-09-08 00:00:00,0.811429256557
2012-09-09 00:00:00,0.811429256557
2012-09-10 00:00:00,0.811429256557
2012-09-11 00:00:00,0.811429256557
2012-09-12 00:00:00,0.811429256557
2012-09-13 00:00:00,0.811429256557
2012-09-14 00:00:00,0.811429256557
2012-09-15 00:00:00,0.811429256557
2012-09-16 00:00:00,0.811429256557
2012-09-17 00:00:00,0.811429256557
2012-09-18 00:00:00,0.811429256557
2012-09-19 00:00:00,0.811429256557
2012-09-20 00:00:00,0.811429256557
2012-09-21 00:00:00,0.811429256557
2012-09-22 00:00:00,0.811429256557
2012-09-23 00:00:00,0.811429256557
2012-09-24 00:00:00,0.811429256557
2012-09-25 00:00:00,0.811429256557
2012-09-26 00:00:00,0.811429256557
2012-09-27 00:00:00,0.811429256557
2012-09-28 00:00:00,0.811429256557
2012-09-29 00:00:00,0.811429256557
2012-09-30 00:00:00,0.811429256557
2012-10-01 00:00:00,0.811429256557
2012-10-02 00:00:00,0.811429256557
2012-10-03 00:00:00,0.811429256557
2012-10-04 00:00:00,0.811429256557
2012-10-05 00:00:00,0.811429256557
2012-10-06 00:00:00,0.811429256557
2012-10-07 00:00:00,0.811429256557
2012-10-08 00:00:00,0.811429256557
2012-10-09 00:00:00,0.811429256557
2012-10-10 00:00:00,0.811429256557
2012-10-26 00:00:00,0.938169173869
2012-10-27 00:00:00,0.938169173869
2012-10-28 00:00:00,0.938169173869
2012-10-29 00:00:00,0.938169173869
2012-10-30 00:00:00,0.938169173869
2012-10-31 00:00:00,0.938169173869
2012-11-01 00:00:00,0.938169173869
2012-11-02 00:00:00,0.938169173869
2012-11-03 00:00:00,0.938169173869
2012-11-04 00:00:00,0.938169173869
2012-11-05 00:00:00,0.938169173869
2012-11-06 00:00:00,0.938169173869
2012-11-07 00:00:00,0.938169173869
2012-11-08 00:00:00,0.938169173869
2012-11-09 00:00:00,0.938169173869
2012-11-10 00:00:00,0.938169173869
2012-11-11 00:00:00,0.938169173869
2012-11-12 00:00:00,0.938169173869
2012-11-13 00:00:00,0.938169173869
2012-11-14 00:00:00,0.938169173869
2012-11-15 00:00:00,0.938169173869
2012-11-16 00:00:00,0.938169173869
2012-11-17 00:00:00,0.938169173869
2012-11-18 00:00:00,0.938169173869
2012-11-19 00:00:00,0.938169173869
2012-11-20 00:00:00,0.938169173869
2012-11-21 00:00:00,0.938169173869
2012-11-22 00:00:00,0.938169173869
2012-11-23 00:00:00,0.938169173869
2012-11-24 00:00:00,0.938169173869
2013-01-09 00:00:00,0.890734079221
2013-01-10 00:00:00,0.890734079221
2013-01-11 00:00:00,0.890734079221
2013-01-12 00:00:00,0.890734079221
2013-01-13 00:00:00,0.890734079221
2013-01-14 00:00:00,0.890734079221
2013-01-15 00:00:00,0.890734079221
2013-01-16 00:00:00,0.890734079221
2013-01-17 00:00:00,0.890734079221
2013-01-18 00:00:00,0.890734079221
2013-01-19 00:00:00,0.890734079221
2013-01-20 00:00:00,0.890734079221
2013-01-21 00:00:00,0.890734079221
2013-01-22 00:00:00,0.890734079221
2013-01-23 00:00:00,0.890734079221
2013-02-08 00:00:00,0.892516582217
2013-02-09 00:00:00,0.892516582217
2013-02-10 00:00:00,0.892516582217
2013-02-11 00:00:00,0.892516582217
2013-02-12 00:00:00,0.892516582217
2013-02-13 00:00:00,0.892516582217
2013-02-14 00:00:00,0.892516582217
2013-02-15 00:00:00,0.892516582217
2013-02-16 00:00:00,0.892516582217
2013-02-17 00:00:00,0.892516582217
2013-02-18 00:00:00,0.892516582217
2013-02-19 00:00:00,0.892516582217
2013-02-20 00:00:00,0.892516582217
2013-02-21 00:00:00,0.892516582217
2013-02-22 00:00:00,0.892516582217
2013-02-23 00:00:00,0.892516582217
2013-02-24 00:00:00,0.892516582217
2013-02-25 00:00:00,0.892516582217
2013-02-26 00:00:00,0.892516582217
2013-02-27 00:00:00,0.892516582217
2013-02-28 00:00:00,0.892516582217
2013-03-01 00:00:00,0.892516582217
2013-03-02 00:00:00,0.892516582217
2013-03-03 00:00:00,0.892516582217
2013-03-04 00:00:00,0.892516582217
2013-03-05 00:00:00,0.892516582217
2013-03-06 00:00:00,0.892516582217
2013-03-07 00:00:00,0.892516582217
2013-03-08 00:00:00,0.892516582217
2013-03-09 00:00:00,0.892516582217
2013-03-10 00:00:00,0.892516582217
2013-03-11 00:00:00,0.892516582217
2013-03-12 00:00:00,0.892516582217
2013-03-13 00:00:00,0.892516582217
2013-03-14 00:00:00,0.892516582217
2013-03-15 00:00:00,0.892516582217
2013-03-16 00:00:00,0.892516582217
2013-03-17 00:00:00,0.892516582217
2013-03-18 00:00:00,0.892516582217
2013-03-19 00:00:00,0.892516582217
2013-03-20 00:00:00,0.892516582217
2013-03-21 00:00:00,0.892516582217
2013-03-22 00:00:00,0.892516582217
2013-03-23 00:00:00,0.892516582217
2013-03-24 00:00:00,0.892516582217
2013-03-25 00:00:00,0.892516582217
2013-03-26 00:00:00,0.892516582217
2013-03-27 00:00:00,0.892516582217
2013-03-28 00:00:00,0.892516582217
2013-03-29 00:00:00,0.892516582217
2013-03-30 00:00:00,0.892516582217
2013-03-31 00:00:00,0.892516582217
2013-04-01 00:00:00,0.892516582217
2013-04-02 00:00:00,0.892516582217
2013-04-03 00:00:00,0.892516582217
2013-04-04 00:00:00,0.892516582217
2013-04-05 00:00:00,0.892516582217
2013-04-06 00:00:00,0.892516582217
2013-04-07 00:00:00,0.892516582217
2013-04-08 00:00:00,0.892516582217
2013-04-09 00:00:00,0.892516582217
2013-04-10 00:00:00,0.892516582217
2013-04-11 00:00:00,0.892516582217
2013-04-12 00:00:00,0.892516582217
2013-04-13 00:00:00,0.892516582217
2013-04-14 00:00:00,0.892516582217
2013-04-15 00:00:00,0.892516582217
2013-04-16 00:00:00,0.892516582217
2013-04-17 00:00:00,0.892516582217
2013-04-18 00:00:00,0.892516582217
2013-04-19 00:00:00,0.892516582217
2013-04-20 00:00:00,0.892516582217
2013-04-21 00:00:00,0.892516582217
2013-04-22 00:00:00,0.892516582217
2013-04-23 00:00:00,0.892516582217
2013-04-24 00:00:00,0.892516582217
2013-04-25 00:00:00,0.892516582217
2013-04-26 00:00:00,0.892516582217
2013-04-27 00:00:00,0.892516582217
2013-04-28 00:00:00,0.892516582217
2013-04-29 00:00:00,0.892516582217
2013-04-30 00:00:00,0.892516582217
2013-05-01 00:00:00,0.892516582217
2013-05-02 00:00:00,0.892516582217
2013-05-03 00:00:00,0.892516582217
2013-05-04 00:00:00,0.892516582217
2013-05-05 00:00:00,0.892516582217
2013-05-06 00:00:00,0.892516582217
2013-05-07 00:00:00,0.892516582217
2013-05-08 00:00:00,0.892516582217
2013-05-24 00:00:00,0.884111745863
2013-05-25 00:00:00,0.884111745863
2013-05-26 00:00:00,0.884111745863
2013-05-27 00:00:00,0.884111745863
2013-05-28 00:00:00,0.884111745863
2013-05-29 00:00:00,0.884111745863
2013-05-30 00:00:00,0.884111745863
2013-05-31 00:00:00,0.884111745863
2013-06-01 00:00:00,0.884111745863
2013-06-02 00:00:00,0.884111745863
2013-06-03 00:00:00,0.884111745863
2013-06-04 00:00:00,0.884111745863
2013-06-05 00:00:00,0.884111745863
2013-06-06 00:00:00,0.884111745863
2013-06-07 00:00:00,0.884111745863
2013-06-23 00:00:00,0.849008975196
2013-06-24 00:00:00,0.849008975196
2013-06-25 00:00:00,0.849008975196
2013-06-26 00:00:00,0.849008975196
2013-06-27 00:00:00,0.849008975196
2013-06-28 00:00:00,0.849008975196
2013-06-29 00:00:00,0.849008975196
2013-06-30 00:00:00,0.849008975196
2013-07-01 00:00:00,0.849008975196
2013-07-02 00:00:00,0.849008975196
2013-07-03 00:00:00,0.849008975196
2013-07-04 00:00:00,0.849008975196
2013-07-05 00:00:00,0.849008975196
2013-07-06 00:00:00,0.849008975196
2013-07-07 00:00:00,0.849008975196
2013-07-08 00:00:00,0.849008975196
2013-07-09 00:00:00,0.849008975196
2013-07-10 00:00:00,0.849008975196
2013-07-11 00:00:00,0.849008975196
2013-07-12 00:00:00,0.849008975196
2013-07-13 00:00:00,0.849008975196
2013-07-14 00:00:00,0.849008975196
2013-07-15 00:00:00,0.849008975196
2013-07-16 00:00:00,0.849008975196
2013-07-17 00:00:00,0.849008975196
2013-07-18 00:00:00,0.849008975196
2013-07-19 00:00:00,0.849008975196
2013-07-20 00:00:00,0.849008975196
2013-07-21 00:00:00,0.849008975196
2013-07-22 00:00:00,0.849008975196
2013-07-23 00:00:00,0.849008975196
2013-07-24 00:00:00,0.849008975196
2013-07-25 00:00:00,0.849008975196
2013-07-26 00:00:00,0.849008975196
2013-07-27 00:00:00,0.849008975196
2013-07-28 00:00:00,0.849008975196
2013-07-29 00:00:00,0.849008975196
2013-07-30 00:00:00,0.849008975196
2013-07-31 00:00:00,0.849008975196
2013-08-01 00:00:00,0.849008975196
2013-08-02 00:00:00,0.849008975196
2013-08-03 00:00:00,0.849008975196
2013-08-04 00:00:00,0.849008975196
2013-08-05 00:00:00,0.849008975196
2013-08-06 00:00:00,0.849008975196
2013-09-06 00:00:00,0.940941792567
2013-09-07 00:00:00,0.940941792567
2013-09-08 00:00:00,0.940941792567
2013-09-09 00:00:00,0.940941792567
2013-09-10 00:00:00,0.940941792567
2013-09-11 00:00:00,0.940941792567
2013-09-12 00:00:00,0.940941792567
2013-09-13 00:00:00,0.940941792567
2013-09-14 00:00:00,0.940941792567
2013-09-15 00:00:00,0.940941792567
2013-09-16 00:00:00,0.940941792567
2013-09-17 00:00:00,0.940941792567
2013-09-18 00:00:00,0.940941792567
2013-09-19 00:00:00,0.940941792567
2013-09-20 00:00:00,0.940941792567
2013-09-21 00:00:00,0.940941792567
2013-09-22 00:00:00,0.940941792567
2013-09-23 00:00:00,0.940941792567
2013-09-24 00:00:00,0.940941792567
2013-09-25 00:00:00,0.940941792567
2013-09-26 00:00:00,0.940941792567
2013-09-27 00:00:00,0.940941792567
2013-09-28 00:00:00,0.940941792567
2013-09-29 00:00:00,0.940941792567
2013-09-30 00:00:00,0.940941792567
2013-10-01 00:00:00,0.940941792567
2013-10-02 00:00:00,0.940941792567
2013-10-03 00:00:00,0.940941792567
2013-10-04 00:00:00,0.940941792567
2013-10-05 00:00:00,0.940941792567
2013-10-06 00:00:00,0.940941792567
2013-10-07 00:00:00,0.940941792567
2013-10-08 00:00:00,0.940941792567
2013-10-09 00:00:00,0.940941792567
2013-10-10 00:00:00,0.940941792567
2013-10-11 00:00:00,0.940941792567
2013-10-12 00:00:00,0.940941792567
2013-10-13 00:00:00,0.940941792567
2013-10-14 00:00:00,0.940941792567
2013-10-15 00:00:00,0.940941792567
2013-10-16 00:00:00,0.940941792567
2013-10-17 00:00:00,0.940941792567
2013-10-18 00:00:00,0.940941792567
2013-10-19 00:00:00,0.940941792567
2013-10-20 00:00:00,0.940941792567
2013-10-21 00:00:00,0.940941792567
2013-10-22 00:00:00,0.940941792567
2013-10-23 00:00:00,0.940941792567
2013-10-24 00:00:00,0.940941792567
2013-10-25 00:00:00,0.940941792567
2013-10-26 00:00:00,0.940941792567
2013-10-27 00:00:00,0.940941792567
2013-10-28 00:00:00,0.940941792567
2013-10-29 00:00:00,0.940941792567
2013-10-30 00:00:00,0.940941792567
2013-10-31 00:00:00,0.940941792567
2013-11-01 00:00:00,0.940941792567
2013-11-02 00:00:00,0.940941792567
2013-11-03 00:00:00,0.940941792567
2013-11-04 00:00:00,0.940941792567
2013-12-20 00:00:00,-1.0
2013-12-21 00:00:00,-1.0
2013-12-22 00:00:00,-1.0
2013-12-23 00:00:00,-1.0
2013-12-24 00:00:00,-1.0
2013-12-25 00:00:00,-1.0
2013-12-26 00:00:00,-1.0
2013-12-27 00:00:00,-1.0
2013-12-28 00:00:00,-1.0
2013-12-29 00:00:00,-1.0
2013-12-30 00:00:00,-1.0
2013-12-31 00:00:00,-1.0
2014-01-01 00:00:00,-1.0
2014-01-02 00:00:00,-1.0
2014-01-03 00:00:00,-1.0
2014-01-04 00:00:00,-1.0
2014-01-05 00:00:00,-1.0
2014-01-06 00:00:00,-1.0
2014-01-07 00:00:00,-1.0
2014-01-08 00:00:00,-1.0
2014-01-09 00:00:00,-1.0
2014-01-10 00:00:00,-1.0
2014-01-11 00:00:00,-1.0
2014-01-12 00:00:00,-1.0
2014-01-13 00:00:00,-1.0
2014-01-14 00:00:00,-1.0
2014-01-15 00:00:00,-1.0
2014-01-16 00:00:00,-1.0
2014-01-17 00:00:00,-1.0
2014-01-18 00:00:00,-1.0
2014-01-19 00:00:00,-1.0
2014-01-20 00:00:00,-1.0
2014-01-21 00:00:00,-1.0
2014-01-22 00:00:00,-1.0
2014-01-23 00:00:00,-1.0
2014-01-24 00:00:00,-1.0
2014-01-25 00:00:00,-1.0
2014-01-26 00:00:00,-1.0
2014-01-27 00:00:00,-1.0
2014-01-28 00:00:00,-1.0
2014-01-29 00:00:00,-1.0
2014-01-30 00:00:00,-1.0
2014-01-31 00:00:00,-1.0
2014-02-01 00:00:00,-1.0
2014-02-02 00:00:00,-1.0
2014-02-03 00:00:00,-1.0
2014-02-04 00:00:00,-1.0
2014-02-05 00:00:00,-1.0
2014-02-06 00:00:00,-1.0
2014-02-07 00:00:00,-1.0
2014-02-08 00:00:00,-1.0
2014-02-09 00:00:00,-1.0
2014-02-10 00:00:00,-1.0
2014-02-11 00:00:00,-1.0
2014-02-12 00:00:00,-1.0
2014-02-13 00:00:00,-1.0
2014-02-14 00:00:00,-1.0
2014-02-15 00:00:00,-1.0
2014-02-16 00:00:00,-1.0
2014-02-17 00:00:00,-1.0
News Data
Start Date, End Date,News Source,Link,Days,Reason,Comment,Days Reported
2013-01-17,2013-01-22,Business Standard,http://www.business-standard.com/article/markets/onion-prices-up-sharply-on-transport-cost-113012200072_1.html,5,traders nexus,,14
2013-01-18,2013-01-22,Business Standard,http://www.business-standard.com/article/markets/onion-prices-up-sharply-on-transport-cost-113012200072_1.html,4,traders nexus,,14
2013-01-19,2013-01-22,Business Standard,http://www.business-standard.com/article/markets/onion-prices-up-sharply-on-transport-cost-113012200072_1.html,3,traders nexus,,14
2013-01-20,2013-01-22,Business Standard,http://www.business-standard.com/article/markets/onion-prices-up-sharply-on-transport-cost-113012200072_1.html,2,traders nexus,,14
2013-01-21,2013-01-22,Business Standard,http://www.business-standard.com/article/markets/onion-prices-up-sharply-on-transport-cost-113012200072_1.html,1,traders nexus,,14
2013-01-22,2013-01-22,Business Standard,http://www.business-standard.com/article/markets/onion-prices-up-sharply-on-transport-cost-113012200072_1.html,0,traders nexus,,14
2013-01-23,2013-01-22,Business Standard,http://www.business-standard.com/article/markets/onion-prices-up-sharply-on-transport-cost-113012200072_1.html,-1,traders nexus,,14
2013-06-28,2013-07-03,Business Standard,http://www.business-standard.com/article/markets/heavy-crop-damage-in-hilly-states-lifts-onion-potato-prices-113070300796_1.html,5,traders nexus,North India affected basically because of flood,15
2013-06-29,2013-07-03,Business Standard,http://www.business-standard.com/article/markets/heavy-crop-damage-in-hilly-states-lifts-onion-potato-prices-113070300796_1.html,4,traders nexus,North India affected basically because of flood,15
2013-06-30,2013-07-03,Business Standard,http://www.business-standard.com/article/markets/heavy-crop-damage-in-hilly-states-lifts-onion-potato-prices-113070300796_1.html,3,traders nexus,North India affected basically because of flood,15
2013-07-01,2013-07-03,Business Standard,http://www.business-standard.com/article/markets/heavy-crop-damage-in-hilly-states-lifts-onion-potato-prices-113070300796_1.html,2,traders nexus,North India affected basically because of flood,15
2013-07-02,2013-07-03,Business Standard,http://www.business-standard.com/article/markets/heavy-crop-damage-in-hilly-states-lifts-onion-potato-prices-113070300796_1.html,1,traders nexus,North India affected basically because of flood,15
2013-07-03,2013-07-03,Business Standard,http://www.business-standard.com/article/markets/heavy-crop-damage-in-hilly-states-lifts-onion-potato-prices-113070300796_1.html,0,traders nexus,North India affected basically because of flood,15
2013-07-04,2013-07-03,Business Standard,http://www.business-standard.com/article/markets/heavy-crop-damage-in-hilly-states-lifts-onion-potato-prices-113070300796_1.html,-1,traders nexus,North India affected basically because of flood,15
2013-07-05,2013-07-03,Business Standard,http://www.business-standard.com/article/markets/heavy-crop-damage-in-hilly-states-lifts-onion-potato-prices-113070300796_1.html,-2,traders nexus,North India affected basically because of flood,15
2013-07-06,2013-07-03,Business Standard,http://www.business-standard.com/article/markets/heavy-crop-damage-in-hilly-states-lifts-onion-potato-prices-113070300796_1.html,-3,traders nexus,North India affected basically because of flood,15
2013-07-07,2013-07-03,Business Standard,http://www.business-standard.com/article/markets/heavy-crop-damage-in-hilly-states-lifts-onion-potato-prices-113070300796_1.html,-4,traders nexus,North India affected basically because of flood,15
2013-07-08,2013-07-03,Business Standard,http://www.business-standard.com/article/markets/heavy-crop-damage-in-hilly-states-lifts-onion-potato-prices-113070300796_1.html,-5,traders nexus,North India affected basically because of flood,15
2013-07-12,2013-07-17,The Times of India,http://timesofindia.indiatimes.com/business/india-business/Onion-prices-at-two-and-a-half-year-high/articleshow/21125776.cms,5,unseasonal rainfall,no,None
2013-07-13,2013-07-17,The Times of India,http://timesofindia.indiatimes.com/business/india-business/Onion-prices-at-two-and-a-half-year-high/articleshow/21125776.cms,4,unseasonal rainfall,no,None
2013-07-14,2013-07-17,The Times of India,http://timesofindia.indiatimes.com/business/india-business/Onion-prices-at-two-and-a-half-year-high/articleshow/21125776.cms,3,unseasonal rainfall,no,None
2013-07-15,2013-07-17,The Times of India,http://timesofindia.indiatimes.com/business/india-business/Onion-prices-at-two-and-a-half-year-high/articleshow/21125776.cms,2,unseasonal rainfall,no,None
2013-07-16,2013-07-17,The Times of India,http://timesofindia.indiatimes.com/business/india-business/Onion-prices-at-two-and-a-half-year-high/articleshow/21125776.cms,1,unseasonal rainfall,no,None
2013-07-17,2013-07-17,The Times of India,http://timesofindia.indiatimes.com/business/india-business/Onion-prices-at-two-and-a-half-year-high/articleshow/21125776.cms,0,unseasonal rainfall,no,None
2013-07-18,2013-07-17,The Times of India,http://timesofindia.indiatimes.com/business/india-business/Onion-prices-at-two-and-a-half-year-high/articleshow/21125776.cms,-1,unseasonal rainfall,no,None
2013-07-19,2013-07-17,The Times of India,http://timesofindia.indiatimes.com/business/india-business/Onion-prices-at-two-and-a-half-year-high/articleshow/21125776.cms,-2,unseasonal rainfall,no,None
2013-07-20,2013-07-17,The Times of India,http://timesofindia.indiatimes.com/business/india-business/Onion-prices-at-two-and-a-half-year-high/articleshow/21125776.cms,-3,unseasonal rainfall,no,None
2013-07-21,2013-07-17,The Times of India,http://timesofindia.indiatimes.com/business/india-business/Onion-prices-at-two-and-a-half-year-high/articleshow/21125776.cms,-4,unseasonal rainfall,no,None
2013-07-22,2013-07-17,The Times of India,http://timesofindia.indiatimes.com/business/india-business/Onion-prices-at-two-and-a-half-year-high/articleshow/21125776.cms,-5,unseasonal rainfall,no,None
2013-07-23,2013-07-23,The Times of India,http://timesofindia.indiatimes.com/business/india-business/Onion-prices-more-than-double-to-Rs-36-40/kg-in-metros/articleshow/21272374.cms,0,low production,,0
2013-07-24,2013-07-23,The Times of India,http://timesofindia.indiatimes.com/business/india-business/Onion-prices-more-than-double-to-Rs-36-40/kg-in-metros/articleshow/21272374.cms,-1,low production,,0
2013-07-25,2013-07-23,The Times of India,http://timesofindia.indiatimes.com/business/india-business/Onion-prices-more-than-double-to-Rs-36-40/kg-in-metros/articleshow/21272374.cms,-2,low production,,0
2013-07-26,2013-07-23,The Times of India,http://timesofindia.indiatimes.com/business/india-business/Onion-prices-more-than-double-to-Rs-36-40/kg-in-metros/articleshow/21272374.cms,-3,low production,,0
2013-07-27,2013-07-23,The Times of India,http://timesofindia.indiatimes.com/business/india-business/Onion-prices-more-than-double-to-Rs-36-40/kg-in-metros/articleshow/21272374.cms,-4,low production,,0
2013-07-28,2013-07-23,The Times of India,http://timesofindia.indiatimes.com/business/india-business/Onion-prices-more-than-double-to-Rs-36-40/kg-in-metros/articleshow/21272374.cms,-5,low production,,0
2013-08-01,2013-08-06,The Hindu,http://www.thehindu.com/news/cities/Delhi/onion-prices-bring-tears-yet-again/article4995124.ece,5,low production,Even Hoaders are responsible to some extent,0
2013-08-02,2013-08-06,The Hindu,http://www.thehindu.com/news/cities/Delhi/onion-prices-bring-tears-yet-again/article4995124.ece,4,low production,Even Hoaders are responsible to some extent,0
2013-08-03,2013-08-06,The Hindu,http://www.thehindu.com/news/cities/Delhi/onion-prices-bring-tears-yet-again/article4995124.ece,3,low production,Even Hoaders are responsible to some extent,0
2013-08-04,2013-08-06,The Hindu,http://www.thehindu.com/news/cities/Delhi/onion-prices-bring-tears-yet-again/article4995124.ece,2,low production,Even Hoaders are responsible to some extent,0
2013-08-05,2013-08-06,The Hindu,http://www.thehindu.com/news/cities/Delhi/onion-prices-bring-tears-yet-again/article4995124.ece,1,low production,Even Hoaders are responsible to some extent,0
2013-08-06,2013-08-06,The Hindu,http://www.thehindu.com/news/cities/Delhi/onion-prices-bring-tears-yet-again/article4995124.ece,0,low production,Even Hoaders are responsible to some extent,0
2013-09-06,2013-09-03,NDTV,http://www.ndtv.com/india-news/onion-prices-may-ease-when-south-india-crop-hits-market-government-533474,-3,low supply,,0
2013-09-07,2013-09-03,NDTV,http://www.ndtv.com/india-news/onion-prices-may-ease-when-south-india-crop-hits-market-government-533474,-4,low supply,,0
2013-09-08,2013-09-03,NDTV,http://www.ndtv.com/india-news/onion-prices-may-ease-when-south-india-crop-hits-market-government-533474,-5,low supply,,0
2013-09-13,2013-09-18,The Times of India,http://timesofindia.indiatimes.com/india/Onion-price-rise-may-be-due-to-hoarding-Centre/articleshow/22672225.cms,5,traders nexus,no,None
2013-09-14,2013-09-18,The Times of India,http://timesofindia.indiatimes.com/india/Onion-price-rise-may-be-due-to-hoarding-Centre/articleshow/22672225.cms,4,traders nexus,no,None
2013-09-15,2013-09-18,The Times of India,http://timesofindia.indiatimes.com/india/Onion-price-rise-may-be-due-to-hoarding-Centre/articleshow/22672225.cms,3,traders nexus,no,None
2013-09-16,2013-09-18,The Times of India,http://timesofindia.indiatimes.com/india/Onion-price-rise-may-be-due-to-hoarding-Centre/articleshow/22672225.cms,2,traders nexus,no,None
2013-09-17,2013-09-18,The Times of India,http://timesofindia.indiatimes.com/india/Onion-price-rise-may-be-due-to-hoarding-Centre/articleshow/22672225.cms,1,traders nexus,no,None
2013-09-18,2013-09-18,The Times of India,http://timesofindia.indiatimes.com/india/Onion-price-rise-may-be-due-to-hoarding-Centre/articleshow/22672225.cms,0,traders nexus,no,None
2013-09-19,2013-09-18,The Times of India,http://timesofindia.indiatimes.com/india/Onion-price-rise-may-be-due-to-hoarding-Centre/articleshow/22672225.cms,-1,traders nexus,no,None
2013-09-20,2013-09-18,The Times of India,http://timesofindia.indiatimes.com/india/Onion-price-rise-may-be-due-to-hoarding-Centre/articleshow/22672225.cms,-2,traders nexus,no,None
2013-09-21,2013-09-18,The Times of India,http://timesofindia.indiatimes.com/india/Onion-price-rise-may-be-due-to-hoarding-Centre/articleshow/22672225.cms,-3,traders nexus,no,None
2013-09-22,2013-09-18,The Times of India,http://timesofindia.indiatimes.com/india/Onion-price-rise-may-be-due-to-hoarding-Centre/articleshow/22672225.cms,-4,traders nexus,no,None
2013-09-23,2013-09-18,The Times of India,http://timesofindia.indiatimes.com/india/Onion-price-rise-may-be-due-to-hoarding-Centre/articleshow/22672225.cms,-5,traders nexus,no,None
2013-10-05,2013-10-10,The Economic Times,http://articles.economictimes.indiatimes.com/2013-10-10/news/42903314_1_export-price-price-rise-onion-prices,5,traders nexus,,0
2013-10-06,2013-10-10,The Economic Times,http://articles.economictimes.indiatimes.com/2013-10-10/news/42903314_1_export-price-price-rise-onion-prices,4,traders nexus,,0
2013-10-07,2013-10-10,The Economic Times,http://articles.economictimes.indiatimes.com/2013-10-10/news/42903314_1_export-price-price-rise-onion-prices,3,traders nexus,,0
2013-10-08,2013-10-10,The Economic Times,http://articles.economictimes.indiatimes.com/2013-10-10/news/42903314_1_export-price-price-rise-onion-prices,2,traders nexus,,0
2013-10-09,2013-10-10,The Economic Times,http://articles.economictimes.indiatimes.com/2013-10-10/news/42903314_1_export-price-price-rise-onion-prices,1,traders nexus,,0
2013-10-10,2013-10-10,The Economic Times,http://articles.economictimes.indiatimes.com/2013-10-10/news/42903314_1_export-price-price-rise-onion-prices,0,traders nexus,,0
2013-10-11,2013-10-10,The Economic Times,http://articles.economictimes.indiatimes.com/2013-10-10/news/42903314_1_export-price-price-rise-onion-prices,-1,traders nexus,,0
2013-10-12,2013-10-10,The Economic Times,http://articles.economictimes.indiatimes.com/2013-10-10/news/42903314_1_export-price-price-rise-onion-prices,-2,traders nexus,,0
2013-10-13,2013-10-10,The Economic Times,http://articles.economictimes.indiatimes.com/2013-10-10/news/42903314_1_export-price-price-rise-onion-prices,-3,traders nexus,,0
2013-10-14,2013-10-10,The Economic Times,http://articles.economictimes.indiatimes.com/2013-10-10/news/42903314_1_export-price-price-rise-onion-prices,-4,traders nexus,,0
2013-10-15,2013-10-10,The Economic Times,http://articles.economictimes.indiatimes.com/2013-10-10/news/42903314_1_export-price-price-rise-onion-prices,-5,traders nexus,,0
2013-10-17,2013-10-22,NDTV,http://profit.ndtv.com/news/cheat-sheet/article-why-onion-prices-are-inching-towards-rs-100-per-kg-370138,5,low supply,,0
2013-10-18,2013-10-22,NDTV,http://profit.ndtv.com/news/cheat-sheet/article-why-onion-prices-are-inching-towards-rs-100-per-kg-370138,4,low supply,,0
2013-10-19,2013-10-22,NDTV,http://profit.ndtv.com/news/cheat-sheet/article-why-onion-prices-are-inching-towards-rs-100-per-kg-370138,3,low supply,,0
2013-10-20,2013-10-22,NDTV,http://profit.ndtv.com/news/cheat-sheet/article-why-onion-prices-are-inching-towards-rs-100-per-kg-370138,2,low supply,,0
2013-10-21,2013-10-22,NDTV,http://profit.ndtv.com/news/cheat-sheet/article-why-onion-prices-are-inching-towards-rs-100-per-kg-370138,1,low supply,,0
2013-10-22,2013-10-22,NDTV,http://profit.ndtv.com/news/cheat-sheet/article-why-onion-prices-are-inching-towards-rs-100-per-kg-370138,0,low supply,,0
2013-10-23,2013-10-22,NDTV,http://profit.ndtv.com/news/cheat-sheet/article-why-onion-prices-are-inching-towards-rs-100-per-kg-370138,-1,low supply,,0
2013-10-24,2013-10-22,NDTV,http://profit.ndtv.com/news/cheat-sheet/article-why-onion-prices-are-inching-towards-rs-100-per-kg-370138,-2,low supply,,0
2013-10-25,2013-10-22,NDTV,http://profit.ndtv.com/news/cheat-sheet/article-why-onion-prices-are-inching-towards-rs-100-per-kg-370138,-3,low supply,,0
2013-10-26,2013-10-22,NDTV,http://profit.ndtv.com/news/cheat-sheet/article-why-onion-prices-are-inching-towards-rs-100-per-kg-370138,-4,low supply,,0
2013-10-27,2013-10-22,NDTV,http://profit.ndtv.com/news/cheat-sheet/article-why-onion-prices-are-inching-towards-rs-100-per-kg-370138,-5,low supply,,0
2013-10-28,2013-10-23,The Economic Times,http://articles.economictimes.indiatimes.com/2013-10-23/news/43326601_1_nafed-tender-onion-crop,-5,traders nexus,no,None
2013-10-29,2013-10-24,The Hindu,http://www.thehindu.com/business/Industry/india-floats-tender-for-import-of-onions/article5264970.ece,-5,traders nexus,,10
2013-10-30,2013-10-25,Money Control,http://www.moneycontrol.com/news/economy/onion-prices-remain-high-at-rs-100kg-crisis-to-continue_976318.html,-5,traders nexus,,7
2013-10-31,2013-10-26,NDTV,http://www.ndtv.com/india-news/chief-ministers-onion-mission-begins-in-assam-538929,-5,Not mentioned,,0
2013-11-01,2013-10-28,DNA,http://www.dnaindia.com/mumbai/report-dna-exclusive-traders-not-farmers-making-the-most-of-soaring-onion-price-1909850,-4,traders nexus,,0
2013-11-02,2013-10-28,DNA,http://www.dnaindia.com/mumbai/report-dna-exclusive-traders-not-farmers-making-the-most-of-soaring-onion-price-1909850,-5,traders nexus,,0
2013-11-03,2013-11-04,The Hindu,http://www.thehindu.com/business/markets/govt-hikes-onion-mep-to-1150-per-tonne-to-check-prices/article5313950.ece,1,low supply,,30
2013-11-04,2013-11-04,The Hindu,http://www.thehindu.com/business/markets/govt-hikes-onion-mep-to-1150-per-tonne-to-check-prices/article5313950.ece,0,low supply,,30
Linear Regression Result:::
Date,Value
2006-06-07 00:00:00,12.9565252129
2006-06-08 00:00:00,12.9565252129
2006-06-09 00:00:00,12.9565252129
2006-06-10 00:00:00,12.9565252129
2006-06-11 00:00:00,12.9565252129
2006-06-12 00:00:00,12.9565252129
2006-06-13 00:00:00,12.9565252129
2006-06-14 00:00:00,12.9565252129
2006-06-15 00:00:00,12.9565252129
2006-06-16 00:00:00,12.9565252129
2006-06-17 00:00:00,12.9565252129
2006-06-18 00:00:00,12.9565252129
2006-06-19 00:00:00,12.9565252129
2006-06-20 00:00:00,12.9565252129
2006-06-21 00:00:00,12.9565252129
2006-06-22 00:00:00,12.9565252129
2007-03-07 00:00:00,10.6448883805
2007-03-08 00:00:00,10.6448883805
2007-03-09 00:00:00,10.6448883805
2007-03-10 00:00:00,10.6448883805
2007-03-11 00:00:00,10.6448883805
2007-03-12 00:00:00,10.6448883805
2007-03-13 00:00:00,10.6448883805
2007-03-14 00:00:00,10.6448883805
2007-03-15 00:00:00,10.6448883805
2007-03-16 00:00:00,10.6448883805
2007-03-17 00:00:00,10.6448883805
2007-03-18 00:00:00,10.6448883805
2007-03-19 00:00:00,10.6448883805
2007-03-20 00:00:00,10.6448883805
2007-03-21 00:00:00,10.6448883805
2007-03-22 00:00:00,10.6448883805
2007-03-23 00:00:00,10.6448883805
2007-03-24 00:00:00,10.6448883805
2007-03-25 00:00:00,10.6448883805
2007-03-26 00:00:00,10.6448883805
2007-03-27 00:00:00,10.6448883805
2007-03-28 00:00:00,10.6448883805
2007-03-29 00:00:00,10.6448883805
2007-03-30 00:00:00,10.6448883805
2007-03-31 00:00:00,10.6448883805
2007-04-01 00:00:00,10.6448883805
2007-04-02 00:00:00,10.6448883805
2007-04-03 00:00:00,10.6448883805
2007-04-04 00:00:00,10.6448883805
2007-04-05 00:00:00,10.6448883805
2007-04-06 00:00:00,10.6448883805
2007-04-07 00:00:00,10.6448883805
2007-04-08 00:00:00,10.6448883805
2007-04-09 00:00:00,10.6448883805
2007-04-10 00:00:00,10.6448883805
2007-04-11 00:00:00,10.6448883805
2007-04-12 00:00:00,10.6448883805
2007-04-13 00:00:00,10.6448883805
2007-04-14 00:00:00,10.6448883805
2007-04-15 00:00:00,10.6448883805
2007-04-16 00:00:00,10.6448883805
2007-04-17 00:00:00,10.6448883805
2008-10-16 00:00:00,12.8920245647
2008-10-17 00:00:00,12.8920245647
2008-10-18 00:00:00,12.8920245647
2008-10-19 00:00:00,12.8920245647
2008-10-20 00:00:00,12.8920245647
2008-10-21 00:00:00,12.8920245647
2008-10-22 00:00:00,12.8920245647
2008-10-23 00:00:00,12.8920245647
2008-10-24 00:00:00,12.8920245647
2008-10-25 00:00:00,12.8920245647
2008-10-26 00:00:00,12.8920245647
2008-10-27 00:00:00,12.8920245647
2008-10-28 00:00:00,12.8920245647
2008-10-29 00:00:00,12.8920245647
2008-10-30 00:00:00,12.8920245647
2008-10-31 00:00:00,12.8920245647
2008-11-01 00:00:00,12.8920245647
2008-11-02 00:00:00,12.8920245647
2008-11-03 00:00:00,12.8920245647
2008-11-04 00:00:00,12.8920245647
2008-11-05 00:00:00,12.8920245647
2008-11-06 00:00:00,12.8920245647
2008-11-07 00:00:00,12.8920245647
2008-11-08 00:00:00,12.8920245647
2008-11-09 00:00:00,12.8920245647
2008-11-10 00:00:00,12.8920245647
2008-11-11 00:00:00,12.8920245647
2008-11-12 00:00:00,12.8920245647
2008-11-13 00:00:00,12.8920245647
2008-11-14 00:00:00,12.8920245647
2008-11-15 00:00:00,12.8920245647
2008-11-16 00:00:00,12.8920245647
2008-11-17 00:00:00,12.8920245647
2008-11-18 00:00:00,12.8920245647
2008-11-19 00:00:00,12.8920245647
2008-11-20 00:00:00,12.8920245647
2008-11-21 00:00:00,12.8920245647
2008-11-22 00:00:00,12.8920245647
2008-11-23 00:00:00,12.8920245647
2008-11-24 00:00:00,12.8920245647
2008-11-25 00:00:00,12.8920245647
2008-11-26 00:00:00,12.8920245647
2008-11-27 00:00:00,12.8920245647
2008-11-28 00:00:00,12.8920245647
2008-11-29 00:00:00,12.8920245647
2008-11-30 00:00:00,12.8920245647
2008-12-01 00:00:00,12.8920245647
2008-12-02 00:00:00,12.8920245647
2008-12-03 00:00:00,12.8920245647
2008-12-04 00:00:00,12.8920245647
2008-12-05 00:00:00,12.8920245647
2008-12-06 00:00:00,12.8920245647
2008-12-07 00:00:00,12.8920245647
2008-12-08 00:00:00,12.8920245647
2008-12-09 00:00:00,12.8920245647
2008-12-10 00:00:00,12.8920245647
2008-12-11 00:00:00,12.8920245647
2008-12-12 00:00:00,12.8920245647
2008-12-13 00:00:00,12.8920245647
2008-12-14 00:00:00,12.8920245647
2008-12-15 00:00:00,12.8920245647
2008-12-16 00:00:00,12.8920245647
2008-12-17 00:00:00,12.8920245647
2008-12-18 00:00:00,12.8920245647
2008-12-19 00:00:00,12.8920245647
2008-12-20 00:00:00,12.8920245647
2008-12-21 00:00:00,12.8920245647
2008-12-22 00:00:00,12.8920245647
2008-12-23 00:00:00,12.8920245647
2008-12-24 00:00:00,12.8920245647
2008-12-25 00:00:00,12.8920245647
2008-12-26 00:00:00,12.8920245647
2008-12-27 00:00:00,12.8920245647
2008-12-28 00:00:00,12.8920245647
2008-12-29 00:00:00,12.8920245647
2008-12-30 00:00:00,12.8920245647
2008-12-31 00:00:00,12.8920245647
2009-01-01 00:00:00,12.8920245647
2009-01-02 00:00:00,12.8920245647
2009-01-03 00:00:00,12.8920245647
2009-01-04 00:00:00,12.8920245647
2009-01-05 00:00:00,12.8920245647
2009-01-06 00:00:00,12.8920245647
2009-01-07 00:00:00,12.8920245647
2009-01-08 00:00:00,12.8920245647
2009-09-25 00:00:00,7.22261085628
2009-09-26 00:00:00,7.22261085628
2009-09-27 00:00:00,7.22261085628
2009-09-28 00:00:00,7.22261085628
2009-10-05 00:00:00,16.4925322642
2009-10-06 00:00:00,16.4925322642
2009-10-07 00:00:00,16.4925322642
2009-10-08 00:00:00,16.4925322642
2009-10-09 00:00:00,16.4925322642
2009-10-10 00:00:00,16.4925322642
2009-10-11 00:00:00,16.4925322642
2009-10-12 00:00:00,16.4925322642
2009-10-13 00:00:00,16.4925322642
2009-10-14 00:00:00,16.4925322642
2009-10-15 00:00:00,16.4925322642
2009-10-16 00:00:00,16.4925322642
2009-10-17 00:00:00,16.4925322642
2009-10-18 00:00:00,16.4925322642
2009-10-19 00:00:00,16.4925322642
2009-10-20 00:00:00,16.4925322642
2009-10-21 00:00:00,16.4925322642
2009-10-22 00:00:00,16.4925322642
2009-10-23 00:00:00,16.4925322642
2009-10-24 00:00:00,16.4925322642
2009-10-25 00:00:00,16.4925322642
2009-10-26 00:00:00,16.4925322642
2009-10-27 00:00:00,16.4925322642
2009-10-28 00:00:00,16.4925322642
2009-10-29 00:00:00,16.4925322642
2009-10-30 00:00:00,16.4925322642
2009-10-31 00:00:00,16.4925322642
2009-11-01 00:00:00,16.4925322642
2009-11-02 00:00:00,16.4925322642
2009-11-03 00:00:00,16.4925322642
2009-11-04 00:00:00,16.4925322642
2009-11-05 00:00:00,16.4925322642
2009-11-06 00:00:00,16.4925322642
2009-11-07 00:00:00,16.4925322642
2009-11-08 00:00:00,16.4925322642
2009-11-09 00:00:00,16.4925322642
2009-11-10 00:00:00,16.4925322642
2010-02-11 00:00:00,16.7692806844
2010-02-12 00:00:00,16.7692806844
2010-02-13 00:00:00,16.7692806844
2010-02-14 00:00:00,16.7692806844
2010-02-15 00:00:00,16.7692806844
2010-02-16 00:00:00,16.7692806844
2010-02-17 00:00:00,16.7692806844
2010-02-18 00:00:00,16.7692806844
2010-02-19 00:00:00,16.7692806844
2010-02-20 00:00:00,16.7692806844
2010-02-21 00:00:00,16.7692806844
2010-02-22 00:00:00,16.7692806844
2010-02-23 00:00:00,16.7692806844
2010-02-24 00:00:00,16.7692806844
2010-02-25 00:00:00,16.7692806844
2010-02-26 00:00:00,16.7692806844
2010-02-27 00:00:00,16.7692806844
2010-02-28 00:00:00,16.7692806844
2010-03-01 00:00:00,16.7692806844
2010-03-02 00:00:00,16.7692806844
2010-03-03 00:00:00,16.7692806844
2010-03-04 00:00:00,16.7692806844
2010-03-05 00:00:00,16.7692806844
2010-03-06 00:00:00,16.7692806844
2010-03-07 00:00:00,16.7692806844
2010-03-08 00:00:00,16.7692806844
2010-03-09 00:00:00,16.7692806844
2010-03-10 00:00:00,16.7692806844
2010-03-11 00:00:00,16.7692806844
2010-03-12 00:00:00,16.7692806844
2010-03-13 00:00:00,16.7692806844
2010-03-14 00:00:00,16.7692806844
2010-03-15 00:00:00,16.7692806844
2010-03-16 00:00:00,16.7692806844
2010-03-17 00:00:00,16.7692806844
2010-03-18 00:00:00,16.7692806844
2010-03-19 00:00:00,16.7692806844
2010-03-20 00:00:00,16.7692806844
2010-03-21 00:00:00,16.7692806844
2010-03-22 00:00:00,16.7692806844
2010-03-23 00:00:00,16.7692806844
2010-03-24 00:00:00,16.7692806844
2010-03-25 00:00:00,16.7692806844
2010-03-26 00:00:00,16.7692806844
2010-03-27 00:00:00,16.7692806844
2010-03-28 00:00:00,16.7692806844
2010-03-29 00:00:00,16.7692806844
2010-03-30 00:00:00,16.7692806844
2010-03-31 00:00:00,16.7692806844
2010-04-01 00:00:00,16.7692806844
2010-04-02 00:00:00,16.7692806844
2010-04-03 00:00:00,16.7692806844
2010-04-04 00:00:00,16.7692806844
2010-04-05 00:00:00,16.7692806844
2010-05-07 00:00:00,10.5180101488
2010-05-08 00:00:00,10.5180101488
2010-05-09 00:00:00,10.5180101488
2010-05-10 00:00:00,10.5180101488
2010-09-01 00:00:00,9.47880294516
2010-09-02 00:00:00,9.47880294516
2010-09-03 00:00:00,9.47880294516
2010-09-04 00:00:00,9.47880294516
2010-09-05 00:00:00,9.47880294516
2010-09-06 00:00:00,9.47880294516
2010-09-07 00:00:00,9.47880294516
2010-09-08 00:00:00,9.47880294516
2010-09-09 00:00:00,9.47880294516
2010-09-10 00:00:00,9.47880294516
2010-09-11 00:00:00,9.47880294516
2010-09-12 00:00:00,9.47880294516
2010-09-13 00:00:00,9.47880294516
2011-10-28 00:00:00,12.8424367508
2011-10-29 00:00:00,12.8424367508
2011-10-30 00:00:00,12.8424367508
2011-10-31 00:00:00,12.8424367508
2011-11-01 00:00:00,12.8424367508
2011-11-15 00:00:00,7.35083266991
2012-03-23 00:00:00,9.92951394456
2012-03-24 00:00:00,9.92951394456
2012-03-25 00:00:00,9.92951394456
2012-03-26 00:00:00,9.92951394456
2012-03-27 00:00:00,9.92951394456
2012-03-28 00:00:00,9.92951394456
2012-03-29 00:00:00,9.92951394456
2012-03-30 00:00:00,9.92951394456
2012-03-31 00:00:00,9.92951394456
2012-04-01 00:00:00,9.92951394456
2012-04-02 00:00:00,9.92951394456
2012-04-04 00:00:00,7.31788112526
2012-04-05 00:00:00,7.31788112526
2012-04-06 00:00:00,7.31788112526
2012-04-07 00:00:00,7.31788112526
2012-04-08 00:00:00,7.31788112526
2012-06-26 00:00:00,7.24366820624
2012-06-28 00:00:00,11.2064501709
2012-06-29 00:00:00,11.2064501709
2012-06-30 00:00:00,11.2064501709
2012-07-01 00:00:00,11.2064501709
2012-11-15 00:00:00,11.0138788311
2012-11-16 00:00:00,11.0138788311
2012-11-17 00:00:00,11.0138788311
2012-11-18 00:00:00,11.0138788311
2012-11-19 00:00:00,11.0138788311
2013-01-09 00:00:00,7.39209228385
2013-02-19 00:00:00,7.57189191266
2013-02-20 00:00:00,7.57189191266
2013-05-01 00:00:00,7.3200347466
2013-09-09 00:00:00,32.9184511639
2013-09-10 00:00:00,32.9184511639
2013-09-11 00:00:00,32.9184511639
2013-09-12 00:00:00,32.9184511639
2013-09-13 00:00:00,32.9184511639
2013-09-14 00:00:00,32.9184511639
2013-09-15 00:00:00,32.9184511639
2013-09-16 00:00:00,32.9184511639
2013-09-17 00:00:00,32.9184511639
2013-09-18 00:00:00,32.9184511639
2013-09-19 00:00:00,32.9184511639
2013-09-20 00:00:00,32.9184511639
2013-09-21 00:00:00,32.9184511639
2013-09-22 00:00:00,32.9184511639
2013-09-23 00:00:00,32.9184511639
2013-09-24 00:00:00,32.9184511639
2013-09-25 00:00:00,32.9184511639
2013-09-26 00:00:00,32.9184511639
2013-09-27 00:00:00,32.9184511639
2013-09-28 00:00:00,32.9184511639
2013-09-29 00:00:00,32.9184511639
2013-09-30 00:00:00,32.9184511639
2013-10-01 00:00:00,32.9184511639
2013-10-02 00:00:00,32.9184511639
2013-11-05 00:00:00,12.5189930616
2013-11-06 00:00:00,12.5189930616
2013-11-07 00:00:00,12.5189930616
2014-02-27 00:00:00,16.2458357089
2014-02-28 00:00:00,16.2458357089
2014-03-01 00:00:00,16.2458357089
2014-03-02 00:00:00,16.2458357089
2014-03-03 00:00:00,16.2458357089
2014-03-04 00:00:00,16.2458357089
2014-03-05 00:00:00,16.2458357089
2014-03-06 00:00:00,16.2458357089
2014-03-10 00:00:00,18.130704487
2014-03-11 00:00:00,18.130704487
2014-03-12 00:00:00,18.130704487
2014-03-13 00:00:00,18.130704487
2014-03-14 00:00:00,18.130704487
2014-03-15 00:00:00,18.130704487
2014-03-16 00:00:00,18.130704487
2014-03-17 00:00:00,18.130704487
2014-03-18 00:00:00,18.130704487
2014-03-19 00:00:00,18.130704487
2014-03-20 00:00:00,18.130704487
2014-03-21 00:00:00,18.130704487
2014-03-22 00:00:00,18.130704487
2014-03-23 00:00:00,18.130704487
2014-03-31 00:00:00,8.30469786212
2014-04-16 00:00:00,8.8674187886
2014-04-23 00:00:00,16.1881034966
2014-04-24 00:00:00,16.1881034966
2014-04-25 00:00:00,16.1881034966
2014-04-26 00:00:00,16.1881034966
2014-04-27 00:00:00,16.1881034966
2014-04-28 00:00:00,16.1881034966
2014-05-01 00:00:00,9.23914650742
2014-08-12 00:00:00,7.90354709836
2014-08-13 00:00:00,7.90354709836
2014-08-14 00:00:00,7.90354709836
2014-08-15 00:00:00,7.90354709836
2014-08-16 00:00:00,7.90354709836
2014-08-17 00:00:00,7.90354709836
2014-08-18 00:00:00,7.90354709836
2014-08-29 00:00:00,9.44944928367
2014-08-30 00:00:00,9.44944928367
2014-08-31 00:00:00,9.44944928367
2014-09-01 00:00:00,9.44944928367
2014-09-08 00:00:00,9.70115816717
2014-09-09 00:00:00,9.70115816717
2014-09-10 00:00:00,9.70115816717
2014-10-24 00:00:00,12.8648471143
2014-10-25 00:00:00,12.8648471143
2014-10-26 00:00:00,12.8648471143
2014-10-27 00:00:00,12.8648471143
2014-10-28 00:00:00,12.8648471143
2015-02-17 00:00:00,18.5920792551
2015-02-18 00:00:00,18.5920792551
2015-02-19 00:00:00,18.5920792551
2015-02-20 00:00:00,18.5920792551
2015-02-21 00:00:00,18.5920792551
2015-02-22 00:00:00,18.5920792551
2015-02-23 00:00:00,18.5920792551
2015-02-24 00:00:00,18.5920792551
2015-02-25 00:00:00,18.5920792551
2015-02-26 00:00:00,18.5920792551
2015-02-27 00:00:00,18.5920792551
2015-02-28 00:00:00,18.5920792551
2015-03-01 00:00:00,18.5920792551
2015-03-02 00:00:00,18.5920792551
2015-03-03 00:00:00,18.5920792551
2015-03-04 00:00:00,18.5920792551
2015-03-05 00:00:00,18.5920792551
2015-03-06 00:00:00,18.5920792551
2015-03-07 00:00:00,18.5920792551
2015-03-08 00:00:00,18.5920792551
2015-03-09 00:00:00,18.5920792551
2015-03-10 00:00:00,18.5920792551
2015-03-11 00:00:00,18.5920792551
2015-04-09 00:00:00,9.69693624942
2015-04-10 00:00:00,9.69693624942
2015-04-11 00:00:00,9.69693624942
2015-04-12 00:00:00,9.69693624942
2015-04-13 00:00:00,9.69693624942
2015-04-14 00:00:00,9.69693624942
2015-04-15 00:00:00,9.69693624942
2015-04-16 00:00:00,9.69693624942
2015-04-17 00:00:00,9.69693624942
2015-04-18 00:00:00,9.69693624942
2015-04-19 00:00:00,9.69693624942
2015-04-20 00:00:00,9.69693624942
2015-04-21 00:00:00,9.69693624942
2015-04-22 00:00:00,9.69693624942
2015-04-23 00:00:00,9.69693624942
2015-04-24 00:00:00,9.69693624942
2015-04-25 00:00:00,9.69693624942
2015-04-26 00:00:00,9.69693624942
2015-04-27 00:00:00,9.69693624942
2015-04-28 00:00:00,9.69693624942
2015-04-29 00:00:00,9.69693624942
2015-04-30 00:00:00,9.69693624942
2015-05-01 00:00:00,9.69693624942
2015-05-02 00:00:00,9.69693624942
2015-05-03 00:00:00,9.69693624942
2015-05-04 00:00:00,9.69693624942
2015-05-05 00:00:00,9.69693624942
2015-05-06 00:00:00,9.69693624942
2015-05-07 00:00:00,9.69693624942
2015-05-08 00:00:00,9.69693624942
2015-05-09 00:00:00,9.69693624942
2015-05-10 00:00:00,9.69693624942
2015-05-11 00:00:00,9.69693624942
2015-05-12 00:00:00,9.69693624942
2015-05-13 00:00:00,9.69693624942
2015-05-14 00:00:00,9.69693624942
2015-05-15 00:00:00,9.69693624942
2015-05-16 00:00:00,9.69693624942
2015-05-17 00:00:00,9.69693624942
2015-05-18 00:00:00,9.69693624942
2015-05-19 00:00:00,9.69693624942
2015-05-20 00:00:00,9.69693624942
2015-05-21 00:00:00,9.69693624942
2015-05-22 00:00:00,9.69693624942
2015-05-23 00:00:00,9.69693624942
2015-05-24 00:00:00,9.69693624942
2015-05-25 00:00:00,9.69693624942
2015-05-26 00:00:00,9.69693624942
2015-05-27 00:00:00,9.69693624942
2015-05-28 00:00:00,9.69693624942
2015-05-29 00:00:00,9.69693624942
2015-05-30 00:00:00,9.69693624942
2015-05-31 00:00:00,9.69693624942
2015-06-01 00:00:00,9.69693624942
2015-06-02 00:00:00,9.69693624942
2015-06-03 00:00:00,9.69693624942
2015-06-04 00:00:00,9.69693624942
2015-06-05 00:00:00,9.69693624942
2015-06-06 00:00:00,9.69693624942
2015-06-07 00:00:00,9.69693624942
2015-06-08 00:00:00,9.69693624942
2015-06-09 00:00:00,9.69693624942
2015-06-10 00:00:00,9.69693624942
2015-06-11 00:00:00,9.69693624942
2015-06-12 00:00:00,9.69693624942
2015-06-13 00:00:00,9.69693624942
2015-06-14 00:00:00,9.69693624942
2015-06-15 00:00:00,9.69693624942
2015-06-16 00:00:00,9.69693624942
2015-06-17 00:00:00,9.69693624942
2015-06-18 00:00:00,9.69693624942
2015-06-19 00:00:00,9.69693624942
2015-06-20 00:00:00,9.69693624942
2015-06-21 00:00:00,9.69693624942
2015-06-22 00:00:00,9.69693624942
2015-06-23 00:00:00,9.69693624942
2015-06-24 00:00:00,9.69693624942
2015-06-25 00:00:00,9.69693624942
2015-06-26 00:00:00,9.69693624942
2015-06-27 00:00:00,9.69693624942
2015-06-28 00:00:00,9.69693624942
2015-06-29 00:00:00,9.69693624942
2015-06-30 00:00:00,9.69693624942
2015-07-01 00:00:00,9.69693624942
2015-07-02 00:00:00,9.69693624942
2015-07-03 00:00:00,9.69693624942
2015-07-04 00:00:00,9.69693624942
2015-07-05 00:00:00,9.69693624942
2015-07-06 00:00:00,9.69693624942
News Data
Start Date, End Date,News Source,Link,Days,Reason,Comment,Days Reported
2013-09-13,2013-09-18,The Times of India,http://timesofindia.indiatimes.com/india/Onion-price-rise-may-be-due-to-hoarding-Centre/articleshow/22672225.cms,5,traders nexus,no,None
2013-09-14,2013-09-18,The Times of India,http://timesofindia.indiatimes.com/india/Onion-price-rise-may-be-due-to-hoarding-Centre/articleshow/22672225.cms,4,traders nexus,no,None
2013-09-15,2013-09-18,The Times of India,http://timesofindia.indiatimes.com/india/Onion-price-rise-may-be-due-to-hoarding-Centre/articleshow/22672225.cms,3,traders nexus,no,None
2013-09-16,2013-09-18,The Times of India,http://timesofindia.indiatimes.com/india/Onion-price-rise-may-be-due-to-hoarding-Centre/articleshow/22672225.cms,2,traders nexus,no,None
2013-09-17,2013-09-18,The Times of India,http://timesofindia.indiatimes.com/india/Onion-price-rise-may-be-due-to-hoarding-Centre/articleshow/22672225.cms,1,traders nexus,no,None
2013-09-18,2013-09-18,The Times of India,http://timesofindia.indiatimes.com/india/Onion-price-rise-may-be-due-to-hoarding-Centre/articleshow/22672225.cms,0,traders nexus,no,None
2013-09-19,2013-09-18,The Times of India,http://timesofindia.indiatimes.com/india/Onion-price-rise-may-be-due-to-hoarding-Centre/articleshow/22672225.cms,-1,traders nexus,no,None
2013-09-20,2013-09-18,The Times of India,http://timesofindia.indiatimes.com/india/Onion-price-rise-may-be-due-to-hoarding-Centre/articleshow/22672225.cms,-2,traders nexus,no,None
2013-09-21,2013-09-18,The Times of India,http://timesofindia.indiatimes.com/india/Onion-price-rise-may-be-due-to-hoarding-Centre/articleshow/22672225.cms,-3,traders nexus,no,None
2013-09-22,2013-09-18,The Times of India,http://timesofindia.indiatimes.com/india/Onion-price-rise-may-be-due-to-hoarding-Centre/articleshow/22672225.cms,-4,traders nexus,no,None
2013-09-23,2013-09-18,The Times of India,http://timesofindia.indiatimes.com/india/Onion-price-rise-may-be-due-to-hoarding-Centre/articleshow/22672225.cms,-5,traders nexus,no,None
2013-11-05,2013-11-04,The Hindu,http://www.thehindu.com/business/markets/govt-hikes-onion-mep-to-1150-per-tonne-to-check-prices/article5313950.ece,-1,low supply,,30
2013-11-06,2013-11-04,The Hindu,http://www.thehindu.com/business/markets/govt-hikes-onion-mep-to-1150-per-tonne-to-check-prices/article5313950.ece,-2,low supply,,30
2013-11-07,2013-11-04,The Hindu,http://www.thehindu.com/business/markets/govt-hikes-onion-mep-to-1150-per-tonne-to-check-prices/article5313950.ece,-3,low supply,,30
2015-06-10,2015-06-15,NDTV,http://profit.ndtv.com/news/economy/article-headline-inflation-771716,5,not stated,20 percent rise as compared to last year,365
2015-06-11,2015-06-15,NDTV,http://profit.ndtv.com/news/economy/article-headline-inflation-771716,4,not stated,20 percent rise as compared to last year,365
2015-06-12,2015-06-15,NDTV,http://profit.ndtv.com/news/economy/article-headline-inflation-771716,3,not stated,20 percent rise as compared to last year,365
2015-06-13,2015-06-15,NDTV,http://profit.ndtv.com/news/economy/article-headline-inflation-771716,2,not stated,20 percent rise as compared to last year,365
2015-06-14,2015-06-15,NDTV,http://profit.ndtv.com/news/economy/article-headline-inflation-771716,1,not stated,20 percent rise as compared to last year,365
2015-06-15,2015-06-15,NDTV,http://profit.ndtv.com/news/economy/article-headline-inflation-771716,0,not stated,20 percent rise as compared to last year,365
2015-06-16,2015-06-15,NDTV,http://profit.ndtv.com/news/economy/article-headline-inflation-771716,-1,not stated,20 percent rise as compared to last year,365
2015-06-17,2015-06-15,NDTV,http://profit.ndtv.com/news/economy/article-headline-inflation-771716,-2,not stated,20 percent rise as compared to last year,365
2015-06-18,2015-06-15,NDTV,http://profit.ndtv.com/news/economy/article-headline-inflation-771716,-3,not stated,20 percent rise as compared to last year,365
2015-06-19,2015-06-15,NDTV,http://profit.ndtv.com/news/economy/article-headline-inflation-771716,-4,not stated,20 percent rise as compared to last year,365
2015-06-20,2015-06-15,NDTV,http://profit.ndtv.com/news/economy/article-headline-inflation-771716,-5,not stated,20 percent rise as compared to last year,365
2015-06-22,2015-06-27,The Times of India,http://timesofindia.indiatimes.com/business/india-business/Govt-raises-minimum-export-price-of-onion-by-175/articleshow/47837967.cms,5,low production,increased by 30 percent in last 3 months,90
2015-06-23,2015-06-27,The Times of India,http://timesofindia.indiatimes.com/business/india-business/Govt-raises-minimum-export-price-of-onion-by-175/articleshow/47837967.cms,4,low production,increased by 30 percent in last 3 months,90
2015-06-24,2015-06-27,The Times of India,http://timesofindia.indiatimes.com/business/india-business/Govt-raises-minimum-export-price-of-onion-by-175/articleshow/47837967.cms,3,low production,increased by 30 percent in last 3 months,90
2015-06-25,2015-06-27,The Times of India,http://timesofindia.indiatimes.com/business/india-business/Govt-raises-minimum-export-price-of-onion-by-175/articleshow/47837967.cms,2,low production,increased by 30 percent in last 3 months,90
2015-06-26,2015-06-27,The Times of India,http://timesofindia.indiatimes.com/business/india-business/Govt-raises-minimum-export-price-of-onion-by-175/articleshow/47837967.cms,1,low production,increased by 30 percent in last 3 months,90
2015-06-27,2015-06-27,The Times of India,http://timesofindia.indiatimes.com/business/india-business/Govt-raises-minimum-export-price-of-onion-by-175/articleshow/47837967.cms,0,low production,increased by 30 percent in last 3 months,90
2015-06-28,2015-06-27,The Times of India,http://timesofindia.indiatimes.com/business/india-business/Govt-raises-minimum-export-price-of-onion-by-175/articleshow/47837967.cms,-1,low production,increased by 30 percent in last 3 months,90
2015-06-29,2015-06-27,The Times of India,http://timesofindia.indiatimes.com/business/india-business/Govt-raises-minimum-export-price-of-onion-by-175/articleshow/47837967.cms,-2,low production,increased by 30 percent in last 3 months,90
2015-06-30,2015-06-27,The Times of India,http://timesofindia.indiatimes.com/business/india-business/Govt-raises-minimum-export-price-of-onion-by-175/articleshow/47837967.cms,-3,low production,increased by 30 percent in last 3 months,90
2015-07-01,2015-06-27,The Times of India,http://timesofindia.indiatimes.com/business/india-business/Govt-raises-minimum-export-price-of-onion-by-175/articleshow/47837967.cms,-4,low production,increased by 30 percent in last 3 months,90
2015-07-02,2015-06-27,The Times of India,http://timesofindia.indiatimes.com/business/india-business/Govt-raises-minimum-export-price-of-onion-by-175/articleshow/47837967.cms,-5,low production,increased by 30 percent in last 3 months,90
2015-07-03,2015-06-28,The Hindu,http://www.thehindu.com/business/govt-mulls-importing-onions-to-control-price-rise/article7363803.ece,-5,low supply,The wholesale price of onion has risen to Rs.16-17 per kg from Rs. 11 per kg in last one month at Lasalgaon in Maharashtra,30
2015-07-04,2015-06-29,Business Standard,http://www.business-standard.com/article/pti-stories/govt-mulls-importing-onions-to-control-price-rise-115062800146_1.html,-5,low production,increased by 50 percent in wholesale as compared to last year,30
Graph Based Result:::
Date,Value
News Data
Start Date, End Date,News Source,Link,Days,Reason,Comment,Days Reported
VAR Result:::
Date,Value
News Data
Start Date, End Date,News Source,Link,Days,Reason,Comment,Days Reported
(1U2U3) Result:::
Date
2006-01-01 00:00:00
2006-01-02 00:00:00
2006-01-03 00:00:00
2006-01-04 00:00:00
2006-01-05 00:00:00
2006-01-06 00:00:00
2006-01-07 00:00:00
2006-01-08 00:00:00
2006-01-09 00:00:00
2006-01-10 00:00:00
2006-01-11 00:00:00
2006-01-12 00:00:00
2006-01-13 00:00:00
2006-01-14 00:00:00
2006-01-15 00:00:00
2006-01-16 00:00:00
2006-01-17 00:00:00
2006-01-18 00:00:00
2006-01-19 00:00:00
2006-01-20 00:00:00
2006-01-21 00:00:00
2006-01-22 00:00:00
2006-01-23 00:00:00
2006-01-24 00:00:00
2006-01-25 00:00:00
2006-01-26 00:00:00
2006-01-27 00:00:00
2006-01-28 00:00:00
2006-02-15 00:00:00
2006-02-16 00:00:00
2006-02-17 00:00:00
2006-02-18 00:00:00
2006-02-19 00:00:00
2006-02-20 00:00:00
2006-02-21 00:00:00
2006-02-22 00:00:00
2006-02-23 00:00:00
2006-02-24 00:00:00
2006-02-25 00:00:00
2006-02-26 00:00:00
2006-02-27 00:00:00
2006-02-28 00:00:00
2006-03-01 00:00:00
2006-03-02 00:00:00
2006-03-03 00:00:00
2006-03-04 00:00:00
2006-03-05 00:00:00
2006-03-06 00:00:00
2006-03-07 00:00:00
2006-03-08 00:00:00
2006-03-09 00:00:00
2006-03-10 00:00:00
2006-03-11 00:00:00
2006-03-12 00:00:00
2006-03-13 00:00:00
2006-03-14 00:00:00
2006-03-15 00:00:00
2006-03-16 00:00:00
2006-03-17 00:00:00
2006-03-18 00:00:00
2006-03-19 00:00:00
2006-03-20 00:00:00
2006-03-21 00:00:00
2006-03-22 00:00:00
2006-03-23 00:00:00
2006-03-24 00:00:00
2006-03-25 00:00:00
2006-03-26 00:00:00
2006-03-27 00:00:00
2006-03-28 00:00:00
2006-03-29 00:00:00
2006-03-30 00:00:00
2006-03-31 00:00:00
2006-04-01 00:00:00
2006-04-02 00:00:00
2006-04-03 00:00:00
2006-04-04 00:00:00
2006-04-05 00:00:00
2006-04-06 00:00:00
2006-04-07 00:00:00
2006-04-08 00:00:00
2006-04-09 00:00:00
2006-04-10 00:00:00
2006-04-11 00:00:00
2006-04-12 00:00:00
2006-04-13 00:00:00
2006-04-14 00:00:00
2006-04-15 00:00:00
2006-04-16 00:00:00
2006-04-17 00:00:00
2006-04-18 00:00:00
2006-04-19 00:00:00
2006-04-20 00:00:00
2006-04-21 00:00:00
2006-04-22 00:00:00
2006-04-23 00:00:00
2006-04-24 00:00:00
2006-04-25 00:00:00
2006-04-26 00:00:00
2006-04-27 00:00:00
2006-04-28 00:00:00
2006-04-29 00:00:00
2006-04-30 00:00:00
2006-05-31 00:00:00
2006-06-01 00:00:00
2006-06-02 00:00:00
2006-06-03 00:00:00
2006-06-04 00:00:00
2006-06-05 00:00:00
2006-06-06 00:00:00
2006-06-07 00:00:00
2006-06-08 00:00:00
2006-06-09 00:00:00
2006-06-10 00:00:00
2006-06-11 00:00:00
2006-06-12 00:00:00
2006-06-13 00:00:00
2006-06-14 00:00:00
2006-06-15 00:00:00
2006-06-16 00:00:00
2006-06-17 00:00:00
2006-06-18 00:00:00
2006-06-19 00:00:00
2006-06-20 00:00:00
2006-06-21 00:00:00
2006-06-22 00:00:00
2006-07-15 00:00:00
2006-07-16 00:00:00
2006-07-17 00:00:00
2006-07-18 00:00:00
2006-07-19 00:00:00
2006-07-20 00:00:00
2006-07-21 00:00:00
2006-07-22 00:00:00
2006-07-23 00:00:00
2006-07-24 00:00:00
2006-07-25 00:00:00
2006-07-26 00:00:00
2006-07-27 00:00:00
2006-07-28 00:00:00
2006-07-29 00:00:00
2006-07-30 00:00:00
2006-07-31 00:00:00
2006-08-01 00:00:00
2006-08-02 00:00:00
2006-08-03 00:00:00
2006-08-04 00:00:00
2006-08-05 00:00:00
2006-08-06 00:00:00
2006-08-07 00:00:00
2006-08-08 00:00:00
2006-08-09 00:00:00
2006-08-10 00:00:00
2006-08-11 00:00:00
2006-08-12 00:00:00
2006-08-14 00:00:00
2006-08-15 00:00:00
2006-08-16 00:00:00
2006-08-17 00:00:00
2006-08-18 00:00:00
2006-08-19 00:00:00
2006-08-20 00:00:00
2006-08-21 00:00:00
2006-08-22 00:00:00
2006-08-23 00:00:00
2006-08-24 00:00:00
2006-08-25 00:00:00
2006-08-26 00:00:00
2006-08-27 00:00:00
2006-08-28 00:00:00
2006-08-29 00:00:00
2006-08-30 00:00:00
2006-08-31 00:00:00
2006-09-01 00:00:00
2006-09-02 00:00:00
2006-09-03 00:00:00
2006-09-04 00:00:00
2006-09-05 00:00:00
2006-09-06 00:00:00
2006-09-07 00:00:00
2006-09-08 00:00:00
2006-09-09 00:00:00
2006-09-10 00:00:00
2006-09-11 00:00:00
2006-09-12 00:00:00
2006-09-13 00:00:00
2006-09-14 00:00:00
2006-09-15 00:00:00
2006-09-16 00:00:00
2006-09-17 00:00:00
2006-09-18 00:00:00
2006-09-19 00:00:00
2006-09-20 00:00:00
2006-09-21 00:00:00
2006-09-22 00:00:00
2006-09-23 00:00:00
2006-09-24 00:00:00
2006-09-25 00:00:00
2006-09-26 00:00:00
2006-09-27 00:00:00
2006-09-28 00:00:00
2006-09-29 00:00:00
2006-09-30 00:00:00
2006-12-17 00:00:00
2006-12-18 00:00:00
2006-12-19 00:00:00
2006-12-20 00:00:00
2006-12-21 00:00:00
2006-12-22 00:00:00
2006-12-23 00:00:00
2006-12-24 00:00:00
2006-12-25 00:00:00
2006-12-26 00:00:00
2006-12-27 00:00:00
2006-12-28 00:00:00
2006-12-29 00:00:00
2006-12-30 00:00:00
2006-12-31 00:00:00
2007-01-01 00:00:00
2007-01-02 00:00:00
2007-01-03 00:00:00
2007-01-04 00:00:00
2007-01-05 00:00:00
2007-01-06 00:00:00
2007-01-07 00:00:00
2007-01-08 00:00:00
2007-01-09 00:00:00
2007-01-10 00:00:00
2007-01-11 00:00:00
2007-01-12 00:00:00
2007-01-13 00:00:00
2007-02-25 00:00:00
2007-02-26 00:00:00
2007-02-27 00:00:00
2007-02-28 00:00:00
2007-03-01 00:00:00
2007-03-02 00:00:00
2007-03-03 00:00:00
2007-03-04 00:00:00
2007-03-05 00:00:00
2007-03-06 00:00:00
2007-03-07 00:00:00
2007-03-08 00:00:00
2007-03-09 00:00:00
2007-03-10 00:00:00
2007-03-11 00:00:00
2007-03-12 00:00:00
2007-03-13 00:00:00
2007-03-14 00:00:00
2007-03-15 00:00:00
2007-03-16 00:00:00
2007-03-17 00:00:00
2007-03-18 00:00:00
2007-03-19 00:00:00
2007-03-20 00:00:00
2007-03-21 00:00:00
2007-03-22 00:00:00
2007-03-23 00:00:00
2007-03-24 00:00:00
2007-03-25 00:00:00
2007-03-26 00:00:00
2007-03-27 00:00:00
2007-03-28 00:00:00
2007-03-29 00:00:00
2007-03-30 00:00:00
2007-03-31 00:00:00
2007-04-01 00:00:00
2007-04-02 00:00:00
2007-04-03 00:00:00
2007-04-04 00:00:00
2007-04-05 00:00:00
2007-04-06 00:00:00
2007-04-07 00:00:00
2007-04-08 00:00:00
2007-04-09 00:00:00
2007-04-10 00:00:00
2007-04-11 00:00:00
2007-04-12 00:00:00
2007-04-13 00:00:00
2007-04-14 00:00:00
2007-04-15 00:00:00
2007-04-16 00:00:00
2007-04-17 00:00:00
2007-04-22 00:00:00
2007-04-23 00:00:00
2007-04-24 00:00:00
2007-04-25 00:00:00
2007-04-26 00:00:00
2007-04-27 00:00:00
2007-04-28 00:00:00
2007-04-29 00:00:00
2007-04-30 00:00:00
2007-05-01 00:00:00
2007-05-02 00:00:00
2007-05-03 00:00:00
2007-05-04 00:00:00
2007-05-05 00:00:00
2007-05-06 00:00:00
2007-05-07 00:00:00
2007-05-08 00:00:00
2007-05-09 00:00:00
2007-05-10 00:00:00
2007-05-11 00:00:00
2007-05-12 00:00:00
2007-05-13 00:00:00
2007-05-14 00:00:00
2007-05-15 00:00:00
2007-05-16 00:00:00
2007-05-17 00:00:00
2007-05-18 00:00:00
2007-05-19 00:00:00
2007-06-03 00:00:00
2007-06-04 00:00:00
2007-06-05 00:00:00
2007-06-06 00:00:00
2007-06-07 00:00:00
2007-06-08 00:00:00
2007-06-09 00:00:00
2007-07-29 00:00:00
2007-07-30 00:00:00
2007-07-31 00:00:00
2007-08-01 00:00:00
2007-08-02 00:00:00
2007-08-03 00:00:00
2007-08-04 00:00:00
2007-08-12 00:00:00
2007-08-13 00:00:00
2007-08-14 00:00:00
2007-08-15 00:00:00
2007-08-16 00:00:00
2007-08-17 00:00:00
2007-08-18 00:00:00
2007-11-11 00:00:00
2007-11-12 00:00:00
2007-11-13 00:00:00
2007-11-14 00:00:00
2007-11-15 00:00:00
2007-11-16 00:00:00
2007-11-17 00:00:00
2007-11-18 00:00:00
2007-11-19 00:00:00
2007-11-20 00:00:00
2007-11-21 00:00:00
2007-11-22 00:00:00
2007-11-23 00:00:00
2007-11-24 00:00:00
2008-03-16 00:00:00
2008-03-17 00:00:00
2008-03-18 00:00:00
2008-03-19 00:00:00
2008-03-20 00:00:00
2008-03-21 00:00:00
2008-03-22 00:00:00
2008-03-30 00:00:00
2008-03-31 00:00:00
2008-04-01 00:00:00
2008-04-02 00:00:00
2008-04-03 00:00:00
2008-04-04 00:00:00
2008-04-05 00:00:00
2008-04-20 00:00:00
2008-04-21 00:00:00
2008-04-22 00:00:00
2008-04-23 00:00:00
2008-04-24 00:00:00
2008-04-25 00:00:00
2008-04-26 00:00:00
2008-05-05 00:00:00
2008-05-06 00:00:00
2008-05-07 00:00:00
2008-05-08 00:00:00
2008-05-09 00:00:00
2008-05-10 00:00:00
2008-05-11 00:00:00
2008-05-12 00:00:00
2008-05-13 00:00:00
2008-05-14 00:00:00
2008-05-15 00:00:00
2008-05-16 00:00:00
2008-05-17 00:00:00
2008-05-18 00:00:00
2008-05-19 00:00:00
2008-05-20 00:00:00
2008-05-21 00:00:00
2008-05-22 00:00:00
2008-05-23 00:00:00
2008-05-24 00:00:00
2008-05-25 00:00:00
2008-05-26 00:00:00
2008-05-27 00:00:00
2008-05-28 00:00:00
2008-05-29 00:00:00
2008-05-30 00:00:00
2008-05-31 00:00:00
2008-06-01 00:00:00
2008-06-02 00:00:00
2008-06-03 00:00:00
2008-06-04 00:00:00
2008-06-05 00:00:00
2008-06-06 00:00:00
2008-06-07 00:00:00
2008-06-08 00:00:00
2008-06-09 00:00:00
2008-06-10 00:00:00
2008-06-11 00:00:00
2008-06-12 00:00:00
2008-06-13 00:00:00
2008-06-14 00:00:00
2008-06-15 00:00:00
2008-06-16 00:00:00
2008-06-17 00:00:00
2008-06-18 00:00:00
2008-09-02 00:00:00
2008-09-03 00:00:00
2008-09-04 00:00:00
2008-09-05 00:00:00
2008-09-06 00:00:00
2008-09-07 00:00:00
2008-09-08 00:00:00
2008-09-09 00:00:00
2008-09-10 00:00:00
2008-09-11 00:00:00
2008-09-12 00:00:00
2008-09-13 00:00:00
2008-09-14 00:00:00
2008-09-15 00:00:00
2008-09-16 00:00:00
2008-10-02 00:00:00
2008-10-03 00:00:00
2008-10-04 00:00:00
2008-10-05 00:00:00
2008-10-06 00:00:00
2008-10-07 00:00:00
2008-10-08 00:00:00
2008-10-09 00:00:00
2008-10-10 00:00:00
2008-10-11 00:00:00
2008-10-12 00:00:00
2008-10-13 00:00:00
2008-10-14 00:00:00
2008-10-15 00:00:00
2008-10-16 00:00:00
2008-10-17 00:00:00
2008-10-18 00:00:00
2008-10-19 00:00:00
2008-10-20 00:00:00
2008-10-21 00:00:00
2008-10-22 00:00:00
2008-10-23 00:00:00
2008-10-24 00:00:00
2008-10-25 00:00:00
2008-10-26 00:00:00
2008-10-27 00:00:00
2008-10-28 00:00:00
2008-10-29 00:00:00
2008-10-30 00:00:00
2008-10-31 00:00:00
2008-11-01 00:00:00
2008-11-02 00:00:00
2008-11-03 00:00:00
2008-11-04 00:00:00
2008-11-05 00:00:00
2008-11-06 00:00:00
2008-11-07 00:00:00
2008-11-08 00:00:00
2008-11-09 00:00:00
2008-11-10 00:00:00
2008-11-11 00:00:00
2008-11-12 00:00:00
2008-11-13 00:00:00
2008-11-14 00:00:00
2008-11-15 00:00:00
2008-11-16 00:00:00
2008-11-17 00:00:00
2008-11-18 00:00:00
2008-11-19 00:00:00
2008-11-20 00:00:00
2008-11-21 00:00:00
2008-11-22 00:00:00
2008-11-23 00:00:00
2008-11-24 00:00:00
2008-11-25 00:00:00
2008-11-26 00:00:00
2008-11-27 00:00:00
2008-11-28 00:00:00
2008-11-29 00:00:00
2008-11-30 00:00:00
2008-12-01 00:00:00
2008-12-02 00:00:00
2008-12-03 00:00:00
2008-12-04 00:00:00
2008-12-05 00:00:00
2008-12-06 00:00:00
2008-12-07 00:00:00
2008-12-08 00:00:00
2008-12-09 00:00:00
2008-12-10 00:00:00
2008-12-11 00:00:00
2008-12-12 00:00:00
2008-12-13 00:00:00
2008-12-14 00:00:00
2008-12-15 00:00:00
2008-12-16 00:00:00
2008-12-17 00:00:00
2008-12-18 00:00:00
2008-12-19 00:00:00
2008-12-20 00:00:00
2008-12-21 00:00:00
2008-12-22 00:00:00
2008-12-23 00:00:00
2008-12-24 00:00:00
2008-12-25 00:00:00
2008-12-26 00:00:00
2008-12-27 00:00:00
2008-12-28 00:00:00
2008-12-29 00:00:00
2008-12-30 00:00:00
2008-12-31 00:00:00
2009-01-01 00:00:00
2009-01-02 00:00:00
2009-01-03 00:00:00
2009-01-04 00:00:00
2009-01-05 00:00:00
2009-01-06 00:00:00
2009-01-07 00:00:00
2009-01-08 00:00:00
2009-03-01 00:00:00
2009-03-02 00:00:00
2009-03-03 00:00:00
2009-03-04 00:00:00
2009-03-05 00:00:00
2009-03-06 00:00:00
2009-03-07 00:00:00
2009-03-08 00:00:00
2009-03-09 00:00:00
2009-03-10 00:00:00
2009-03-11 00:00:00
2009-03-12 00:00:00
2009-03-13 00:00:00
2009-03-14 00:00:00
2009-03-15 00:00:00
2009-03-16 00:00:00
2009-03-17 00:00:00
2009-03-18 00:00:00
2009-03-19 00:00:00
2009-03-20 00:00:00
2009-03-21 00:00:00
2009-03-22 00:00:00
2009-03-23 00:00:00
2009-03-24 00:00:00
2009-03-25 00:00:00
2009-03-26 00:00:00
2009-03-27 00:00:00
2009-03-28 00:00:00
2009-03-29 00:00:00
2009-03-30 00:00:00
2009-04-30 00:00:00
2009-05-01 00:00:00
2009-05-02 00:00:00
2009-05-03 00:00:00
2009-05-04 00:00:00
2009-05-05 00:00:00
2009-05-06 00:00:00
2009-05-07 00:00:00
2009-05-08 00:00:00
2009-05-09 00:00:00
2009-05-10 00:00:00
2009-05-11 00:00:00
2009-05-12 00:00:00
2009-05-13 00:00:00
2009-05-14 00:00:00
2009-05-30 00:00:00
2009-05-31 00:00:00
2009-06-01 00:00:00
2009-06-02 00:00:00
2009-06-03 00:00:00
2009-06-04 00:00:00
2009-06-05 00:00:00
2009-06-06 00:00:00
2009-06-07 00:00:00
2009-06-08 00:00:00
2009-06-09 00:00:00
2009-06-10 00:00:00
2009-06-11 00:00:00
2009-06-12 00:00:00
2009-06-13 00:00:00
2009-06-14 00:00:00
2009-06-15 00:00:00
2009-06-16 00:00:00
2009-06-17 00:00:00
2009-06-18 00:00:00
2009-06-19 00:00:00
2009-06-20 00:00:00
2009-06-21 00:00:00
2009-06-22 00:00:00
2009-06-23 00:00:00
2009-06-24 00:00:00
2009-06-25 00:00:00
2009-06-26 00:00:00
2009-06-27 00:00:00
2009-06-28 00:00:00
2009-06-29 00:00:00
2009-06-30 00:00:00
2009-07-01 00:00:00
2009-07-02 00:00:00
2009-07-03 00:00:00
2009-07-04 00:00:00
2009-07-05 00:00:00
2009-07-06 00:00:00
2009-07-07 00:00:00
2009-07-08 00:00:00
2009-07-09 00:00:00
2009-07-10 00:00:00
2009-07-11 00:00:00
2009-07-12 00:00:00
2009-07-13 00:00:00
2009-07-14 00:00:00
2009-07-15 00:00:00
2009-07-16 00:00:00
2009-07-17 00:00:00
2009-07-18 00:00:00
2009-07-19 00:00:00
2009-07-20 00:00:00
2009-07-21 00:00:00
2009-07-22 00:00:00
2009-07-23 00:00:00
2009-07-24 00:00:00
2009-07-25 00:00:00
2009-07-26 00:00:00
2009-07-27 00:00:00
2009-07-28 00:00:00
2009-08-02 00:00:00
2009-08-03 00:00:00
2009-08-04 00:00:00
2009-08-05 00:00:00
2009-08-06 00:00:00
2009-08-07 00:00:00
2009-08-08 00:00:00
2009-08-30 00:00:00
2009-08-31 00:00:00
2009-09-01 00:00:00
2009-09-02 00:00:00
2009-09-03 00:00:00
2009-09-04 00:00:00
2009-09-05 00:00:00
2009-09-13 00:00:00
2009-09-14 00:00:00
2009-09-15 00:00:00
2009-09-16 00:00:00
2009-09-17 00:00:00
2009-09-18 00:00:00
2009-09-19 00:00:00
2009-09-20 00:00:00
2009-09-21 00:00:00
2009-09-22 00:00:00
2009-09-23 00:00:00
2009-09-24 00:00:00
2009-09-25 00:00:00
2009-09-26 00:00:00
2009-09-27 00:00:00
2009-09-28 00:00:00
2009-10-05 00:00:00
2009-10-06 00:00:00
2009-10-07 00:00:00
2009-10-08 00:00:00
2009-10-09 00:00:00
2009-10-10 00:00:00
2009-10-11 00:00:00
2009-10-12 00:00:00
2009-10-13 00:00:00
2009-10-14 00:00:00
2009-10-15 00:00:00
2009-10-16 00:00:00
2009-10-17 00:00:00
2009-10-18 00:00:00
2009-10-19 00:00:00
2009-10-20 00:00:00
2009-10-21 00:00:00
2009-10-22 00:00:00
2009-10-23 00:00:00
2009-10-24 00:00:00
2009-10-25 00:00:00
2009-10-26 00:00:00
2009-10-27 00:00:00
2009-10-28 00:00:00
2009-10-29 00:00:00
2009-10-30 00:00:00
2009-10-31 00:00:00
2009-11-01 00:00:00
2009-11-02 00:00:00
2009-11-03 00:00:00
2009-11-04 00:00:00
2009-11-05 00:00:00
2009-11-06 00:00:00
2009-11-07 00:00:00
2009-11-08 00:00:00
2009-11-09 00:00:00
2009-11-10 00:00:00
2009-11-11 00:00:00
2009-11-12 00:00:00
2009-11-13 00:00:00
2009-11-14 00:00:00
2009-11-15 00:00:00
2009-11-16 00:00:00
2009-11-17 00:00:00
2009-11-18 00:00:00
2009-11-19 00:00:00
2009-11-20 00:00:00
2009-11-21 00:00:00
2009-11-22 00:00:00
2009-11-23 00:00:00
2009-11-24 00:00:00
2009-11-25 00:00:00
2009-12-13 00:00:00
2009-12-14 00:00:00
2009-12-15 00:00:00
2009-12-16 00:00:00
2009-12-17 00:00:00
2009-12-18 00:00:00
2009-12-19 00:00:00
2009-12-26 00:00:00
2009-12-27 00:00:00
2009-12-28 00:00:00
2009-12-29 00:00:00
2009-12-30 00:00:00
2009-12-31 00:00:00
2010-01-01 00:00:00
2010-01-02 00:00:00
2010-01-03 00:00:00
2010-01-04 00:00:00
2010-01-05 00:00:00
2010-01-06 00:00:00
2010-01-07 00:00:00
2010-01-08 00:00:00
2010-01-09 00:00:00
2010-02-11 00:00:00
2010-02-12 00:00:00
2010-02-13 00:00:00
2010-02-14 00:00:00
2010-02-15 00:00:00
2010-02-16 00:00:00
2010-02-17 00:00:00
2010-02-18 00:00:00
2010-02-19 00:00:00
2010-02-20 00:00:00
2010-02-21 00:00:00
2010-02-22 00:00:00
2010-02-23 00:00:00
2010-02-24 00:00:00
2010-02-25 00:00:00
2010-02-26 00:00:00
2010-02-27 00:00:00
2010-02-28 00:00:00
2010-03-01 00:00:00
2010-03-02 00:00:00
2010-03-03 00:00:00
2010-03-04 00:00:00
2010-03-05 00:00:00
2010-03-06 00:00:00
2010-03-07 00:00:00
2010-03-08 00:00:00
2010-03-09 00:00:00
2010-03-10 00:00:00
2010-03-11 00:00:00
2010-03-12 00:00:00
2010-03-13 00:00:00
2010-03-14 00:00:00
2010-03-15 00:00:00
2010-03-16 00:00:00
2010-03-17 00:00:00
2010-03-18 00:00:00
2010-03-19 00:00:00
2010-03-20 00:00:00
2010-03-21 00:00:00
2010-03-22 00:00:00
2010-03-23 00:00:00
2010-03-24 00:00:00
2010-03-25 00:00:00
2010-03-26 00:00:00
2010-03-27 00:00:00
2010-03-28 00:00:00
2010-03-29 00:00:00
2010-03-30 00:00:00
2010-03-31 00:00:00
2010-04-01 00:00:00
2010-04-02 00:00:00
2010-04-03 00:00:00
2010-04-04 00:00:00
2010-04-05 00:00:00
2010-04-06 00:00:00
2010-04-07 00:00:00
2010-04-08 00:00:00
2010-04-09 00:00:00
2010-04-10 00:00:00
2010-04-11 00:00:00
2010-04-12 00:00:00
2010-04-13 00:00:00
2010-04-14 00:00:00
2010-04-15 00:00:00
2010-04-16 00:00:00
2010-04-17 00:00:00
2010-04-18 00:00:00
2010-04-19 00:00:00
2010-04-20 00:00:00
2010-04-21 00:00:00
2010-04-22 00:00:00
2010-04-23 00:00:00
2010-04-24 00:00:00
2010-05-07 00:00:00
2010-05-08 00:00:00
2010-05-09 00:00:00
2010-05-10 00:00:00
2010-05-11 00:00:00
2010-05-12 00:00:00
2010-05-13 00:00:00
2010-05-14 00:00:00
2010-05-15 00:00:00
2010-05-16 00:00:00
2010-05-17 00:00:00
2010-05-18 00:00:00
2010-05-19 00:00:00
2010-05-20 00:00:00
2010-05-21 00:00:00
2010-05-22 00:00:00
2010-05-23 00:00:00
2010-05-24 00:00:00
2010-05-25 00:00:00
2010-05-26 00:00:00
2010-05-27 00:00:00
2010-05-28 00:00:00
2010-05-29 00:00:00
2010-05-30 00:00:00
2010-05-31 00:00:00
2010-06-01 00:00:00
2010-06-02 00:00:00
2010-06-03 00:00:00
2010-06-04 00:00:00
2010-06-05 00:00:00
2010-06-09 00:00:00
2010-06-10 00:00:00
2010-06-11 00:00:00
2010-06-12 00:00:00
2010-06-13 00:00:00
2010-06-14 00:00:00
2010-06-15 00:00:00
2010-06-16 00:00:00
2010-06-17 00:00:00
2010-06-18 00:00:00
2010-06-19 00:00:00
2010-06-20 00:00:00
2010-06-21 00:00:00
2010-06-22 00:00:00
2010-06-23 00:00:00
2010-06-27 00:00:00
2010-06-28 00:00:00
2010-06-29 00:00:00
2010-06-30 00:00:00
2010-07-01 00:00:00
2010-07-02 00:00:00
2010-07-03 00:00:00
2010-07-04 00:00:00
2010-07-05 00:00:00
2010-07-06 00:00:00
2010-07-07 00:00:00
2010-07-08 00:00:00
2010-07-09 00:00:00
2010-07-10 00:00:00
2010-08-29 00:00:00
2010-08-30 00:00:00
2010-08-31 00:00:00
2010-09-01 00:00:00
2010-09-02 00:00:00
2010-09-03 00:00:00
2010-09-04 00:00:00
2010-09-05 00:00:00
2010-09-06 00:00:00
2010-09-07 00:00:00
2010-09-08 00:00:00
2010-09-09 00:00:00
2010-09-10 00:00:00
2010-09-11 00:00:00
2010-09-12 00:00:00
2010-09-13 00:00:00
2010-09-22 00:00:00
2010-09-23 00:00:00
2010-09-24 00:00:00
2010-09-25 00:00:00
2010-09-26 00:00:00
2010-09-27 00:00:00
2010-09-28 00:00:00
2010-09-29 00:00:00
2010-09-30 00:00:00
2010-10-01 00:00:00
2010-10-02 00:00:00
2010-10-03 00:00:00
2010-10-04 00:00:00
2010-10-05 00:00:00
2010-10-06 00:00:00
2011-02-04 00:00:00
2011-02-05 00:00:00
2011-02-06 00:00:00
2011-02-07 00:00:00
2011-02-08 00:00:00
2011-02-09 00:00:00
2011-02-10 00:00:00
2011-02-11 00:00:00
2011-02-12 00:00:00
2011-02-13 00:00:00
2011-02-14 00:00:00
2011-02-15 00:00:00
2011-02-16 00:00:00
2011-02-17 00:00:00
2011-02-18 00:00:00
2011-03-21 00:00:00
2011-03-22 00:00:00
2011-03-23 00:00:00
2011-03-24 00:00:00
2011-03-25 00:00:00
2011-03-26 00:00:00
2011-03-27 00:00:00
2011-03-28 00:00:00
2011-03-29 00:00:00
2011-03-30 00:00:00
2011-03-31 00:00:00
2011-04-01 00:00:00
2011-04-02 00:00:00
2011-04-03 00:00:00
2011-04-04 00:00:00
2011-04-05 00:00:00
2011-04-06 00:00:00
2011-04-07 00:00:00
2011-04-08 00:00:00
2011-04-09 00:00:00
2011-04-10 00:00:00
2011-04-11 00:00:00
2011-04-12 00:00:00
2011-04-13 00:00:00
2011-04-14 00:00:00
2011-04-15 00:00:00
2011-04-16 00:00:00
2011-04-17 00:00:00
2011-04-18 00:00:00
2011-04-19 00:00:00
2011-04-20 00:00:00
2011-04-21 00:00:00
2011-04-22 00:00:00
2011-04-23 00:00:00
2011-04-24 00:00:00
2011-04-25 00:00:00
2011-04-26 00:00:00
2011-04-27 00:00:00
2011-04-28 00:00:00
2011-04-29 00:00:00
2011-04-30 00:00:00
2011-05-01 00:00:00
2011-05-02 00:00:00
2011-05-03 00:00:00
2011-05-04 00:00:00
2011-05-15 00:00:00
2011-05-16 00:00:00
2011-05-17 00:00:00
2011-05-18 00:00:00
2011-05-19 00:00:00
2011-05-20 00:00:00
2011-05-21 00:00:00
2011-05-22 00:00:00
2011-05-23 00:00:00
2011-05-24 00:00:00
2011-05-25 00:00:00
2011-05-26 00:00:00
2011-05-27 00:00:00
2011-05-28 00:00:00
2011-06-04 00:00:00
2011-06-05 00:00:00
2011-06-06 00:00:00
2011-06-07 00:00:00
2011-06-08 00:00:00
2011-06-09 00:00:00
2011-06-10 00:00:00
2011-06-11 00:00:00
2011-06-12 00:00:00
2011-06-13 00:00:00
2011-06-14 00:00:00
2011-06-15 00:00:00
2011-06-16 00:00:00
2011-06-17 00:00:00
2011-06-18 00:00:00
2011-07-03 00:00:00
2011-07-04 00:00:00
2011-07-05 00:00:00
2011-07-06 00:00:00
2011-07-07 00:00:00
2011-07-08 00:00:00
2011-07-09 00:00:00
2011-07-10 00:00:00
2011-07-11 00:00:00
2011-07-12 00:00:00
2011-07-13 00:00:00
2011-07-14 00:00:00
2011-07-15 00:00:00
2011-07-16 00:00:00
2011-07-17 00:00:00
2011-07-18 00:00:00
2011-07-19 00:00:00
2011-07-20 00:00:00
2011-07-21 00:00:00
2011-07-22 00:00:00
2011-07-23 00:00:00
2011-07-24 00:00:00
2011-07-25 00:00:00
2011-07-26 00:00:00
2011-07-27 00:00:00
2011-07-28 00:00:00
2011-07-29 00:00:00
2011-07-30 00:00:00
2011-07-31 00:00:00
2011-08-01 00:00:00
2011-08-02 00:00:00
2011-08-03 00:00:00
2011-08-04 00:00:00
2011-08-05 00:00:00
2011-08-06 00:00:00
2011-08-07 00:00:00
2011-08-08 00:00:00
2011-08-09 00:00:00
2011-08-10 00:00:00
2011-08-11 00:00:00
2011-08-12 00:00:00
2011-08-13 00:00:00
2011-08-14 00:00:00
2011-08-15 00:00:00
2011-08-16 00:00:00
2011-08-17 00:00:00
2011-08-18 00:00:00
2011-08-19 00:00:00
2011-08-20 00:00:00
2011-08-21 00:00:00
2011-08-22 00:00:00
2011-08-23 00:00:00
2011-08-24 00:00:00
2011-08-25 00:00:00
2011-08-26 00:00:00
2011-08-27 00:00:00
2011-08-28 00:00:00
2011-08-29 00:00:00
2011-08-30 00:00:00
2011-08-31 00:00:00
2011-09-01 00:00:00
2011-09-02 00:00:00
2011-09-03 00:00:00
2011-09-04 00:00:00
2011-09-05 00:00:00
2011-09-06 00:00:00
2011-09-07 00:00:00
2011-09-08 00:00:00
2011-09-09 00:00:00
2011-09-10 00:00:00
2011-09-11 00:00:00
2011-09-12 00:00:00
2011-09-13 00:00:00
2011-09-14 00:00:00
2011-09-15 00:00:00
2011-09-16 00:00:00
2011-09-17 00:00:00
2011-09-18 00:00:00
2011-09-19 00:00:00
2011-09-20 00:00:00
2011-09-21 00:00:00
2011-09-22 00:00:00
2011-09-23 00:00:00
2011-09-24 00:00:00
2011-09-25 00:00:00
2011-09-26 00:00:00
2011-09-27 00:00:00
2011-09-28 00:00:00
2011-09-29 00:00:00
2011-09-30 00:00:00
2011-10-01 00:00:00
2011-10-02 00:00:00
2011-10-03 00:00:00
2011-10-04 00:00:00
2011-10-05 00:00:00
2011-10-06 00:00:00
2011-10-07 00:00:00
2011-10-08 00:00:00
2011-10-09 00:00:00
2011-10-10 00:00:00
2011-10-11 00:00:00
2011-10-12 00:00:00
2011-10-13 00:00:00
2011-10-14 00:00:00
2011-10-15 00:00:00
2011-10-16 00:00:00
2011-10-28 00:00:00
2011-10-29 00:00:00
2011-10-30 00:00:00
2011-10-31 00:00:00
2011-11-01 00:00:00
2011-11-02 00:00:00
2011-11-03 00:00:00
2011-11-04 00:00:00
2011-11-05 00:00:00
2011-11-06 00:00:00
2011-11-07 00:00:00
2011-11-08 00:00:00
2011-11-09 00:00:00
2011-11-10 00:00:00
2011-11-11 00:00:00
2011-11-12 00:00:00
2011-11-13 00:00:00
2011-11-14 00:00:00
2011-11-15 00:00:00
2011-12-11 00:00:00
2011-12-12 00:00:00
2011-12-13 00:00:00
2011-12-14 00:00:00
2011-12-15 00:00:00
2011-12-16 00:00:00
2011-12-17 00:00:00
2011-12-18 00:00:00
2011-12-19 00:00:00
2011-12-20 00:00:00
2011-12-21 00:00:00
2011-12-22 00:00:00
2011-12-23 00:00:00
2011-12-24 00:00:00
2011-12-31 00:00:00
2012-01-01 00:00:00
2012-01-02 00:00:00
2012-01-03 00:00:00
2012-01-04 00:00:00
2012-01-05 00:00:00
2012-01-06 00:00:00
2012-01-07 00:00:00
2012-01-08 00:00:00
2012-01-09 00:00:00
2012-01-10 00:00:00
2012-01-11 00:00:00
2012-01-12 00:00:00
2012-01-13 00:00:00
2012-01-14 00:00:00
2012-01-30 00:00:00
2012-01-31 00:00:00
2012-02-01 00:00:00
2012-02-02 00:00:00
2012-02-03 00:00:00
2012-02-04 00:00:00
2012-02-05 00:00:00
2012-02-06 00:00:00
2012-02-07 00:00:00
2012-02-08 00:00:00
2012-02-09 00:00:00
2012-02-10 00:00:00
2012-02-11 00:00:00
2012-02-12 00:00:00
2012-02-13 00:00:00
2012-02-14 00:00:00
2012-02-15 00:00:00
2012-02-16 00:00:00
2012-02-17 00:00:00
2012-02-18 00:00:00
2012-02-19 00:00:00
2012-02-20 00:00:00
2012-02-21 00:00:00
2012-02-22 00:00:00
2012-02-23 00:00:00
2012-02-24 00:00:00
2012-02-25 00:00:00
2012-02-26 00:00:00
2012-02-27 00:00:00
2012-02-28 00:00:00
2012-03-23 00:00:00
2012-03-24 00:00:00
2012-03-25 00:00:00
2012-03-26 00:00:00
2012-03-27 00:00:00
2012-03-28 00:00:00
2012-03-29 00:00:00
2012-03-30 00:00:00
2012-03-31 00:00:00
2012-04-01 00:00:00
2012-04-02 00:00:00
2012-04-04 00:00:00
2012-04-05 00:00:00
2012-04-06 00:00:00
2012-04-07 00:00:00
2012-04-08 00:00:00
2012-04-09 00:00:00
2012-04-10 00:00:00
2012-04-11 00:00:00
2012-04-12 00:00:00
2012-04-13 00:00:00
2012-04-14 00:00:00
2012-04-15 00:00:00
2012-04-16 00:00:00
2012-04-17 00:00:00
2012-04-18 00:00:00
2012-04-19 00:00:00
2012-04-20 00:00:00
2012-04-21 00:00:00
2012-04-22 00:00:00
2012-04-23 00:00:00
2012-04-24 00:00:00
2012-04-25 00:00:00
2012-04-26 00:00:00
2012-04-27 00:00:00
2012-04-28 00:00:00
2012-04-29 00:00:00
2012-04-30 00:00:00
2012-05-01 00:00:00
2012-05-02 00:00:00
2012-05-03 00:00:00
2012-05-04 00:00:00
2012-05-05 00:00:00
2012-05-06 00:00:00
2012-05-07 00:00:00
2012-05-08 00:00:00
2012-05-09 00:00:00
2012-05-10 00:00:00
2012-05-11 00:00:00
2012-05-12 00:00:00
2012-05-13 00:00:00
2012-05-14 00:00:00
2012-05-15 00:00:00
2012-05-16 00:00:00
2012-05-17 00:00:00
2012-05-18 00:00:00
2012-05-19 00:00:00
2012-05-20 00:00:00
2012-05-21 00:00:00
2012-05-22 00:00:00
2012-05-23 00:00:00
2012-05-24 00:00:00
2012-05-25 00:00:00
2012-05-26 00:00:00
2012-05-27 00:00:00
2012-05-28 00:00:00
2012-05-29 00:00:00
2012-05-30 00:00:00
2012-05-31 00:00:00
2012-06-01 00:00:00
2012-06-02 00:00:00
2012-06-03 00:00:00
2012-06-04 00:00:00
2012-06-05 00:00:00
2012-06-06 00:00:00
2012-06-07 00:00:00
2012-06-08 00:00:00
2012-06-09 00:00:00
2012-06-10 00:00:00
2012-06-11 00:00:00
2012-06-12 00:00:00
2012-06-13 00:00:00
2012-06-14 00:00:00
2012-06-15 00:00:00
2012-06-16 00:00:00
2012-06-17 00:00:00
2012-06-18 00:00:00
2012-06-19 00:00:00
2012-06-20 00:00:00
2012-06-21 00:00:00
2012-06-22 00:00:00
2012-06-23 00:00:00
2012-06-24 00:00:00
2012-06-25 00:00:00
2012-06-26 00:00:00
2012-06-27 00:00:00
2012-06-28 00:00:00
2012-06-29 00:00:00
2012-06-30 00:00:00
2012-07-01 00:00:00
2012-07-29 00:00:00
2012-07-30 00:00:00
2012-07-31 00:00:00
2012-08-01 00:00:00
2012-08-02 00:00:00
2012-08-03 00:00:00
2012-08-04 00:00:00
2012-08-12 00:00:00
2012-08-13 00:00:00
2012-08-14 00:00:00
2012-08-15 00:00:00
2012-08-16 00:00:00
2012-08-17 00:00:00
2012-08-18 00:00:00
2012-08-19 00:00:00
2012-08-20 00:00:00
2012-08-21 00:00:00
2012-08-22 00:00:00
2012-08-23 00:00:00
2012-08-24 00:00:00
2012-08-25 00:00:00
2012-08-26 00:00:00
2012-08-27 00:00:00
2012-08-28 00:00:00
2012-08-29 00:00:00
2012-08-30 00:00:00
2012-08-31 00:00:00
2012-09-01 00:00:00
2012-09-02 00:00:00
2012-09-03 00:00:00
2012-09-04 00:00:00
2012-09-05 00:00:00
2012-09-06 00:00:00
2012-09-07 00:00:00
2012-09-08 00:00:00
2012-09-09 00:00:00
2012-09-10 00:00:00
2012-09-11 00:00:00
2012-09-12 00:00:00
2012-09-13 00:00:00
2012-09-14 00:00:00
2012-09-15 00:00:00
2012-09-16 00:00:00
2012-09-17 00:00:00
2012-09-18 00:00:00
2012-09-19 00:00:00
2012-09-20 00:00:00
2012-09-21 00:00:00
2012-09-22 00:00:00
2012-09-23 00:00:00
2012-09-24 00:00:00
2012-09-25 00:00:00
2012-09-26 00:00:00
2012-09-27 00:00:00
2012-09-28 00:00:00
2012-09-29 00:00:00
2012-09-30 00:00:00
2012-10-01 00:00:00
2012-10-02 00:00:00
2012-10-03 00:00:00
2012-10-04 00:00:00
2012-10-05 00:00:00
2012-10-06 00:00:00
2012-10-07 00:00:00
2012-10-08 00:00:00
2012-10-09 00:00:00
2012-10-10 00:00:00
2012-10-21 00:00:00
2012-10-22 00:00:00
2012-10-23 00:00:00
2012-10-24 00:00:00
2012-10-25 00:00:00
2012-10-26 00:00:00
2012-10-27 00:00:00
2012-10-28 00:00:00
2012-10-29 00:00:00
2012-10-30 00:00:00
2012-10-31 00:00:00
2012-11-01 00:00:00
2012-11-02 00:00:00
2012-11-03 00:00:00
2012-11-04 00:00:00
2012-11-05 00:00:00
2012-11-06 00:00:00
2012-11-07 00:00:00
2012-11-08 00:00:00
2012-11-09 00:00:00
2012-11-10 00:00:00
2012-11-11 00:00:00
2012-11-12 00:00:00
2012-11-13 00:00:00
2012-11-14 00:00:00
2012-11-15 00:00:00
2012-11-16 00:00:00
2012-11-17 00:00:00
2012-11-18 00:00:00
2012-11-19 00:00:00
2012-11-20 00:00:00
2012-11-21 00:00:00
2012-11-22 00:00:00
2012-11-23 00:00:00
2012-11-24 00:00:00
2012-12-30 00:00:00
2012-12-31 00:00:00
2013-01-01 00:00:00
2013-01-02 00:00:00
2013-01-03 00:00:00
2013-01-04 00:00:00
2013-01-05 00:00:00
2013-01-09 00:00:00
2013-01-10 00:00:00
2013-01-11 00:00:00
2013-01-12 00:00:00
2013-01-13 00:00:00
2013-01-14 00:00:00
2013-01-15 00:00:00
2013-01-16 00:00:00
2013-01-17 00:00:00
2013-01-18 00:00:00
2013-01-19 00:00:00
2013-01-20 00:00:00
2013-01-21 00:00:00
2013-01-22 00:00:00
2013-01-23 00:00:00
2013-02-08 00:00:00
2013-02-09 00:00:00
2013-02-10 00:00:00
2013-02-11 00:00:00
2013-02-12 00:00:00
2013-02-13 00:00:00
2013-02-14 00:00:00
2013-02-15 00:00:00
2013-02-16 00:00:00
2013-02-17 00:00:00
2013-02-18 00:00:00
2013-02-19 00:00:00
2013-02-20 00:00:00
2013-02-21 00:00:00
2013-02-22 00:00:00
2013-02-23 00:00:00
2013-02-24 00:00:00
2013-02-25 00:00:00
2013-02-26 00:00:00
2013-02-27 00:00:00
2013-02-28 00:00:00
2013-03-01 00:00:00
2013-03-02 00:00:00
2013-03-03 00:00:00
2013-03-04 00:00:00
2013-03-05 00:00:00
2013-03-06 00:00:00
2013-03-07 00:00:00
2013-03-08 00:00:00
2013-03-09 00:00:00
2013-03-10 00:00:00
2013-03-11 00:00:00
2013-03-12 00:00:00
2013-03-13 00:00:00
2013-03-14 00:00:00
2013-03-15 00:00:00
2013-03-16 00:00:00
2013-03-17 00:00:00
2013-03-18 00:00:00
2013-03-19 00:00:00
2013-03-20 00:00:00
2013-03-21 00:00:00
2013-03-22 00:00:00
2013-03-23 00:00:00
2013-03-24 00:00:00
2013-03-25 00:00:00
2013-03-26 00:00:00
2013-03-27 00:00:00
2013-03-28 00:00:00
2013-03-29 00:00:00
2013-03-30 00:00:00
2013-03-31 00:00:00
2013-04-01 00:00:00
2013-04-02 00:00:00
2013-04-03 00:00:00
2013-04-04 00:00:00
2013-04-05 00:00:00
2013-04-06 00:00:00
2013-04-07 00:00:00
2013-04-08 00:00:00
2013-04-09 00:00:00
2013-04-10 00:00:00
2013-04-11 00:00:00
2013-04-12 00:00:00
2013-04-13 00:00:00
2013-04-14 00:00:00
2013-04-15 00:00:00
2013-04-16 00:00:00
2013-04-17 00:00:00
2013-04-18 00:00:00
2013-04-19 00:00:00
2013-04-20 00:00:00
2013-04-21 00:00:00
2013-04-22 00:00:00
2013-04-23 00:00:00
2013-04-24 00:00:00
2013-04-25 00:00:00
2013-04-26 00:00:00
2013-04-27 00:00:00
2013-04-28 00:00:00
2013-04-29 00:00:00
2013-04-30 00:00:00
2013-05-01 00:00:00
2013-05-02 00:00:00
2013-05-03 00:00:00
2013-05-04 00:00:00
2013-05-05 00:00:00
2013-05-06 00:00:00
2013-05-07 00:00:00
2013-05-08 00:00:00
2013-05-09 00:00:00
2013-05-10 00:00:00
2013-05-11 00:00:00
2013-05-12 00:00:00
2013-05-13 00:00:00
2013-05-14 00:00:00
2013-05-15 00:00:00
2013-05-16 00:00:00
2013-05-17 00:00:00
2013-05-18 00:00:00
2013-05-24 00:00:00
2013-05-25 00:00:00
2013-05-26 00:00:00
2013-05-27 00:00:00
2013-05-28 00:00:00
2013-05-29 00:00:00
2013-05-30 00:00:00
2013-05-31 00:00:00
2013-06-01 00:00:00
2013-06-02 00:00:00
2013-06-03 00:00:00
2013-06-04 00:00:00
2013-06-05 00:00:00
2013-06-06 00:00:00
2013-06-07 00:00:00
2013-06-09 00:00:00
2013-06-10 00:00:00
2013-06-11 00:00:00
2013-06-12 00:00:00
2013-06-13 00:00:00
2013-06-14 00:00:00
2013-06-15 00:00:00
2013-06-23 00:00:00
2013-06-24 00:00:00
2013-06-25 00:00:00
2013-06-26 00:00:00
2013-06-27 00:00:00
2013-06-28 00:00:00
2013-06-29 00:00:00
2013-06-30 00:00:00
2013-07-01 00:00:00
2013-07-02 00:00:00
2013-07-03 00:00:00
2013-07-04 00:00:00
2013-07-05 00:00:00
2013-07-06 00:00:00
2013-07-07 00:00:00
2013-07-08 00:00:00
2013-07-09 00:00:00
2013-07-10 00:00:00
2013-07-11 00:00:00
2013-07-12 00:00:00
2013-07-13 00:00:00
2013-07-14 00:00:00
2013-07-15 00:00:00
2013-07-16 00:00:00
2013-07-17 00:00:00
2013-07-18 00:00:00
2013-07-19 00:00:00
2013-07-20 00:00:00
2013-07-21 00:00:00
2013-07-22 00:00:00
2013-07-23 00:00:00
2013-07-24 00:00:00
2013-07-25 00:00:00
2013-07-26 00:00:00
2013-07-27 00:00:00
2013-07-28 00:00:00
2013-07-29 00:00:00
2013-07-30 00:00:00
2013-07-31 00:00:00
2013-08-01 00:00:00
2013-08-02 00:00:00
2013-08-03 00:00:00
2013-08-04 00:00:00
2013-08-05 00:00:00
2013-08-06 00:00:00
2013-08-25 00:00:00
2013-08-26 00:00:00
2013-08-27 00:00:00
2013-08-28 00:00:00
2013-08-29 00:00:00
2013-08-30 00:00:00
2013-08-31 00:00:00
2013-09-01 00:00:00
2013-09-02 00:00:00
2013-09-03 00:00:00
2013-09-04 00:00:00
2013-09-05 00:00:00
2013-09-06 00:00:00
2013-09-07 00:00:00
2013-09-08 00:00:00
2013-09-09 00:00:00
2013-09-10 00:00:00
2013-09-11 00:00:00
2013-09-12 00:00:00
2013-09-13 00:00:00
2013-09-14 00:00:00
2013-09-15 00:00:00
2013-09-16 00:00:00
2013-09-17 00:00:00
2013-09-18 00:00:00
2013-09-19 00:00:00
2013-09-20 00:00:00
2013-09-21 00:00:00
2013-09-22 00:00:00
2013-09-23 00:00:00
2013-09-24 00:00:00
2013-09-25 00:00:00
2013-09-26 00:00:00
2013-09-27 00:00:00
2013-09-28 00:00:00
2013-09-29 00:00:00
2013-09-30 00:00:00
2013-10-01 00:00:00
2013-10-02 00:00:00
2013-10-03 00:00:00
2013-10-04 00:00:00
2013-10-05 00:00:00
2013-10-06 00:00:00
2013-10-07 00:00:00
2013-10-08 00:00:00
2013-10-09 00:00:00
2013-10-10 00:00:00
2013-10-11 00:00:00
2013-10-12 00:00:00
2013-10-13 00:00:00
2013-10-14 00:00:00
2013-10-15 00:00:00
2013-10-16 00:00:00
2013-10-17 00:00:00
2013-10-18 00:00:00
2013-10-19 00:00:00
2013-10-20 00:00:00
2013-10-21 00:00:00
2013-10-22 00:00:00
2013-10-23 00:00:00
2013-10-24 00:00:00
2013-10-25 00:00:00
2013-10-26 00:00:00
2013-10-27 00:00:00
2013-10-28 00:00:00
2013-10-29 00:00:00
2013-10-30 00:00:00
2013-10-31 00:00:00
2013-11-01 00:00:00
2013-11-02 00:00:00
2013-11-03 00:00:00
2013-11-04 00:00:00
2013-11-05 00:00:00
2013-11-06 00:00:00
2013-11-07 00:00:00
2013-11-24 00:00:00
2013-11-25 00:00:00
2013-11-26 00:00:00
2013-11-27 00:00:00
2013-11-28 00:00:00
2013-11-29 00:00:00
2013-11-30 00:00:00
2013-12-20 00:00:00
2013-12-21 00:00:00
2013-12-22 00:00:00
2013-12-23 00:00:00
2013-12-24 00:00:00
2013-12-25 00:00:00
2013-12-26 00:00:00
2013-12-27 00:00:00
2013-12-28 00:00:00
2013-12-29 00:00:00
2013-12-30 00:00:00
2013-12-31 00:00:00
2014-01-01 00:00:00
2014-01-02 00:00:00
2014-01-03 00:00:00
2014-01-04 00:00:00
2014-01-05 00:00:00
2014-01-06 00:00:00
2014-01-07 00:00:00
2014-01-08 00:00:00
2014-01-09 00:00:00
2014-01-10 00:00:00
2014-01-11 00:00:00
2014-01-12 00:00:00
2014-01-13 00:00:00
2014-01-14 00:00:00
2014-01-15 00:00:00
2014-01-16 00:00:00
2014-01-17 00:00:00
2014-01-18 00:00:00
2014-01-19 00:00:00
2014-01-20 00:00:00
2014-01-21 00:00:00
2014-01-22 00:00:00
2014-01-23 00:00:00
2014-01-24 00:00:00
2014-01-25 00:00:00
2014-01-26 00:00:00
2014-01-27 00:00:00
2014-01-28 00:00:00
2014-01-29 00:00:00
2014-01-30 00:00:00
2014-01-31 00:00:00
2014-02-01 00:00:00
2014-02-02 00:00:00
2014-02-03 00:00:00
2014-02-04 00:00:00
2014-02-05 00:00:00
2014-02-06 00:00:00
2014-02-07 00:00:00
2014-02-08 00:00:00
2014-02-09 00:00:00
2014-02-10 00:00:00
2014-02-11 00:00:00
2014-02-12 00:00:00
2014-02-13 00:00:00
2014-02-14 00:00:00
2014-02-15 00:00:00
2014-02-16 00:00:00
2014-02-17 00:00:00
2014-02-27 00:00:00
2014-02-28 00:00:00
2014-03-01 00:00:00
2014-03-02 00:00:00
2014-03-03 00:00:00
2014-03-04 00:00:00
2014-03-05 00:00:00
2014-03-06 00:00:00
2014-03-10 00:00:00
2014-03-11 00:00:00
2014-03-12 00:00:00
2014-03-13 00:00:00
2014-03-14 00:00:00
2014-03-15 00:00:00
2014-03-16 00:00:00
2014-03-17 00:00:00
2014-03-18 00:00:00
2014-03-19 00:00:00
2014-03-20 00:00:00
2014-03-21 00:00:00
2014-03-22 00:00:00
2014-03-23 00:00:00
2014-03-31 00:00:00
2014-04-16 00:00:00
2014-04-23 00:00:00
2014-04-24 00:00:00
2014-04-25 00:00:00
2014-04-26 00:00:00
2014-04-27 00:00:00
2014-04-28 00:00:00
2014-05-01 00:00:00
2014-06-29 00:00:00
2014-06-30 00:00:00
2014-07-01 00:00:00
2014-07-02 00:00:00
2014-07-03 00:00:00
2014-07-04 00:00:00
2014-07-05 00:00:00
2014-07-06 00:00:00
2014-07-07 00:00:00
2014-07-08 00:00:00
2014-07-09 00:00:00
2014-07-10 00:00:00
2014-07-11 00:00:00
2014-07-12 00:00:00
2014-07-20 00:00:00
2014-07-21 00:00:00
2014-07-22 00:00:00
2014-07-23 00:00:00
2014-07-24 00:00:00
2014-07-25 00:00:00
2014-07-26 00:00:00
2014-07-27 00:00:00
2014-07-28 00:00:00
2014-07-29 00:00:00
2014-07-30 00:00:00
2014-07-31 00:00:00
2014-08-01 00:00:00
2014-08-02 00:00:00
2014-08-12 00:00:00
2014-08-13 00:00:00
2014-08-14 00:00:00
2014-08-15 00:00:00
2014-08-16 00:00:00
2014-08-17 00:00:00
2014-08-18 00:00:00
2014-08-29 00:00:00
2014-08-30 00:00:00
2014-08-31 00:00:00
2014-09-01 00:00:00
2014-09-08 00:00:00
2014-09-09 00:00:00
2014-09-10 00:00:00
2014-09-28 00:00:00
2014-09-29 00:00:00
2014-09-30 00:00:00
2014-10-01 00:00:00
2014-10-02 00:00:00
2014-10-03 00:00:00
2014-10-04 00:00:00
2014-10-05 00:00:00
2014-10-06 00:00:00
2014-10-07 00:00:00
2014-10-08 00:00:00
2014-10-09 00:00:00
2014-10-10 00:00:00
2014-10-11 00:00:00
2014-10-19 00:00:00
2014-10-20 00:00:00
2014-10-21 00:00:00
2014-10-22 00:00:00
2014-10-23 00:00:00
2014-10-24 00:00:00
2014-10-25 00:00:00
2014-10-26 00:00:00
2014-10-27 00:00:00
2014-10-28 00:00:00
2014-10-29 00:00:00
2014-10-30 00:00:00
2014-10-31 00:00:00
2014-11-01 00:00:00
2014-12-07 00:00:00
2014-12-08 00:00:00
2014-12-09 00:00:00
2014-12-10 00:00:00
2014-12-11 00:00:00
2014-12-12 00:00:00
2014-12-13 00:00:00
2014-12-21 00:00:00
2014-12-22 00:00:00
2014-12-23 00:00:00
2014-12-24 00:00:00
2014-12-25 00:00:00
2014-12-26 00:00:00
2014-12-27 00:00:00
2014-12-28 00:00:00
2014-12-29 00:00:00
2014-12-30 00:00:00
2014-12-31 00:00:00
2015-01-01 00:00:00
2015-01-02 00:00:00
2015-01-03 00:00:00
2015-01-04 00:00:00
2015-01-05 00:00:00
2015-01-06 00:00:00
2015-01-07 00:00:00
2015-01-08 00:00:00
2015-01-09 00:00:00
2015-01-10 00:00:00
2015-02-08 00:00:00
2015-02-09 00:00:00
2015-02-10 00:00:00
2015-02-11 00:00:00
2015-02-12 00:00:00
2015-02-13 00:00:00
2015-02-14 00:00:00
2015-02-17 00:00:00
2015-02-18 00:00:00
2015-02-19 00:00:00
2015-02-20 00:00:00
2015-02-21 00:00:00
2015-02-22 00:00:00
2015-02-23 00:00:00
2015-02-24 00:00:00
2015-02-25 00:00:00
2015-02-26 00:00:00
2015-02-27 00:00:00
2015-02-28 00:00:00
2015-03-01 00:00:00
2015-03-02 00:00:00
2015-03-03 00:00:00
2015-03-04 00:00:00
2015-03-05 00:00:00
2015-03-06 00:00:00
2015-03-07 00:00:00
2015-03-08 00:00:00
2015-03-09 00:00:00
2015-03-10 00:00:00
2015-03-11 00:00:00
2015-04-09 00:00:00
2015-04-10 00:00:00
2015-04-11 00:00:00
2015-04-12 00:00:00
2015-04-13 00:00:00
2015-04-14 00:00:00
2015-04-15 00:00:00
2015-04-16 00:00:00
2015-04-17 00:00:00
2015-04-18 00:00:00
2015-04-19 00:00:00
2015-04-20 00:00:00
2015-04-21 00:00:00
2015-04-22 00:00:00
2015-04-23 00:00:00
2015-04-24 00:00:00
2015-04-25 00:00:00
2015-04-26 00:00:00
2015-04-27 00:00:00
2015-04-28 00:00:00
2015-04-29 00:00:00
2015-04-30 00:00:00
2015-05-01 00:00:00
2015-05-02 00:00:00
2015-05-03 00:00:00
2015-05-04 00:00:00
2015-05-05 00:00:00
2015-05-06 00:00:00
2015-05-07 00:00:00
2015-05-08 00:00:00
2015-05-09 00:00:00
2015-05-10 00:00:00
2015-05-11 00:00:00
2015-05-12 00:00:00
2015-05-13 00:00:00
2015-05-14 00:00:00
2015-05-15 00:00:00
2015-05-16 00:00:00
2015-05-17 00:00:00
2015-05-18 00:00:00
2015-05-19 00:00:00
2015-05-20 00:00:00
2015-05-21 00:00:00
2015-05-22 00:00:00
2015-05-23 00:00:00
2015-05-24 00:00:00
2015-05-25 00:00:00
2015-05-26 00:00:00
2015-05-27 00:00:00
2015-05-28 00:00:00
2015-05-29 00:00:00
2015-05-30 00:00:00
2015-05-31 00:00:00
2015-06-01 00:00:00
2015-06-02 00:00:00
2015-06-03 00:00:00
2015-06-04 00:00:00
2015-06-05 00:00:00
2015-06-06 00:00:00
2015-06-07 00:00:00
2015-06-08 00:00:00
2015-06-09 00:00:00
2015-06-10 00:00:00
2015-06-11 00:00:00
2015-06-12 00:00:00
2015-06-13 00:00:00
2015-06-14 00:00:00
2015-06-15 00:00:00
2015-06-16 00:00:00
2015-06-17 00:00:00
2015-06-18 00:00:00
2015-06-19 00:00:00
2015-06-20 00:00:00
2015-06-21 00:00:00
2015-06-22 00:00:00
2015-06-23 00:00:00
2015-06-24 00:00:00
2015-06-25 00:00:00
2015-06-26 00:00:00
2015-06-27 00:00:00
2015-06-28 00:00:00
2015-06-29 00:00:00
2015-06-30 00:00:00
2015-07-01 00:00:00
2015-07-02 00:00:00
2015-07-03 00:00:00
2015-07-04 00:00:00
2015-07-05 00:00:00
2015-07-06 00:00:00
News Data
Start Date, End Date,News Source,Link,Days,Reason,Comment,Days Reported
2012-12-30,2012-12-27,The Times of India,http://timesofindia.indiatimes.com/india/Onion-prices-80-higher-than-last-year/articleshow/17774280.cms,-3,traders nexus,no,0
2012-12-31,2012-12-27,The Times of India,http://timesofindia.indiatimes.com/india/Onion-prices-80-higher-than-last-year/articleshow/17774280.cms,-4,traders nexus,no,0
2013-01-01,2012-12-27,The Times of India,http://timesofindia.indiatimes.com/india/Onion-prices-80-higher-than-last-year/articleshow/17774280.cms,-5,traders nexus,no,0
2013-01-17,2013-01-22,Business Standard,http://www.business-standard.com/article/markets/onion-prices-up-sharply-on-transport-cost-113012200072_1.html,5,traders nexus,,14
2013-01-18,2013-01-22,Business Standard,http://www.business-standard.com/article/markets/onion-prices-up-sharply-on-transport-cost-113012200072_1.html,4,traders nexus,,14
2013-01-19,2013-01-22,Business Standard,http://www.business-standard.com/article/markets/onion-prices-up-sharply-on-transport-cost-113012200072_1.html,3,traders nexus,,14
2013-01-20,2013-01-22,Business Standard,http://www.business-standard.com/article/markets/onion-prices-up-sharply-on-transport-cost-113012200072_1.html,2,traders nexus,,14
2013-01-21,2013-01-22,Business Standard,http://www.business-standard.com/article/markets/onion-prices-up-sharply-on-transport-cost-113012200072_1.html,1,traders nexus,,14
2013-01-22,2013-01-22,Business Standard,http://www.business-standard.com/article/markets/onion-prices-up-sharply-on-transport-cost-113012200072_1.html,0,traders nexus,,14
2013-01-23,2013-01-22,Business Standard,http://www.business-standard.com/article/markets/onion-prices-up-sharply-on-transport-cost-113012200072_1.html,-1,traders nexus,,14
2013-06-28,2013-07-03,Business Standard,http://www.business-standard.com/article/markets/heavy-crop-damage-in-hilly-states-lifts-onion-potato-prices-113070300796_1.html,5,traders nexus,North India affected basically because of flood,15
2013-06-29,2013-07-03,Business Standard,http://www.business-standard.com/article/markets/heavy-crop-damage-in-hilly-states-lifts-onion-potato-prices-113070300796_1.html,4,traders nexus,North India affected basically because of flood,15
2013-06-30,2013-07-03,Business Standard,http://www.business-standard.com/article/markets/heavy-crop-damage-in-hilly-states-lifts-onion-potato-prices-113070300796_1.html,3,traders nexus,North India affected basically because of flood,15
2013-07-01,2013-07-03,Business Standard,http://www.business-standard.com/article/markets/heavy-crop-damage-in-hilly-states-lifts-onion-potato-prices-113070300796_1.html,2,traders nexus,North India affected basically because of flood,15
2013-07-02,2013-07-03,Business Standard,http://www.business-standard.com/article/markets/heavy-crop-damage-in-hilly-states-lifts-onion-potato-prices-113070300796_1.html,1,traders nexus,North India affected basically because of flood,15
2013-07-03,2013-07-03,Business Standard,http://www.business-standard.com/article/markets/heavy-crop-damage-in-hilly-states-lifts-onion-potato-prices-113070300796_1.html,0,traders nexus,North India affected basically because of flood,15
2013-07-04,2013-07-03,Business Standard,http://www.business-standard.com/article/markets/heavy-crop-damage-in-hilly-states-lifts-onion-potato-prices-113070300796_1.html,-1,traders nexus,North India affected basically because of flood,15
2013-07-05,2013-07-03,Business Standard,http://www.business-standard.com/article/markets/heavy-crop-damage-in-hilly-states-lifts-onion-potato-prices-113070300796_1.html,-2,traders nexus,North India affected basically because of flood,15
2013-07-06,2013-07-03,Business Standard,http://www.business-standard.com/article/markets/heavy-crop-damage-in-hilly-states-lifts-onion-potato-prices-113070300796_1.html,-3,traders nexus,North India affected basically because of flood,15
2013-07-07,2013-07-03,Business Standard,http://www.business-standard.com/article/markets/heavy-crop-damage-in-hilly-states-lifts-onion-potato-prices-113070300796_1.html,-4,traders nexus,North India affected basically because of flood,15
2013-07-08,2013-07-03,Business Standard,http://www.business-standard.com/article/markets/heavy-crop-damage-in-hilly-states-lifts-onion-potato-prices-113070300796_1.html,-5,traders nexus,North India affected basically because of flood,15
2013-07-12,2013-07-17,The Times of India,http://timesofindia.indiatimes.com/business/india-business/Onion-prices-at-two-and-a-half-year-high/articleshow/21125776.cms,5,unseasonal rainfall,no,None
2013-07-13,2013-07-17,The Times of India,http://timesofindia.indiatimes.com/business/india-business/Onion-prices-at-two-and-a-half-year-high/articleshow/21125776.cms,4,unseasonal rainfall,no,None
2013-07-14,2013-07-17,The Times of India,http://timesofindia.indiatimes.com/business/india-business/Onion-prices-at-two-and-a-half-year-high/articleshow/21125776.cms,3,unseasonal rainfall,no,None
2013-07-15,2013-07-17,The Times of India,http://timesofindia.indiatimes.com/business/india-business/Onion-prices-at-two-and-a-half-year-high/articleshow/21125776.cms,2,unseasonal rainfall,no,None
2013-07-16,2013-07-17,The Times of India,http://timesofindia.indiatimes.com/business/india-business/Onion-prices-at-two-and-a-half-year-high/articleshow/21125776.cms,1,unseasonal rainfall,no,None
2013-07-17,2013-07-17,The Times of India,http://timesofindia.indiatimes.com/business/india-business/Onion-prices-at-two-and-a-half-year-high/articleshow/21125776.cms,0,unseasonal rainfall,no,None
2013-07-18,2013-07-17,The Times of India,http://timesofindia.indiatimes.com/business/india-business/Onion-prices-at-two-and-a-half-year-high/articleshow/21125776.cms,-1,unseasonal rainfall,no,None
2013-07-19,2013-07-17,The Times of India,http://timesofindia.indiatimes.com/business/india-business/Onion-prices-at-two-and-a-half-year-high/articleshow/21125776.cms,-2,unseasonal rainfall,no,None
2013-07-20,2013-07-17,The Times of India,http://timesofindia.indiatimes.com/business/india-business/Onion-prices-at-two-and-a-half-year-high/articleshow/21125776.cms,-3,unseasonal rainfall,no,None
2013-07-21,2013-07-17,The Times of India,http://timesofindia.indiatimes.com/business/india-business/Onion-prices-at-two-and-a-half-year-high/articleshow/21125776.cms,-4,unseasonal rainfall,no,None
2013-07-22,2013-07-17,The Times of India,http://timesofindia.indiatimes.com/business/india-business/Onion-prices-at-two-and-a-half-year-high/articleshow/21125776.cms,-5,unseasonal rainfall,no,None
2013-07-23,2013-07-23,The Times of India,http://timesofindia.indiatimes.com/business/india-business/Onion-prices-more-than-double-to-Rs-36-40/kg-in-metros/articleshow/21272374.cms,0,low production,,0
2013-07-24,2013-07-23,The Times of India,http://timesofindia.indiatimes.com/business/india-business/Onion-prices-more-than-double-to-Rs-36-40/kg-in-metros/articleshow/21272374.cms,-1,low production,,0
2013-07-25,2013-07-23,The Times of India,http://timesofindia.indiatimes.com/business/india-business/Onion-prices-more-than-double-to-Rs-36-40/kg-in-metros/articleshow/21272374.cms,-2,low production,,0
2013-07-26,2013-07-23,The Times of India,http://timesofindia.indiatimes.com/business/india-business/Onion-prices-more-than-double-to-Rs-36-40/kg-in-metros/articleshow/21272374.cms,-3,low production,,0
2013-07-27,2013-07-23,The Times of India,http://timesofindia.indiatimes.com/business/india-business/Onion-prices-more-than-double-to-Rs-36-40/kg-in-metros/articleshow/21272374.cms,-4,low production,,0
2013-07-28,2013-07-23,The Times of India,http://timesofindia.indiatimes.com/business/india-business/Onion-prices-more-than-double-to-Rs-36-40/kg-in-metros/articleshow/21272374.cms,-5,low production,,0
2013-08-01,2013-08-06,The Hindu,http://www.thehindu.com/news/cities/Delhi/onion-prices-bring-tears-yet-again/article4995124.ece,5,low production,Even Hoaders are responsible to some extent,0
2013-08-02,2013-08-06,The Hindu,http://www.thehindu.com/news/cities/Delhi/onion-prices-bring-tears-yet-again/article4995124.ece,4,low production,Even Hoaders are responsible to some extent,0
2013-08-03,2013-08-06,The Hindu,http://www.thehindu.com/news/cities/Delhi/onion-prices-bring-tears-yet-again/article4995124.ece,3,low production,Even Hoaders are responsible to some extent,0
2013-08-04,2013-08-06,The Hindu,http://www.thehindu.com/news/cities/Delhi/onion-prices-bring-tears-yet-again/article4995124.ece,2,low production,Even Hoaders are responsible to some extent,0
2013-08-05,2013-08-06,The Hindu,http://www.thehindu.com/news/cities/Delhi/onion-prices-bring-tears-yet-again/article4995124.ece,1,low production,Even Hoaders are responsible to some extent,0
2013-08-06,2013-08-06,The Hindu,http://www.thehindu.com/news/cities/Delhi/onion-prices-bring-tears-yet-again/article4995124.ece,0,low production,Even Hoaders are responsible to some extent,0
2013-08-25,2013-08-21,The Hindu,http://www.thehindu.com/business/Industry/onion-prices-jump-to-rs-80kg-again/article5044776.ece,-4,low supply,Prices hiked again,0
2013-08-26,2013-08-21,The Hindu,http://www.thehindu.com/business/Industry/onion-prices-jump-to-rs-80kg-again/article5044776.ece,-5,low supply,Prices hiked again,0
2013-08-27,2013-08-22,Money Control,http://www.moneycontrol.com/news/economy/onion-prices-shoot-back-to-rs-80kgmany-partsindia_939103.html,-5,not stated,,1
2013-08-29,2013-09-03,NDTV,http://www.ndtv.com/india-news/onion-prices-may-ease-when-south-india-crop-hits-market-government-533474,5,low supply,,0
2013-08-30,2013-09-03,NDTV,http://www.ndtv.com/india-news/onion-prices-may-ease-when-south-india-crop-hits-market-government-533474,4,low supply,,0
2013-08-31,2013-09-03,NDTV,http://www.ndtv.com/india-news/onion-prices-may-ease-when-south-india-crop-hits-market-government-533474,3,low supply,,0
2013-09-01,2013-09-03,NDTV,http://www.ndtv.com/india-news/onion-prices-may-ease-when-south-india-crop-hits-market-government-533474,2,low supply,,0
2013-09-02,2013-09-03,NDTV,http://www.ndtv.com/india-news/onion-prices-may-ease-when-south-india-crop-hits-market-government-533474,1,low supply,,0
2013-09-03,2013-09-03,NDTV,http://www.ndtv.com/india-news/onion-prices-may-ease-when-south-india-crop-hits-market-government-533474,0,low supply,,0
2013-09-04,2013-09-03,NDTV,http://www.ndtv.com/india-news/onion-prices-may-ease-when-south-india-crop-hits-market-government-533474,-1,low supply,,0
2013-09-05,2013-09-03,NDTV,http://www.ndtv.com/india-news/onion-prices-may-ease-when-south-india-crop-hits-market-government-533474,-2,low supply,,0
2013-09-06,2013-09-03,NDTV,http://www.ndtv.com/india-news/onion-prices-may-ease-when-south-india-crop-hits-market-government-533474,-3,low supply,,0
2013-09-07,2013-09-03,NDTV,http://www.ndtv.com/india-news/onion-prices-may-ease-when-south-india-crop-hits-market-government-533474,-4,low supply,,0
2013-09-08,2013-09-03,NDTV,http://www.ndtv.com/india-news/onion-prices-may-ease-when-south-india-crop-hits-market-government-533474,-5,low supply,,0
2013-09-13,2013-09-18,The Times of India,http://timesofindia.indiatimes.com/india/Onion-price-rise-may-be-due-to-hoarding-Centre/articleshow/22672225.cms,5,traders nexus,no,None
2013-09-14,2013-09-18,The Times of India,http://timesofindia.indiatimes.com/india/Onion-price-rise-may-be-due-to-hoarding-Centre/articleshow/22672225.cms,4,traders nexus,no,None
2013-09-15,2013-09-18,The Times of India,http://timesofindia.indiatimes.com/india/Onion-price-rise-may-be-due-to-hoarding-Centre/articleshow/22672225.cms,3,traders nexus,no,None
2013-09-16,2013-09-18,The Times of India,http://timesofindia.indiatimes.com/india/Onion-price-rise-may-be-due-to-hoarding-Centre/articleshow/22672225.cms,2,traders nexus,no,None
2013-09-17,2013-09-18,The Times of India,http://timesofindia.indiatimes.com/india/Onion-price-rise-may-be-due-to-hoarding-Centre/articleshow/22672225.cms,1,traders nexus,no,None
2013-09-18,2013-09-18,The Times of India,http://timesofindia.indiatimes.com/india/Onion-price-rise-may-be-due-to-hoarding-Centre/articleshow/22672225.cms,0,traders nexus,no,None
2013-09-19,2013-09-18,The Times of India,http://timesofindia.indiatimes.com/india/Onion-price-rise-may-be-due-to-hoarding-Centre/articleshow/22672225.cms,-1,traders nexus,no,None
2013-09-20,2013-09-18,The Times of India,http://timesofindia.indiatimes.com/india/Onion-price-rise-may-be-due-to-hoarding-Centre/articleshow/22672225.cms,-2,traders nexus,no,None
2013-09-21,2013-09-18,The Times of India,http://timesofindia.indiatimes.com/india/Onion-price-rise-may-be-due-to-hoarding-Centre/articleshow/22672225.cms,-3,traders nexus,no,None
2013-09-22,2013-09-18,The Times of India,http://timesofindia.indiatimes.com/india/Onion-price-rise-may-be-due-to-hoarding-Centre/articleshow/22672225.cms,-4,traders nexus,no,None
2013-09-23,2013-09-18,The Times of India,http://timesofindia.indiatimes.com/india/Onion-price-rise-may-be-due-to-hoarding-Centre/articleshow/22672225.cms,-5,traders nexus,no,None
2013-10-05,2013-10-10,The Economic Times,http://articles.economictimes.indiatimes.com/2013-10-10/news/42903314_1_export-price-price-rise-onion-prices,5,traders nexus,,0
2013-10-06,2013-10-10,The Economic Times,http://articles.economictimes.indiatimes.com/2013-10-10/news/42903314_1_export-price-price-rise-onion-prices,4,traders nexus,,0
2013-10-07,2013-10-10,The Economic Times,http://articles.economictimes.indiatimes.com/2013-10-10/news/42903314_1_export-price-price-rise-onion-prices,3,traders nexus,,0
2013-10-08,2013-10-10,The Economic Times,http://articles.economictimes.indiatimes.com/2013-10-10/news/42903314_1_export-price-price-rise-onion-prices,2,traders nexus,,0
2013-10-09,2013-10-10,The Economic Times,http://articles.economictimes.indiatimes.com/2013-10-10/news/42903314_1_export-price-price-rise-onion-prices,1,traders nexus,,0
2013-10-10,2013-10-10,The Economic Times,http://articles.economictimes.indiatimes.com/2013-10-10/news/42903314_1_export-price-price-rise-onion-prices,0,traders nexus,,0
2013-10-11,2013-10-10,The Economic Times,http://articles.economictimes.indiatimes.com/2013-10-10/news/42903314_1_export-price-price-rise-onion-prices,-1,traders nexus,,0
2013-10-12,2013-10-10,The Economic Times,http://articles.economictimes.indiatimes.com/2013-10-10/news/42903314_1_export-price-price-rise-onion-prices,-2,traders nexus,,0
2013-10-13,2013-10-10,The Economic Times,http://articles.economictimes.indiatimes.com/2013-10-10/news/42903314_1_export-price-price-rise-onion-prices,-3,traders nexus,,0
2013-10-14,2013-10-10,The Economic Times,http://articles.economictimes.indiatimes.com/2013-10-10/news/42903314_1_export-price-price-rise-onion-prices,-4,traders nexus,,0
2013-10-15,2013-10-10,The Economic Times,http://articles.economictimes.indiatimes.com/2013-10-10/news/42903314_1_export-price-price-rise-onion-prices,-5,traders nexus,,0
2013-10-17,2013-10-22,NDTV,http://profit.ndtv.com/news/cheat-sheet/article-why-onion-prices-are-inching-towards-rs-100-per-kg-370138,5,low supply,,0
2013-10-18,2013-10-22,NDTV,http://profit.ndtv.com/news/cheat-sheet/article-why-onion-prices-are-inching-towards-rs-100-per-kg-370138,4,low supply,,0
2013-10-19,2013-10-22,NDTV,http://profit.ndtv.com/news/cheat-sheet/article-why-onion-prices-are-inching-towards-rs-100-per-kg-370138,3,low supply,,0
2013-10-20,2013-10-22,NDTV,http://profit.ndtv.com/news/cheat-sheet/article-why-onion-prices-are-inching-towards-rs-100-per-kg-370138,2,low supply,,0
2013-10-21,2013-10-22,NDTV,http://profit.ndtv.com/news/cheat-sheet/article-why-onion-prices-are-inching-towards-rs-100-per-kg-370138,1,low supply,,0
2013-10-22,2013-10-22,NDTV,http://profit.ndtv.com/news/cheat-sheet/article-why-onion-prices-are-inching-towards-rs-100-per-kg-370138,0,low supply,,0
2013-10-23,2013-10-22,NDTV,http://profit.ndtv.com/news/cheat-sheet/article-why-onion-prices-are-inching-towards-rs-100-per-kg-370138,-1,low supply,,0
2013-10-24,2013-10-22,NDTV,http://profit.ndtv.com/news/cheat-sheet/article-why-onion-prices-are-inching-towards-rs-100-per-kg-370138,-2,low supply,,0
2013-10-25,2013-10-22,NDTV,http://profit.ndtv.com/news/cheat-sheet/article-why-onion-prices-are-inching-towards-rs-100-per-kg-370138,-3,low supply,,0
2013-10-26,2013-10-22,NDTV,http://profit.ndtv.com/news/cheat-sheet/article-why-onion-prices-are-inching-towards-rs-100-per-kg-370138,-4,low supply,,0
2013-10-27,2013-10-22,NDTV,http://profit.ndtv.com/news/cheat-sheet/article-why-onion-prices-are-inching-towards-rs-100-per-kg-370138,-5,low supply,,0
2013-10-28,2013-10-23,The Economic Times,http://articles.economictimes.indiatimes.com/2013-10-23/news/43326601_1_nafed-tender-onion-crop,-5,traders nexus,no,None
2013-10-29,2013-10-24,The Hindu,http://www.thehindu.com/business/Industry/india-floats-tender-for-import-of-onions/article5264970.ece,-5,traders nexus,,10
2013-10-30,2013-10-25,Money Control,http://www.moneycontrol.com/news/economy/onion-prices-remain-high-at-rs-100kg-crisis-to-continue_976318.html,-5,traders nexus,,7
2013-10-31,2013-10-26,NDTV,http://www.ndtv.com/india-news/chief-ministers-onion-mission-begins-in-assam-538929,-5,Not mentioned,,0
2013-11-01,2013-10-28,DNA,http://www.dnaindia.com/mumbai/report-dna-exclusive-traders-not-farmers-making-the-most-of-soaring-onion-price-1909850,-4,traders nexus,,0
2013-11-02,2013-10-28,DNA,http://www.dnaindia.com/mumbai/report-dna-exclusive-traders-not-farmers-making-the-most-of-soaring-onion-price-1909850,-5,traders nexus,,0
2013-11-03,2013-11-04,The Hindu,http://www.thehindu.com/business/markets/govt-hikes-onion-mep-to-1150-per-tonne-to-check-prices/article5313950.ece,1,low supply,,30
2013-11-04,2013-11-04,The Hindu,http://www.thehindu.com/business/markets/govt-hikes-onion-mep-to-1150-per-tonne-to-check-prices/article5313950.ece,0,low supply,,30
2013-11-05,2013-11-04,The Hindu,http://www.thehindu.com/business/markets/govt-hikes-onion-mep-to-1150-per-tonne-to-check-prices/article5313950.ece,-1,low supply,,30
2013-11-06,2013-11-04,The Hindu,http://www.thehindu.com/business/markets/govt-hikes-onion-mep-to-1150-per-tonne-to-check-prices/article5313950.ece,-2,low supply,,30
2013-11-07,2013-11-04,The Hindu,http://www.thehindu.com/business/markets/govt-hikes-onion-mep-to-1150-per-tonne-to-check-prices/article5313950.ece,-3,low supply,,30
2013-11-24,2013-11-19,First Post,http://www.firstpost.com/politics/onion-tomato-price-hoardings-to-malign-party-cong-writes-to-ec-1238589.html,-5,traders nexus,,0
2013-11-27,2013-12-02,First Post,http://www.firstpost.com/politics/the-onion-trackers-of-delhi-what-sheila-dikshit-should-have-been-watching-1261901.html,5,not stated,,10
2013-11-28,2013-12-02,First Post,http://www.firstpost.com/politics/the-onion-trackers-of-delhi-what-sheila-dikshit-should-have-been-watching-1261901.html,4,not stated,,10
2013-11-29,2013-12-02,First Post,http://www.firstpost.com/politics/the-onion-trackers-of-delhi-what-sheila-dikshit-should-have-been-watching-1261901.html,3,not stated,,10
2013-11-30,2013-12-02,First Post,http://www.firstpost.com/politics/the-onion-trackers-of-delhi-what-sheila-dikshit-should-have-been-watching-1261901.html,2,not stated,,10
2014-06-29,2014-06-30,Money Control,http://www.moneycontrol.com/news/economy/risefood-prices-centre-swings-into-action_1115868.html,1,not stated,no,None
2014-06-30,2014-06-30,Money Control,http://www.moneycontrol.com/news/economy/risefood-prices-centre-swings-into-action_1115868.html,0,not stated,no,None
2014-07-01,2014-06-30,Money Control,http://www.moneycontrol.com/news/economy/risefood-prices-centre-swings-into-action_1115868.html,-1,not stated,no,None
2014-07-02,2014-06-30,Money Control,http://www.moneycontrol.com/news/economy/risefood-prices-centre-swings-into-action_1115868.html,-2,not stated,no,None
2014-07-03,2014-06-30,Money Control,http://www.moneycontrol.com/news/economy/risefood-prices-centre-swings-into-action_1115868.html,-3,not stated,no,None
2014-07-04,2014-06-30,Money Control,http://www.moneycontrol.com/news/economy/risefood-prices-centre-swings-into-action_1115868.html,-4,not stated,no,None
2014-07-05,2014-06-30,Money Control,http://www.moneycontrol.com/news/economy/risefood-prices-centre-swings-into-action_1115868.html,-5,not stated,no,None
2014-07-06,2014-07-01,NDTV,http://www.ndtv.com/cheat-sheet/poor-rainfall-could-cause-drought-like-conditions-in-parts-of-west-india-agriculture-minister-582801,-5,not stated,50% hike,7
2014-07-07,2014-07-02,The Times of India,http://timesofindia.indiatimes.com/business/india-business/Govt-hikes-minimum-export-price-of-onion-to-US-500-per-tonne/articleshow/37630139.cms,-5,prediction of delayed monsoon,no,30
2014-07-08,2014-07-03,The Economic Times,http://articles.economictimes.indiatimes.com/2014-07-03/news/51057542_1_stock-limits-onions-ravi-shankar-prasad,-5,traders nexus,,0
2014-07-09,2014-07-05,NDTV,http://www.ndtv.com/delhi-news/onion-sells-at-rs-40-kg-in-national-capital-region-on-drought-fears-584059,-4,Drought Fears,,0
2014-07-10,2014-07-05,NDTV,http://www.ndtv.com/delhi-news/onion-sells-at-rs-40-kg-in-national-capital-region-on-drought-fears-584059,-5,Drought Fears,,0
2014-07-11,2014-07-13,The Times of India,http://timesofindia.indiatimes.com/india/Govt-to-check-onion-prices-with-imports/articleshow/38282324.cms,2,low production,,30
2014-07-12,2014-07-13,The Times of India,http://timesofindia.indiatimes.com/india/Govt-to-check-onion-prices-with-imports/articleshow/38282324.cms,1,low production,,30
2014-07-20,2014-07-15,First Post,http://www.firstpost.com/india/why-modi-sarkaar-should-ready-itself-for-another-fight-with-inflation-1619551.html,-5,not stated,Title : Why Modi sarkaar should ready itself for another fight with inflation , but stated that onion prices are high as compared to last year,30
2014-07-21,2014-07-17,Business Standard,http://www.business-standard.com/article/economy-policy/price-stabilization-fund-in-agriculture-to-be-used-for-cereals-and-vegetables-114071701051_1.html,-4,not stated,,40
2014-07-22,2014-07-17,Business Standard,http://www.business-standard.com/article/economy-policy/price-stabilization-fund-in-agriculture-to-be-used-for-cereals-and-vegetables-114071701051_1.html,-5,not stated,,40
2015-01-01,2015-01-06,Zee News,http://zeenews.india.com/business/news/economy/vegetable-prices-again-spike-in-delhi-retailers-blame-bad-weather_115654.html,5,bad weather,,2
2015-01-02,2015-01-06,Zee News,http://zeenews.india.com/business/news/economy/vegetable-prices-again-spike-in-delhi-retailers-blame-bad-weather_115654.html,4,bad weather,,2
2015-01-03,2015-01-06,Zee News,http://zeenews.india.com/business/news/economy/vegetable-prices-again-spike-in-delhi-retailers-blame-bad-weather_115654.html,3,bad weather,,2
2015-01-04,2015-01-06,Zee News,http://zeenews.india.com/business/news/economy/vegetable-prices-again-spike-in-delhi-retailers-blame-bad-weather_115654.html,2,bad weather,,2
2015-01-05,2015-01-06,Zee News,http://zeenews.india.com/business/news/economy/vegetable-prices-again-spike-in-delhi-retailers-blame-bad-weather_115654.html,1,bad weather,,2
2015-01-06,2015-01-06,Zee News,http://zeenews.india.com/business/news/economy/vegetable-prices-again-spike-in-delhi-retailers-blame-bad-weather_115654.html,0,bad weather,,2
2015-01-07,2015-01-06,Zee News,http://zeenews.india.com/business/news/economy/vegetable-prices-again-spike-in-delhi-retailers-blame-bad-weather_115654.html,-1,bad weather,,2
2015-01-08,2015-01-06,Zee News,http://zeenews.india.com/business/news/economy/vegetable-prices-again-spike-in-delhi-retailers-blame-bad-weather_115654.html,-2,bad weather,,2
2015-01-09,2015-01-06,Zee News,http://zeenews.india.com/business/news/economy/vegetable-prices-again-spike-in-delhi-retailers-blame-bad-weather_115654.html,-3,bad weather,,2
2015-01-10,2015-01-06,Zee News,http://zeenews.india.com/business/news/economy/vegetable-prices-again-spike-in-delhi-retailers-blame-bad-weather_115654.html,-4,bad weather,,2
2015-06-10,2015-06-15,NDTV,http://profit.ndtv.com/news/economy/article-headline-inflation-771716,5,not stated,20 percent rise as compared to last year,365
2015-06-11,2015-06-15,NDTV,http://profit.ndtv.com/news/economy/article-headline-inflation-771716,4,not stated,20 percent rise as compared to last year,365
2015-06-12,2015-06-15,NDTV,http://profit.ndtv.com/news/economy/article-headline-inflation-771716,3,not stated,20 percent rise as compared to last year,365
2015-06-13,2015-06-15,NDTV,http://profit.ndtv.com/news/economy/article-headline-inflation-771716,2,not stated,20 percent rise as compared to last year,365
2015-06-14,2015-06-15,NDTV,http://profit.ndtv.com/news/economy/article-headline-inflation-771716,1,not stated,20 percent rise as compared to last year,365
2015-06-15,2015-06-15,NDTV,http://profit.ndtv.com/news/economy/article-headline-inflation-771716,0,not stated,20 percent rise as compared to last year,365
2015-06-16,2015-06-15,NDTV,http://profit.ndtv.com/news/economy/article-headline-inflation-771716,-1,not stated,20 percent rise as compared to last year,365
2015-06-17,2015-06-15,NDTV,http://profit.ndtv.com/news/economy/article-headline-inflation-771716,-2,not stated,20 percent rise as compared to last year,365
2015-06-18,2015-06-15,NDTV,http://profit.ndtv.com/news/economy/article-headline-inflation-771716,-3,not stated,20 percent rise as compared to last year,365
2015-06-19,2015-06-15,NDTV,http://profit.ndtv.com/news/economy/article-headline-inflation-771716,-4,not stated,20 percent rise as compared to last year,365
2015-06-20,2015-06-15,NDTV,http://profit.ndtv.com/news/economy/article-headline-inflation-771716,-5,not stated,20 percent rise as compared to last year,365
2015-06-22,2015-06-27,The Times of India,http://timesofindia.indiatimes.com/business/india-business/Govt-raises-minimum-export-price-of-onion-by-175/articleshow/47837967.cms,5,low production,increased by 30 percent in last 3 months,90
2015-06-23,2015-06-27,The Times of India,http://timesofindia.indiatimes.com/business/india-business/Govt-raises-minimum-export-price-of-onion-by-175/articleshow/47837967.cms,4,low production,increased by 30 percent in last 3 months,90
2015-06-24,2015-06-27,The Times of India,http://timesofindia.indiatimes.com/business/india-business/Govt-raises-minimum-export-price-of-onion-by-175/articleshow/47837967.cms,3,low production,increased by 30 percent in last 3 months,90
2015-06-25,2015-06-27,The Times of India,http://timesofindia.indiatimes.com/business/india-business/Govt-raises-minimum-export-price-of-onion-by-175/articleshow/47837967.cms,2,low production,increased by 30 percent in last 3 months,90
2015-06-26,2015-06-27,The Times of India,http://timesofindia.indiatimes.com/business/india-business/Govt-raises-minimum-export-price-of-onion-by-175/articleshow/47837967.cms,1,low production,increased by 30 percent in last 3 months,90
2015-06-27,2015-06-27,The Times of India,http://timesofindia.indiatimes.com/business/india-business/Govt-raises-minimum-export-price-of-onion-by-175/articleshow/47837967.cms,0,low production,increased by 30 percent in last 3 months,90
2015-06-28,2015-06-27,The Times of India,http://timesofindia.indiatimes.com/business/india-business/Govt-raises-minimum-export-price-of-onion-by-175/articleshow/47837967.cms,-1,low production,increased by 30 percent in last 3 months,90
2015-06-29,2015-06-27,The Times of India,http://timesofindia.indiatimes.com/business/india-business/Govt-raises-minimum-export-price-of-onion-by-175/articleshow/47837967.cms,-2,low production,increased by 30 percent in last 3 months,90
2015-06-30,2015-06-27,The Times of India,http://timesofindia.indiatimes.com/business/india-business/Govt-raises-minimum-export-price-of-onion-by-175/articleshow/47837967.cms,-3,low production,increased by 30 percent in last 3 months,90
2015-07-01,2015-06-27,The Times of India,http://timesofindia.indiatimes.com/business/india-business/Govt-raises-minimum-export-price-of-onion-by-175/articleshow/47837967.cms,-4,low production,increased by 30 percent in last 3 months,90
2015-07-02,2015-06-27,The Times of India,http://timesofindia.indiatimes.com/business/india-business/Govt-raises-minimum-export-price-of-onion-by-175/articleshow/47837967.cms,-5,low production,increased by 30 percent in last 3 months,90
2015-07-03,2015-06-28,The Hindu,http://www.thehindu.com/business/govt-mulls-importing-onions-to-control-price-rise/article7363803.ece,-5,low supply,The wholesale price of onion has risen to Rs.16-17 per kg from Rs. 11 per kg in last one month at Lasalgaon in Maharashtra,30
2015-07-04,2015-06-29,Business Standard,http://www.business-standard.com/article/pti-stories/govt-mulls-importing-onions-to-control-price-rise-115062800146_1.html,-5,low production,increased by 50 percent in wholesale as compared to last year,30
(4U5) Result:::
Date
News Data
Start Date, End Date,News Source,Link,Days,Reason,Comment,Days Reported
(1 U 2 U 3) ^ (4 U 5) Result:::
Date
News Data
Start Date, End Date,News Source,Link,Days,Reason,Comment,Days Reported
Retail vs Arrival data
Slope Result:::
Date,Value
2006-12-17 00:00:00,-1.41877846294
2006-12-18 00:00:00,-1.41877846294
2006-12-19 00:00:00,-1.41877846294
2006-12-20 00:00:00,-1.41877846294
2006-12-21 00:00:00,-1.41877846294
2006-12-22 00:00:00,-1.41877846294
2006-12-23 00:00:00,-1.41877846294
2007-01-14 00:00:00,-1.44445275421
2007-01-15 00:00:00,-1.44445275421
2007-01-16 00:00:00,-1.44445275421
2007-01-17 00:00:00,-1.44445275421
2007-01-18 00:00:00,-1.44445275421
2007-01-19 00:00:00,-1.44445275421
2007-01-20 00:00:00,-1.44445275421
2007-01-28 00:00:00,-1.06214453772
2007-01-29 00:00:00,-1.06214453772
2007-01-30 00:00:00,-1.06214453772
2007-01-31 00:00:00,-1.06214453772
2007-02-01 00:00:00,-1.06214453772
2007-02-02 00:00:00,-1.06214453772
2007-02-03 00:00:00,-1.06214453772
2007-03-25 00:00:00,-1.75176368916
2007-03-26 00:00:00,-1.75176368916
2007-03-27 00:00:00,-1.75176368916
2007-03-28 00:00:00,-1.75176368916
2007-03-29 00:00:00,-1.75176368916
2007-03-30 00:00:00,-1.75176368916
2007-03-31 00:00:00,-1.75176368916
2007-05-06 00:00:00,-4.61798294499
2007-05-07 00:00:00,-4.61798294499
2007-05-08 00:00:00,-4.61798294499
2007-05-09 00:00:00,-4.61798294499
2007-05-10 00:00:00,-4.61798294499
2007-05-11 00:00:00,-4.61798294499
2007-05-12 00:00:00,-4.61798294499
2007-08-26 00:00:00,-2.96285818797
2007-08-27 00:00:00,-2.96285818797
2007-08-28 00:00:00,-2.96285818797
2007-08-29 00:00:00,-2.96285818797
2007-08-30 00:00:00,-2.96285818797
2007-08-31 00:00:00,-2.96285818797
2007-09-01 00:00:00,-2.96285818797
2007-10-28 00:00:00,-2.03790214466
2007-10-29 00:00:00,-2.03790214466
2007-10-30 00:00:00,-2.03790214466
2007-10-31 00:00:00,-2.03790214466
2007-11-01 00:00:00,-2.03790214466
2007-11-02 00:00:00,-2.03790214466
2007-11-03 00:00:00,-2.03790214466
2008-02-10 00:00:00,-7.81220969005
2008-02-11 00:00:00,-7.81220969005
2008-02-12 00:00:00,-7.81220969005
2008-02-13 00:00:00,-7.81220969005
2008-02-14 00:00:00,-7.81220969005
2008-02-15 00:00:00,-7.81220969005
2008-02-16 00:00:00,-7.81220969005
2008-03-09 00:00:00,-3.60160235905
2008-03-10 00:00:00,-3.60160235905
2008-03-11 00:00:00,-3.60160235905
2008-03-12 00:00:00,-3.60160235905
2008-03-13 00:00:00,-3.60160235905
2008-03-14 00:00:00,-3.60160235905
2008-03-15 00:00:00,-3.60160235905
2008-03-23 00:00:00,-1.10754195139
2008-03-24 00:00:00,-1.10754195139
2008-03-25 00:00:00,-1.10754195139
2008-03-26 00:00:00,-1.10754195139
2008-03-27 00:00:00,-1.10754195139
2008-03-28 00:00:00,-1.10754195139
2008-03-29 00:00:00,-1.10754195139
2008-03-30 00:00:00,-1.10754195139
2008-03-31 00:00:00,-1.10754195139
2008-04-01 00:00:00,-1.10754195139
2008-04-02 00:00:00,-1.10754195139
2008-04-03 00:00:00,-1.10754195139
2008-04-04 00:00:00,-1.10754195139
2008-04-05 00:00:00,-1.10754195139
2008-04-27 00:00:00,-1.00467772715
2008-04-28 00:00:00,-1.00467772715
2008-04-29 00:00:00,-1.00467772715
2008-04-30 00:00:00,-1.00467772715
2008-05-01 00:00:00,-1.00467772715
2008-05-02 00:00:00,-1.00467772715
2008-05-03 00:00:00,-1.00467772715
2008-06-15 00:00:00,-19.5704843553
2008-06-16 00:00:00,-19.5704843553
2008-06-17 00:00:00,-19.5704843553
2008-06-18 00:00:00,-19.5704843553
2008-06-19 00:00:00,-19.5704843553
2008-06-20 00:00:00,-19.5704843553
2008-06-21 00:00:00,-19.5704843553
2008-07-27 00:00:00,-1.17304600273
2008-07-28 00:00:00,-1.17304600273
2008-07-29 00:00:00,-1.17304600273
2008-07-30 00:00:00,-1.17304600273
2008-07-31 00:00:00,-1.17304600273
2008-08-01 00:00:00,-1.17304600273
2008-08-02 00:00:00,-1.17304600273
2008-08-10 00:00:00,-1.90133555555
2008-08-11 00:00:00,-1.90133555555
2008-08-12 00:00:00,-1.90133555555
2008-08-13 00:00:00,-1.90133555555
2008-08-14 00:00:00,-1.90133555555
2008-08-15 00:00:00,-1.90133555555
2008-08-16 00:00:00,-1.90133555555
2008-11-23 00:00:00,-1.26670137002
2008-11-24 00:00:00,-1.26670137002
2008-11-25 00:00:00,-1.26670137002
2008-11-26 00:00:00,-1.26670137002
2008-11-27 00:00:00,-1.26670137002
2008-11-28 00:00:00,-1.26670137002
2008-11-29 00:00:00,-1.26670137002
2008-11-30 00:00:00,-1.26670137002
2008-12-01 00:00:00,-1.26670137002
2008-12-02 00:00:00,-1.26670137002
2008-12-03 00:00:00,-1.26670137002
2008-12-04 00:00:00,-1.26670137002
2008-12-05 00:00:00,-1.26670137002
2008-12-06 00:00:00,-1.26670137002
2009-02-08 00:00:00,-1.72109353264
2009-02-09 00:00:00,-1.72109353264
2009-02-10 00:00:00,-1.72109353264
2009-02-11 00:00:00,-1.72109353264
2009-02-12 00:00:00,-1.72109353264
2009-02-13 00:00:00,-1.72109353264
2009-02-14 00:00:00,-1.72109353264
2009-04-19 00:00:00,-1.91588443259
2009-04-20 00:00:00,-1.91588443259
2009-04-21 00:00:00,-1.91588443259
2009-04-22 00:00:00,-1.91588443259
2009-04-23 00:00:00,-1.91588443259
2009-04-24 00:00:00,-1.91588443259
2009-04-25 00:00:00,-1.91588443259
2009-05-17 00:00:00,-2.09546324739
2009-05-18 00:00:00,-2.09546324739
2009-05-19 00:00:00,-2.09546324739
2009-05-20 00:00:00,-2.09546324739
2009-05-21 00:00:00,-2.09546324739
2009-05-22 00:00:00,-2.09546324739
2009-05-23 00:00:00,-2.09546324739
2009-05-24 00:00:00,-2.09546324739
2009-05-25 00:00:00,-2.09546324739
2009-05-26 00:00:00,-2.09546324739
2009-05-27 00:00:00,-2.09546324739
2009-05-28 00:00:00,-2.09546324739
2009-05-29 00:00:00,-2.09546324739
2009-05-30 00:00:00,-2.09546324739
2009-06-28 00:00:00,-2.00744353031
2009-06-29 00:00:00,-2.00744353031
2009-06-30 00:00:00,-2.00744353031
2009-07-01 00:00:00,-2.00744353031
2009-07-02 00:00:00,-2.00744353031
2009-07-03 00:00:00,-2.00744353031
2009-07-04 00:00:00,-2.00744353031
2009-08-16 00:00:00,-3.68789081906
2009-08-17 00:00:00,-3.68789081906
2009-08-18 00:00:00,-3.68789081906
2009-08-19 00:00:00,-3.68789081906
2009-08-20 00:00:00,-3.68789081906
2009-08-21 00:00:00,-3.68789081906
2009-08-22 00:00:00,-3.68789081906
2009-08-30 00:00:00,-2.91418244629
2009-08-31 00:00:00,-2.91418244629
2009-09-01 00:00:00,-2.91418244629
2009-09-02 00:00:00,-2.91418244629
2009-09-03 00:00:00,-2.91418244629
2009-09-04 00:00:00,-2.91418244629
2009-09-05 00:00:00,-2.91418244629
2009-10-25 00:00:00,-2.3362293081
2009-10-26 00:00:00,-2.3362293081
2009-10-27 00:00:00,-2.3362293081
2009-10-28 00:00:00,-2.3362293081
2009-10-29 00:00:00,-2.3362293081
2009-10-30 00:00:00,-2.3362293081
2009-10-31 00:00:00,-2.3362293081
2010-03-07 00:00:00,-1.14631051471
2010-03-08 00:00:00,-1.14631051471
2010-03-09 00:00:00,-1.14631051471
2010-03-10 00:00:00,-1.14631051471
2010-03-11 00:00:00,-1.14631051471
2010-03-12 00:00:00,-1.14631051471
2010-03-13 00:00:00,-1.14631051471
2010-04-18 00:00:00,-6.56656351585
2010-04-19 00:00:00,-6.56656351585
2010-04-20 00:00:00,-6.56656351585
2010-04-21 00:00:00,-6.56656351585
2010-04-22 00:00:00,-6.56656351585
2010-04-23 00:00:00,-6.56656351585
2010-04-24 00:00:00,-6.56656351585
2010-05-23 00:00:00,-1.54371197106
2010-05-24 00:00:00,-1.54371197106
2010-05-25 00:00:00,-1.54371197106
2010-05-26 00:00:00,-1.54371197106
2010-05-27 00:00:00,-1.54371197106
2010-05-28 00:00:00,-1.54371197106
2010-05-29 00:00:00,-1.54371197106
2010-08-22 00:00:00,-1.83721114376
2010-08-23 00:00:00,-1.83721114376
2010-08-24 00:00:00,-1.83721114376
2010-08-25 00:00:00,-1.83721114376
2010-08-26 00:00:00,-1.83721114376
2010-08-27 00:00:00,-1.83721114376
2010-08-28 00:00:00,-1.83721114376
2010-09-05 00:00:00,-4.53747539414
2010-09-06 00:00:00,-4.53747539414
2010-09-07 00:00:00,-4.53747539414
2010-09-08 00:00:00,-4.53747539414
2010-09-09 00:00:00,-4.53747539414
2010-09-10 00:00:00,-4.53747539414
2010-09-11 00:00:00,-4.53747539414
2010-09-26 00:00:00,-8.62405782072
2010-09-27 00:00:00,-8.62405782072
2010-09-28 00:00:00,-8.62405782072
2010-09-29 00:00:00,-8.62405782072
2010-09-30 00:00:00,-8.62405782072
2010-10-01 00:00:00,-8.62405782072
2010-10-02 00:00:00,-8.62405782072
2010-12-19 00:00:00,-2.19964623544
2010-12-20 00:00:00,-2.19964623544
2010-12-21 00:00:00,-2.19964623544
2010-12-22 00:00:00,-2.19964623544
2010-12-23 00:00:00,-2.19964623544
2010-12-24 00:00:00,-2.19964623544
2010-12-25 00:00:00,-2.19964623544
2011-01-30 00:00:00,-1.70117499166
2011-01-31 00:00:00,-1.70117499166
2011-02-01 00:00:00,-1.70117499166
2011-02-02 00:00:00,-1.70117499166
2011-02-03 00:00:00,-1.70117499166
2011-02-04 00:00:00,-1.70117499166
2011-02-05 00:00:00,-1.70117499166
2011-02-06 00:00:00,-1.70117499166
2011-02-07 00:00:00,-1.70117499166
2011-02-08 00:00:00,-1.70117499166
2011-02-09 00:00:00,-1.70117499166
2011-02-10 00:00:00,-1.70117499166
2011-02-11 00:00:00,-1.70117499166
2011-02-12 00:00:00,-1.70117499166
2011-02-13 00:00:00,-1.70117499166
2011-02-14 00:00:00,-1.70117499166
2011-02-15 00:00:00,-1.70117499166
2011-02-16 00:00:00,-1.70117499166
2011-02-17 00:00:00,-1.70117499166
2011-02-18 00:00:00,-1.70117499166
2011-02-19 00:00:00,-1.70117499166
2011-02-20 00:00:00,-1.70117499166
2011-02-21 00:00:00,-1.70117499166
2011-02-22 00:00:00,-1.70117499166
2011-02-23 00:00:00,-1.70117499166
2011-02-24 00:00:00,-1.70117499166
2011-02-25 00:00:00,-1.70117499166
2011-02-26 00:00:00,-1.70117499166
2011-03-06 00:00:00,-1.12489570827
2011-03-07 00:00:00,-1.12489570827
2011-03-08 00:00:00,-1.12489570827
2011-03-09 00:00:00,-1.12489570827
2011-03-10 00:00:00,-1.12489570827
2011-03-11 00:00:00,-1.12489570827
2011-03-12 00:00:00,-1.12489570827
2011-03-13 00:00:00,-1.12489570827
2011-03-14 00:00:00,-1.12489570827
2011-03-15 00:00:00,-1.12489570827
2011-03-16 00:00:00,-1.12489570827
2011-03-17 00:00:00,-1.12489570827
2011-03-18 00:00:00,-1.12489570827
2011-03-19 00:00:00,-1.12489570827
2011-04-17 00:00:00,-1.11805175542
2011-04-18 00:00:00,-1.11805175542
2011-04-19 00:00:00,-1.11805175542
2011-04-20 00:00:00,-1.11805175542
2011-04-21 00:00:00,-1.11805175542
2011-04-22 00:00:00,-1.11805175542
2011-04-23 00:00:00,-1.11805175542
2011-05-08 00:00:00,-1.91723674365
2011-05-09 00:00:00,-1.91723674365
2011-05-10 00:00:00,-1.91723674365
2011-05-11 00:00:00,-1.91723674365
2011-05-12 00:00:00,-1.91723674365
2011-05-13 00:00:00,-1.91723674365
2011-05-14 00:00:00,-1.91723674365
2011-06-26 00:00:00,-1.12187402464
2011-06-27 00:00:00,-1.12187402464
2011-06-28 00:00:00,-1.12187402464
2011-06-29 00:00:00,-1.12187402464
2011-06-30 00:00:00,-1.12187402464
2011-07-01 00:00:00,-1.12187402464
2011-07-02 00:00:00,-1.12187402464
2011-07-03 00:00:00,-1.12187402464
2011-07-04 00:00:00,-1.12187402464
2011-07-05 00:00:00,-1.12187402464
2011-07-06 00:00:00,-1.12187402464
2011-07-07 00:00:00,-1.12187402464
2011-07-08 00:00:00,-1.12187402464
2011-07-09 00:00:00,-1.12187402464
2011-08-07 00:00:00,-1.0673496043
2011-08-08 00:00:00,-1.0673496043
2011-08-09 00:00:00,-1.0673496043
2011-08-10 00:00:00,-1.0673496043
2011-08-11 00:00:00,-1.0673496043
2011-08-12 00:00:00,-1.0673496043
2011-08-13 00:00:00,-1.0673496043
2011-08-28 00:00:00,-1.37973938766
2011-08-29 00:00:00,-1.37973938766
2011-08-30 00:00:00,-1.37973938766
2011-08-31 00:00:00,-1.37973938766
2011-09-01 00:00:00,-1.37973938766
2011-09-02 00:00:00,-1.37973938766
2011-09-03 00:00:00,-1.37973938766
2011-10-09 00:00:00,-1.14446572101
2011-10-10 00:00:00,-1.14446572101
2011-10-11 00:00:00,-1.14446572101
2011-10-12 00:00:00,-1.14446572101
2011-10-13 00:00:00,-1.14446572101
2011-10-14 00:00:00,-1.14446572101
2011-10-15 00:00:00,-1.14446572101
2011-11-20 00:00:00,-1.20065848267
2011-11-21 00:00:00,-1.20065848267
2011-11-22 00:00:00,-1.20065848267
2011-11-23 00:00:00,-1.20065848267
2011-11-24 00:00:00,-1.20065848267
2011-11-25 00:00:00,-1.20065848267
2011-11-26 00:00:00,-1.20065848267
2011-11-27 00:00:00,-1.20065848267
2011-11-28 00:00:00,-1.20065848267
2011-11-29 00:00:00,-1.20065848267
2011-11-30 00:00:00,-1.20065848267
2011-12-01 00:00:00,-1.20065848267
2011-12-02 00:00:00,-1.20065848267
2011-12-03 00:00:00,-1.20065848267
2011-12-11 00:00:00,-3.59060467579
2011-12-12 00:00:00,-3.59060467579
2011-12-13 00:00:00,-3.59060467579
2011-12-14 00:00:00,-3.59060467579
2011-12-15 00:00:00,-3.59060467579
2011-12-16 00:00:00,-3.59060467579
2011-12-17 00:00:00,-3.59060467579
2012-03-11 00:00:00,-1.14570419115
2012-03-12 00:00:00,-1.14570419115
2012-03-13 00:00:00,-1.14570419115
2012-03-14 00:00:00,-1.14570419115
2012-03-15 00:00:00,-1.14570419115
2012-03-16 00:00:00,-1.14570419115
2012-03-17 00:00:00,-1.14570419115
2012-04-15 00:00:00,-1.30622379217
2012-04-16 00:00:00,-1.30622379217
2012-04-17 00:00:00,-1.30622379217
2012-04-18 00:00:00,-1.30622379217
2012-04-19 00:00:00,-1.30622379217
2012-04-20 00:00:00,-1.30622379217
2012-04-21 00:00:00,-1.30622379217
2012-04-22 00:00:00,-1.30622379217
2012-04-23 00:00:00,-1.30622379217
2012-04-24 00:00:00,-1.30622379217
2012-04-25 00:00:00,-1.30622379217
2012-04-26 00:00:00,-1.30622379217
2012-04-27 00:00:00,-1.30622379217
2012-04-28 00:00:00,-1.30622379217
2012-04-29 00:00:00,-1.30622379217
2012-04-30 00:00:00,-1.30622379217
2012-05-01 00:00:00,-1.30622379217
2012-05-02 00:00:00,-1.30622379217
2012-05-03 00:00:00,-1.30622379217
2012-05-04 00:00:00,-1.30622379217
2012-05-05 00:00:00,-1.30622379217
2012-06-03 00:00:00,-3.12622402037
2012-06-04 00:00:00,-3.12622402037
2012-06-05 00:00:00,-3.12622402037
2012-06-06 00:00:00,-3.12622402037
2012-06-07 00:00:00,-3.12622402037
2012-06-08 00:00:00,-3.12622402037
2012-06-09 00:00:00,-3.12622402037
2012-07-08 00:00:00,-1.86288801165
2012-07-09 00:00:00,-1.86288801165
2012-07-10 00:00:00,-1.86288801165
2012-07-11 00:00:00,-1.86288801165
2012-07-12 00:00:00,-1.86288801165
2012-07-13 00:00:00,-1.86288801165
2012-07-14 00:00:00,-1.86288801165
2012-08-12 00:00:00,-17.7987514524
2012-08-13 00:00:00,-17.7987514524
2012-08-14 00:00:00,-17.7987514524
2012-08-15 00:00:00,-17.7987514524
2012-08-16 00:00:00,-17.7987514524
2012-08-17 00:00:00,-17.7987514524
2012-08-18 00:00:00,-17.7987514524
2012-09-23 00:00:00,-1.40861694409
2012-09-24 00:00:00,-1.40861694409
2012-09-25 00:00:00,-1.40861694409
2012-09-26 00:00:00,-1.40861694409
2012-09-27 00:00:00,-1.40861694409
2012-09-28 00:00:00,-1.40861694409
2012-09-29 00:00:00,-1.40861694409
2012-10-14 00:00:00,-1.23488781083
2012-10-15 00:00:00,-1.23488781083
2012-10-16 00:00:00,-1.23488781083
2012-10-17 00:00:00,-1.23488781083
2012-10-18 00:00:00,-1.23488781083
2012-10-19 00:00:00,-1.23488781083
2012-10-20 00:00:00,-1.23488781083
2012-10-21 00:00:00,-1.23488781083
2012-10-22 00:00:00,-1.23488781083
2012-10-23 00:00:00,-1.23488781083
2012-10-24 00:00:00,-1.23488781083
2012-10-25 00:00:00,-1.23488781083
2012-10-26 00:00:00,-1.23488781083
2012-10-27 00:00:00,-1.23488781083
2012-10-28 00:00:00,-1.23488781083
2012-10-29 00:00:00,-1.23488781083
2012-10-30 00:00:00,-1.23488781083
2012-10-31 00:00:00,-1.23488781083
2012-11-01 00:00:00,-1.23488781083
2012-11-02 00:00:00,-1.23488781083
2012-11-03 00:00:00,-1.23488781083
2013-04-28 00:00:00,-1.60628090095
2013-04-29 00:00:00,-1.60628090095
2013-04-30 00:00:00,-1.60628090095
2013-05-01 00:00:00,-1.60628090095
2013-05-02 00:00:00,-1.60628090095
2013-05-03 00:00:00,-1.60628090095
2013-05-04 00:00:00,-1.60628090095
2013-05-12 00:00:00,-1.39833396538
2013-05-13 00:00:00,-1.39833396538
2013-05-14 00:00:00,-1.39833396538
2013-05-15 00:00:00,-1.39833396538
2013-05-16 00:00:00,-1.39833396538
2013-05-17 00:00:00,-1.39833396538
2013-05-18 00:00:00,-1.39833396538
2013-06-23 00:00:00,-1.75047115587
2013-06-24 00:00:00,-1.75047115587
2013-06-25 00:00:00,-1.75047115587
2013-06-26 00:00:00,-1.75047115587
2013-06-27 00:00:00,-1.75047115587
2013-06-28 00:00:00,-1.75047115587
2013-06-29 00:00:00,-1.75047115587
2013-06-30 00:00:00,-1.75047115587
2013-07-01 00:00:00,-1.75047115587
2013-07-02 00:00:00,-1.75047115587
2013-07-03 00:00:00,-1.75047115587
2013-07-04 00:00:00,-1.75047115587
2013-07-05 00:00:00,-1.75047115587
2013-07-06 00:00:00,-1.75047115587
2013-07-07 00:00:00,-1.75047115587
2013-07-08 00:00:00,-1.75047115587
2013-07-09 00:00:00,-1.75047115587
2013-07-10 00:00:00,-1.75047115587
2013-07-11 00:00:00,-1.75047115587
2013-07-12 00:00:00,-1.75047115587
2013-07-13 00:00:00,-1.75047115587
2013-07-14 00:00:00,-1.75047115587
2013-07-15 00:00:00,-1.75047115587
2013-07-16 00:00:00,-1.75047115587
2013-07-17 00:00:00,-1.75047115587
2013-07-18 00:00:00,-1.75047115587
2013-07-19 00:00:00,-1.75047115587
2013-07-20 00:00:00,-1.75047115587
2013-07-21 00:00:00,-1.75047115587
2013-07-22 00:00:00,-1.75047115587
2013-07-23 00:00:00,-1.75047115587
2013-07-24 00:00:00,-1.75047115587
2013-07-25 00:00:00,-1.75047115587
2013-07-26 00:00:00,-1.75047115587
2013-07-27 00:00:00,-1.75047115587
2013-07-28 00:00:00,-1.75047115587
2013-07-29 00:00:00,-1.75047115587
2013-07-30 00:00:00,-1.75047115587
2013-07-31 00:00:00,-1.75047115587
2013-08-01 00:00:00,-1.75047115587
2013-08-02 00:00:00,-1.75047115587
2013-08-03 00:00:00,-1.75047115587
2013-08-18 00:00:00,-1.08040015773
2013-08-19 00:00:00,-1.08040015773
2013-08-20 00:00:00,-1.08040015773
2013-08-21 00:00:00,-1.08040015773
2013-08-22 00:00:00,-1.08040015773
2013-08-23 00:00:00,-1.08040015773
2013-08-24 00:00:00,-1.08040015773
2013-09-01 00:00:00,-5.14609100132
2013-09-02 00:00:00,-5.14609100132
2013-09-03 00:00:00,-5.14609100132
2013-09-04 00:00:00,-5.14609100132
2013-09-05 00:00:00,-5.14609100132
2013-09-06 00:00:00,-5.14609100132
2013-09-07 00:00:00,-5.14609100132
2013-10-13 00:00:00,-3.00511285946
2013-10-14 00:00:00,-3.00511285946
2013-10-15 00:00:00,-3.00511285946
2013-10-16 00:00:00,-3.00511285946
2013-10-17 00:00:00,-3.00511285946
2013-10-18 00:00:00,-3.00511285946
2013-10-19 00:00:00,-3.00511285946
2013-10-20 00:00:00,-3.00511285946
2013-10-21 00:00:00,-3.00511285946
2013-10-22 00:00:00,-3.00511285946
2013-10-23 00:00:00,-3.00511285946
2013-10-24 00:00:00,-3.00511285946
2013-10-25 00:00:00,-3.00511285946
2013-10-26 00:00:00,-3.00511285946
2013-12-22 00:00:00,-6.43818712064
2013-12-23 00:00:00,-6.43818712064
2013-12-24 00:00:00,-6.43818712064
2013-12-25 00:00:00,-6.43818712064
2013-12-26 00:00:00,-6.43818712064
2013-12-27 00:00:00,-6.43818712064
2013-12-28 00:00:00,-6.43818712064
2014-03-23 00:00:00,-2.30054845836
2014-03-24 00:00:00,-2.30054845836
2014-03-25 00:00:00,-2.30054845836
2014-03-26 00:00:00,-2.30054845836
2014-03-27 00:00:00,-2.30054845836
2014-03-28 00:00:00,-2.30054845836
2014-03-29 00:00:00,-2.30054845836
2014-05-11 00:00:00,-1.47101542291
2014-05-12 00:00:00,-1.47101542291
2014-05-13 00:00:00,-1.47101542291
2014-05-14 00:00:00,-1.47101542291
2014-05-15 00:00:00,-1.47101542291
2014-05-16 00:00:00,-1.47101542291
2014-05-17 00:00:00,-1.47101542291
2014-05-18 00:00:00,-1.47101542291
2014-05-19 00:00:00,-1.47101542291
2014-05-20 00:00:00,-1.47101542291
2014-05-21 00:00:00,-1.47101542291
2014-05-22 00:00:00,-1.47101542291
2014-05-23 00:00:00,-1.47101542291
2014-05-24 00:00:00,-1.47101542291
2014-06-29 00:00:00,-4.3908781204
2014-06-30 00:00:00,-4.3908781204
2014-07-01 00:00:00,-4.3908781204
2014-07-02 00:00:00,-4.3908781204
2014-07-03 00:00:00,-4.3908781204
2014-07-04 00:00:00,-4.3908781204
2014-07-05 00:00:00,-4.3908781204
2014-07-13 00:00:00,-2.4724532716
2014-07-14 00:00:00,-2.4724532716
2014-07-15 00:00:00,-2.4724532716
2014-07-16 00:00:00,-2.4724532716
2014-07-17 00:00:00,-2.4724532716
2014-07-18 00:00:00,-2.4724532716
2014-07-19 00:00:00,-2.4724532716
2014-11-30 00:00:00,-2.38306695364
2014-12-01 00:00:00,-2.38306695364
2014-12-02 00:00:00,-2.38306695364
2014-12-03 00:00:00,-2.38306695364
2014-12-04 00:00:00,-2.38306695364
2014-12-05 00:00:00,-2.38306695364
2014-12-06 00:00:00,-2.38306695364
News Data
Start Date, End Date,News Source,Link,Days,Reason,Comment,Days Reported
2010-12-19,2010-12-20,The Hindu,http://www.thehindu.com/business/Economy/imported-onion-arrive-from-pakistan/article965607.ece,1,not stated,,0
2010-12-20,2010-12-20,The Hindu,http://www.thehindu.com/business/Economy/imported-onion-arrive-from-pakistan/article965607.ece,0,not stated,,0
2010-12-21,2010-12-20,The Hindu,http://www.thehindu.com/business/Economy/imported-onion-arrive-from-pakistan/article965607.ece,-1,not stated,,0
2010-12-22,2010-12-20,The Hindu,http://www.thehindu.com/business/Economy/imported-onion-arrive-from-pakistan/article965607.ece,-2,not stated,,0
2010-12-23,2010-12-20,The Hindu,http://www.thehindu.com/business/Economy/imported-onion-arrive-from-pakistan/article965607.ece,-3,not stated,,0
2010-12-24,2010-12-20,The Hindu,http://www.thehindu.com/business/Economy/imported-onion-arrive-from-pakistan/article965607.ece,-4,not stated,,0
2010-12-25,2010-12-20,The Hindu,http://www.thehindu.com/business/Economy/imported-onion-arrive-from-pakistan/article965607.ece,-5,not stated,,0
2013-06-28,2013-07-03,Business Standard,http://www.business-standard.com/article/markets/heavy-crop-damage-in-hilly-states-lifts-onion-potato-prices-113070300796_1.html,5,traders nexus,North India affected basically because of flood,15
2013-06-29,2013-07-03,Business Standard,http://www.business-standard.com/article/markets/heavy-crop-damage-in-hilly-states-lifts-onion-potato-prices-113070300796_1.html,4,traders nexus,North India affected basically because of flood,15
2013-06-30,2013-07-03,Business Standard,http://www.business-standard.com/article/markets/heavy-crop-damage-in-hilly-states-lifts-onion-potato-prices-113070300796_1.html,3,traders nexus,North India affected basically because of flood,15
2013-07-01,2013-07-03,Business Standard,http://www.business-standard.com/article/markets/heavy-crop-damage-in-hilly-states-lifts-onion-potato-prices-113070300796_1.html,2,traders nexus,North India affected basically because of flood,15
2013-07-02,2013-07-03,Business Standard,http://www.business-standard.com/article/markets/heavy-crop-damage-in-hilly-states-lifts-onion-potato-prices-113070300796_1.html,1,traders nexus,North India affected basically because of flood,15
2013-07-03,2013-07-03,Business Standard,http://www.business-standard.com/article/markets/heavy-crop-damage-in-hilly-states-lifts-onion-potato-prices-113070300796_1.html,0,traders nexus,North India affected basically because of flood,15
2013-07-04,2013-07-03,Business Standard,http://www.business-standard.com/article/markets/heavy-crop-damage-in-hilly-states-lifts-onion-potato-prices-113070300796_1.html,-1,traders nexus,North India affected basically because of flood,15
2013-07-05,2013-07-03,Business Standard,http://www.business-standard.com/article/markets/heavy-crop-damage-in-hilly-states-lifts-onion-potato-prices-113070300796_1.html,-2,traders nexus,North India affected basically because of flood,15
2013-07-06,2013-07-03,Business Standard,http://www.business-standard.com/article/markets/heavy-crop-damage-in-hilly-states-lifts-onion-potato-prices-113070300796_1.html,-3,traders nexus,North India affected basically because of flood,15
2013-07-07,2013-07-03,Business Standard,http://www.business-standard.com/article/markets/heavy-crop-damage-in-hilly-states-lifts-onion-potato-prices-113070300796_1.html,-4,traders nexus,North India affected basically because of flood,15
2013-07-08,2013-07-03,Business Standard,http://www.business-standard.com/article/markets/heavy-crop-damage-in-hilly-states-lifts-onion-potato-prices-113070300796_1.html,-5,traders nexus,North India affected basically because of flood,15
2013-07-12,2013-07-17,The Times of India,http://timesofindia.indiatimes.com/business/india-business/Onion-prices-at-two-and-a-half-year-high/articleshow/21125776.cms,5,unseasonal rainfall,no,None
2013-07-13,2013-07-17,The Times of India,http://timesofindia.indiatimes.com/business/india-business/Onion-prices-at-two-and-a-half-year-high/articleshow/21125776.cms,4,unseasonal rainfall,no,None
2013-07-14,2013-07-17,The Times of India,http://timesofindia.indiatimes.com/business/india-business/Onion-prices-at-two-and-a-half-year-high/articleshow/21125776.cms,3,unseasonal rainfall,no,None
2013-07-15,2013-07-17,The Times of India,http://timesofindia.indiatimes.com/business/india-business/Onion-prices-at-two-and-a-half-year-high/articleshow/21125776.cms,2,unseasonal rainfall,no,None
2013-07-16,2013-07-17,The Times of India,http://timesofindia.indiatimes.com/business/india-business/Onion-prices-at-two-and-a-half-year-high/articleshow/21125776.cms,1,unseasonal rainfall,no,None
2013-07-17,2013-07-17,The Times of India,http://timesofindia.indiatimes.com/business/india-business/Onion-prices-at-two-and-a-half-year-high/articleshow/21125776.cms,0,unseasonal rainfall,no,None
2013-07-18,2013-07-17,The Times of India,http://timesofindia.indiatimes.com/business/india-business/Onion-prices-at-two-and-a-half-year-high/articleshow/21125776.cms,-1,unseasonal rainfall,no,None
2013-07-19,2013-07-17,The Times of India,http://timesofindia.indiatimes.com/business/india-business/Onion-prices-at-two-and-a-half-year-high/articleshow/21125776.cms,-2,unseasonal rainfall,no,None
2013-07-20,2013-07-17,The Times of India,http://timesofindia.indiatimes.com/business/india-business/Onion-prices-at-two-and-a-half-year-high/articleshow/21125776.cms,-3,unseasonal rainfall,no,None
2013-07-21,2013-07-17,The Times of India,http://timesofindia.indiatimes.com/business/india-business/Onion-prices-at-two-and-a-half-year-high/articleshow/21125776.cms,-4,unseasonal rainfall,no,None
2013-07-22,2013-07-17,The Times of India,http://timesofindia.indiatimes.com/business/india-business/Onion-prices-at-two-and-a-half-year-high/articleshow/21125776.cms,-5,unseasonal rainfall,no,None
2013-07-23,2013-07-23,The Times of India,http://timesofindia.indiatimes.com/business/india-business/Onion-prices-more-than-double-to-Rs-36-40/kg-in-metros/articleshow/21272374.cms,0,low production,,0
2013-07-24,2013-07-23,The Times of India,http://timesofindia.indiatimes.com/business/india-business/Onion-prices-more-than-double-to-Rs-36-40/kg-in-metros/articleshow/21272374.cms,-1,low production,,0
2013-07-25,2013-07-23,The Times of India,http://timesofindia.indiatimes.com/business/india-business/Onion-prices-more-than-double-to-Rs-36-40/kg-in-metros/articleshow/21272374.cms,-2,low production,,0
2013-07-26,2013-07-23,The Times of India,http://timesofindia.indiatimes.com/business/india-business/Onion-prices-more-than-double-to-Rs-36-40/kg-in-metros/articleshow/21272374.cms,-3,low production,,0
2013-07-27,2013-07-23,The Times of India,http://timesofindia.indiatimes.com/business/india-business/Onion-prices-more-than-double-to-Rs-36-40/kg-in-metros/articleshow/21272374.cms,-4,low production,,0
2013-07-28,2013-07-23,The Times of India,http://timesofindia.indiatimes.com/business/india-business/Onion-prices-more-than-double-to-Rs-36-40/kg-in-metros/articleshow/21272374.cms,-5,low production,,0
2013-08-01,2013-08-06,The Hindu,http://www.thehindu.com/news/cities/Delhi/onion-prices-bring-tears-yet-again/article4995124.ece,5,low production,Even Hoaders are responsible to some extent,0
2013-08-02,2013-08-06,The Hindu,http://www.thehindu.com/news/cities/Delhi/onion-prices-bring-tears-yet-again/article4995124.ece,4,low production,Even Hoaders are responsible to some extent,0
2013-08-03,2013-08-06,The Hindu,http://www.thehindu.com/news/cities/Delhi/onion-prices-bring-tears-yet-again/article4995124.ece,3,low production,Even Hoaders are responsible to some extent,0
2013-08-18,2013-08-13,Telegraph,http://www.telegraphindia.com/1130813/jsp/odisha/story_17226115.jsp,-5,low supply,,30
2013-08-19,2013-08-14,The Hindu,http://www.thehindu.com/news/national/cos-meeting-to-wipe-onion-tears/article5019702.ece,-5,low supply,Possiblity of hoarding highlighted clearly,0
2013-08-20,2013-08-17,Zee News,http://zeenews.india.com/news/nation/will-give-onions-as-rakhi-gift-to-my-sisters-yashwant-sinha_869682.html,-3,traders nexus,BJP accuseed to traders, not stated by article author exactly,None
2013-08-21,2013-08-17,Zee News,http://zeenews.india.com/news/nation/will-give-onions-as-rakhi-gift-to-my-sisters-yashwant-sinha_869682.html,-4,traders nexus,BJP accuseed to traders, not stated by article author exactly,None
2013-08-22,2013-08-17,Zee News,http://zeenews.india.com/news/nation/will-give-onions-as-rakhi-gift-to-my-sisters-yashwant-sinha_869682.html,-5,traders nexus,BJP accuseed to traders, not stated by article author exactly,None
2013-08-23,2013-08-21,The Hindu,http://www.thehindu.com/business/Industry/onion-prices-jump-to-rs-80kg-again/article5044776.ece,-2,low supply,Prices hiked again,0
2013-08-24,2013-08-21,The Hindu,http://www.thehindu.com/business/Industry/onion-prices-jump-to-rs-80kg-again/article5044776.ece,-3,low supply,Prices hiked again,0
2013-09-01,2013-09-03,NDTV,http://www.ndtv.com/india-news/onion-prices-may-ease-when-south-india-crop-hits-market-government-533474,2,low supply,,0
2013-09-02,2013-09-03,NDTV,http://www.ndtv.com/india-news/onion-prices-may-ease-when-south-india-crop-hits-market-government-533474,1,low supply,,0
2013-09-03,2013-09-03,NDTV,http://www.ndtv.com/india-news/onion-prices-may-ease-when-south-india-crop-hits-market-government-533474,0,low supply,,0
2013-09-04,2013-09-03,NDTV,http://www.ndtv.com/india-news/onion-prices-may-ease-when-south-india-crop-hits-market-government-533474,-1,low supply,,0
2013-09-05,2013-09-03,NDTV,http://www.ndtv.com/india-news/onion-prices-may-ease-when-south-india-crop-hits-market-government-533474,-2,low supply,,0
2013-09-06,2013-09-03,NDTV,http://www.ndtv.com/india-news/onion-prices-may-ease-when-south-india-crop-hits-market-government-533474,-3,low supply,,0
2013-09-07,2013-09-03,NDTV,http://www.ndtv.com/india-news/onion-prices-may-ease-when-south-india-crop-hits-market-government-533474,-4,low supply,,0
2013-10-13,2013-10-10,The Economic Times,http://articles.economictimes.indiatimes.com/2013-10-10/news/42903314_1_export-price-price-rise-onion-prices,-3,traders nexus,,0
2013-10-14,2013-10-10,The Economic Times,http://articles.economictimes.indiatimes.com/2013-10-10/news/42903314_1_export-price-price-rise-onion-prices,-4,traders nexus,,0
2013-10-15,2013-10-10,The Economic Times,http://articles.economictimes.indiatimes.com/2013-10-10/news/42903314_1_export-price-price-rise-onion-prices,-5,traders nexus,,0
2013-10-17,2013-10-22,NDTV,http://profit.ndtv.com/news/cheat-sheet/article-why-onion-prices-are-inching-towards-rs-100-per-kg-370138,5,low supply,,0
2013-10-18,2013-10-22,NDTV,http://profit.ndtv.com/news/cheat-sheet/article-why-onion-prices-are-inching-towards-rs-100-per-kg-370138,4,low supply,,0
2013-10-19,2013-10-22,NDTV,http://profit.ndtv.com/news/cheat-sheet/article-why-onion-prices-are-inching-towards-rs-100-per-kg-370138,3,low supply,,0
2013-10-20,2013-10-22,NDTV,http://profit.ndtv.com/news/cheat-sheet/article-why-onion-prices-are-inching-towards-rs-100-per-kg-370138,2,low supply,,0
2013-10-21,2013-10-22,NDTV,http://profit.ndtv.com/news/cheat-sheet/article-why-onion-prices-are-inching-towards-rs-100-per-kg-370138,1,low supply,,0
2013-10-22,2013-10-22,NDTV,http://profit.ndtv.com/news/cheat-sheet/article-why-onion-prices-are-inching-towards-rs-100-per-kg-370138,0,low supply,,0
2013-10-23,2013-10-22,NDTV,http://profit.ndtv.com/news/cheat-sheet/article-why-onion-prices-are-inching-towards-rs-100-per-kg-370138,-1,low supply,,0
2013-10-24,2013-10-22,NDTV,http://profit.ndtv.com/news/cheat-sheet/article-why-onion-prices-are-inching-towards-rs-100-per-kg-370138,-2,low supply,,0
2013-10-25,2013-10-22,NDTV,http://profit.ndtv.com/news/cheat-sheet/article-why-onion-prices-are-inching-towards-rs-100-per-kg-370138,-3,low supply,,0
2013-10-26,2013-10-22,NDTV,http://profit.ndtv.com/news/cheat-sheet/article-why-onion-prices-are-inching-towards-rs-100-per-kg-370138,-4,low supply,,0
2014-06-29,2014-06-30,Money Control,http://www.moneycontrol.com/news/economy/risefood-prices-centre-swings-into-action_1115868.html,1,not stated,no,None
2014-06-30,2014-06-30,Money Control,http://www.moneycontrol.com/news/economy/risefood-prices-centre-swings-into-action_1115868.html,0,not stated,no,None
2014-07-01,2014-06-30,Money Control,http://www.moneycontrol.com/news/economy/risefood-prices-centre-swings-into-action_1115868.html,-1,not stated,no,None
2014-07-02,2014-06-30,Money Control,http://www.moneycontrol.com/news/economy/risefood-prices-centre-swings-into-action_1115868.html,-2,not stated,no,None
2014-07-03,2014-06-30,Money Control,http://www.moneycontrol.com/news/economy/risefood-prices-centre-swings-into-action_1115868.html,-3,not stated,no,None
2014-07-04,2014-06-30,Money Control,http://www.moneycontrol.com/news/economy/risefood-prices-centre-swings-into-action_1115868.html,-4,not stated,no,None
2014-07-05,2014-06-30,Money Control,http://www.moneycontrol.com/news/economy/risefood-prices-centre-swings-into-action_1115868.html,-5,not stated,no,None
2014-07-13,2014-07-13,The Times of India,http://timesofindia.indiatimes.com/india/Govt-to-check-onion-prices-with-imports/articleshow/38282324.cms,0,low production,,30
2014-07-14,2014-07-13,The Times of India,http://timesofindia.indiatimes.com/india/Govt-to-check-onion-prices-with-imports/articleshow/38282324.cms,-1,low production,,30
2014-07-15,2014-07-13,The Times of India,http://timesofindia.indiatimes.com/india/Govt-to-check-onion-prices-with-imports/articleshow/38282324.cms,-2,low production,,30
2014-07-16,2014-07-13,The Times of India,http://timesofindia.indiatimes.com/india/Govt-to-check-onion-prices-with-imports/articleshow/38282324.cms,-3,low production,,30
2014-07-17,2014-07-13,The Times of India,http://timesofindia.indiatimes.com/india/Govt-to-check-onion-prices-with-imports/articleshow/38282324.cms,-4,low production,,30
2014-07-18,2014-07-13,The Times of India,http://timesofindia.indiatimes.com/india/Govt-to-check-onion-prices-with-imports/articleshow/38282324.cms,-5,low production,,30
2014-07-19,2014-07-15,First Post,http://www.firstpost.com/india/why-modi-sarkaar-should-ready-itself-for-another-fight-with-inflation-1619551.html,-4,not stated,Title : Why Modi sarkaar should ready itself for another fight with inflation , but stated that onion prices are high as compared to last year,30
Correlation Result:::
Date,Value
2006-01-01 00:00:00,0.781429869496
2006-01-02 00:00:00,0.781429869496
2006-01-03 00:00:00,0.781429869496
2006-01-04 00:00:00,0.781429869496
2006-01-05 00:00:00,0.781429869496
2006-01-06 00:00:00,0.781429869496
2006-01-07 00:00:00,0.781429869496
2006-01-08 00:00:00,0.781429869496
2006-01-09 00:00:00,0.781429869496
2006-01-10 00:00:00,0.781429869496
2006-01-11 00:00:00,0.781429869496
2006-01-12 00:00:00,0.781429869496
2006-01-13 00:00:00,0.781429869496
2006-01-14 00:00:00,0.781429869496
2006-01-15 00:00:00,0.781429869496
2006-01-31 00:00:00,0.579256482512
2006-02-01 00:00:00,0.579256482512
2006-02-02 00:00:00,0.579256482512
2006-02-03 00:00:00,0.579256482512
2006-02-04 00:00:00,0.579256482512
2006-02-05 00:00:00,0.579256482512
2006-02-06 00:00:00,0.579256482512
2006-02-07 00:00:00,0.579256482512
2006-02-08 00:00:00,0.579256482512
2006-02-09 00:00:00,0.579256482512
2006-02-10 00:00:00,0.579256482512
2006-02-11 00:00:00,0.579256482512
2006-02-12 00:00:00,0.579256482512
2006-02-13 00:00:00,0.579256482512
2006-02-14 00:00:00,0.579256482512
2006-03-02 00:00:00,0.802248722101
2006-03-03 00:00:00,0.802248722101
2006-03-04 00:00:00,0.802248722101
2006-03-05 00:00:00,0.802248722101
2006-03-06 00:00:00,0.802248722101
2006-03-07 00:00:00,0.802248722101
2006-03-08 00:00:00,0.802248722101
2006-03-09 00:00:00,0.802248722101
2006-03-10 00:00:00,0.802248722101
2006-03-11 00:00:00,0.802248722101
2006-03-12 00:00:00,0.802248722101
2006-03-13 00:00:00,0.802248722101
2006-03-14 00:00:00,0.802248722101
2006-03-15 00:00:00,0.802248722101
2006-03-16 00:00:00,0.802248722101
2006-03-17 00:00:00,0.802248722101
2006-03-18 00:00:00,0.802248722101
2006-03-19 00:00:00,0.802248722101
2006-03-20 00:00:00,0.802248722101
2006-03-21 00:00:00,0.802248722101
2006-03-22 00:00:00,0.802248722101
2006-03-23 00:00:00,0.802248722101
2006-03-24 00:00:00,0.802248722101
2006-03-25 00:00:00,0.802248722101
2006-03-26 00:00:00,0.802248722101
2006-03-27 00:00:00,0.802248722101
2006-03-28 00:00:00,0.802248722101
2006-03-29 00:00:00,0.802248722101
2006-03-30 00:00:00,0.802248722101
2006-03-31 00:00:00,0.802248722101
2006-05-16 00:00:00,0.634026574931
2006-05-17 00:00:00,0.634026574931
2006-05-18 00:00:00,0.634026574931
2006-05-19 00:00:00,0.634026574931
2006-05-20 00:00:00,0.634026574931
2006-05-21 00:00:00,0.634026574931
2006-05-22 00:00:00,0.634026574931
2006-05-23 00:00:00,0.634026574931
2006-05-24 00:00:00,0.634026574931
2006-05-25 00:00:00,0.634026574931
2006-05-26 00:00:00,0.634026574931
2006-05-27 00:00:00,0.634026574931
2006-05-28 00:00:00,0.634026574931
2006-05-29 00:00:00,0.634026574931
2006-05-30 00:00:00,0.634026574931
2006-07-30 00:00:00,0.554104401467
2006-07-31 00:00:00,0.554104401467
2006-08-01 00:00:00,0.554104401467
2006-08-02 00:00:00,0.554104401467
2006-08-03 00:00:00,0.554104401467
2006-08-04 00:00:00,0.554104401467
2006-08-05 00:00:00,0.554104401467
2006-08-06 00:00:00,0.554104401467
2006-08-07 00:00:00,0.554104401467
2006-08-08 00:00:00,0.554104401467
2006-08-09 00:00:00,0.554104401467
2006-08-10 00:00:00,0.554104401467
2006-08-11 00:00:00,0.554104401467
2006-08-12 00:00:00,0.554104401467
2006-08-13 00:00:00,0.554104401467
2006-08-29 00:00:00,0.828969145338
2006-08-30 00:00:00,0.828969145338
2006-08-31 00:00:00,0.828969145338
2006-09-01 00:00:00,0.828969145338
2006-09-02 00:00:00,0.828969145338
2006-09-03 00:00:00,0.828969145338
2006-09-04 00:00:00,0.828969145338
2006-09-05 00:00:00,0.828969145338
2006-09-06 00:00:00,0.828969145338
2006-09-07 00:00:00,0.828969145338
2006-09-08 00:00:00,0.828969145338
2006-09-09 00:00:00,0.828969145338
2006-09-10 00:00:00,0.828969145338
2006-09-11 00:00:00,0.828969145338
2006-09-12 00:00:00,0.828969145338
2006-09-13 00:00:00,0.828969145338
2006-09-14 00:00:00,0.828969145338
2006-09-15 00:00:00,0.828969145338
2006-09-16 00:00:00,0.828969145338
2006-09-17 00:00:00,0.828969145338
2006-09-18 00:00:00,0.828969145338
2006-09-19 00:00:00,0.828969145338
2006-09-20 00:00:00,0.828969145338
2006-09-21 00:00:00,0.828969145338
2006-09-22 00:00:00,0.828969145338
2006-09-23 00:00:00,0.828969145338
2006-09-24 00:00:00,0.828969145338
2006-09-25 00:00:00,0.828969145338
2006-09-26 00:00:00,0.828969145338
2006-09-27 00:00:00,0.828969145338
2006-10-13 00:00:00,0.652504973615
2006-10-14 00:00:00,0.652504973615
2006-10-15 00:00:00,0.652504973615
2006-10-16 00:00:00,0.652504973615
2006-10-17 00:00:00,0.652504973615
2006-10-18 00:00:00,0.652504973615
2006-10-19 00:00:00,0.652504973615
2006-10-20 00:00:00,0.652504973615
2006-10-21 00:00:00,0.652504973615
2006-10-22 00:00:00,0.652504973615
2006-10-23 00:00:00,0.652504973615
2006-10-24 00:00:00,0.652504973615
2006-10-25 00:00:00,0.652504973615
2006-10-26 00:00:00,0.652504973615
2006-10-27 00:00:00,0.652504973615
2007-01-26 00:00:00,0.695412732179
2007-01-27 00:00:00,0.695412732179
2007-01-28 00:00:00,0.695412732179
2007-01-29 00:00:00,0.695412732179
2007-01-30 00:00:00,0.695412732179
2007-01-31 00:00:00,0.695412732179
2007-02-01 00:00:00,0.695412732179
2007-02-02 00:00:00,0.695412732179
2007-02-03 00:00:00,0.695412732179
2007-02-04 00:00:00,0.695412732179
2007-02-05 00:00:00,0.695412732179
2007-02-06 00:00:00,0.695412732179
2007-02-07 00:00:00,0.695412732179
2007-02-08 00:00:00,0.695412732179
2007-02-09 00:00:00,0.695412732179
2007-02-10 00:00:00,0.695412732179
2007-02-11 00:00:00,0.695412732179
2007-02-12 00:00:00,0.695412732179
2007-02-13 00:00:00,0.695412732179
2007-02-14 00:00:00,0.695412732179
2007-02-15 00:00:00,0.695412732179
2007-02-16 00:00:00,0.695412732179
2007-02-17 00:00:00,0.695412732179
2007-02-18 00:00:00,0.695412732179
2007-02-19 00:00:00,0.695412732179
2007-02-20 00:00:00,0.695412732179
2007-02-21 00:00:00,0.695412732179
2007-02-22 00:00:00,0.695412732179
2007-02-23 00:00:00,0.695412732179
2007-02-24 00:00:00,0.695412732179
2007-03-27 00:00:00,0.881073126119
2007-03-28 00:00:00,0.881073126119
2007-03-29 00:00:00,0.881073126119
2007-03-30 00:00:00,0.881073126119
2007-03-31 00:00:00,0.881073126119
2007-04-01 00:00:00,0.881073126119
2007-04-02 00:00:00,0.881073126119
2007-04-03 00:00:00,0.881073126119
2007-04-04 00:00:00,0.881073126119
2007-04-05 00:00:00,0.881073126119
2007-04-06 00:00:00,0.881073126119
2007-04-07 00:00:00,0.881073126119
2007-04-08 00:00:00,0.881073126119
2007-04-09 00:00:00,0.881073126119
2007-04-10 00:00:00,0.881073126119
2007-05-11 00:00:00,0.543459542499
2007-05-12 00:00:00,0.543459542499
2007-05-13 00:00:00,0.543459542499
2007-05-14 00:00:00,0.543459542499
2007-05-15 00:00:00,0.543459542499
2007-05-16 00:00:00,0.543459542499
2007-05-17 00:00:00,0.543459542499
2007-05-18 00:00:00,0.543459542499
2007-05-19 00:00:00,0.543459542499
2007-05-20 00:00:00,0.543459542499
2007-05-21 00:00:00,0.543459542499
2007-05-22 00:00:00,0.543459542499
2007-05-23 00:00:00,0.543459542499
2007-05-24 00:00:00,0.543459542499
2007-05-25 00:00:00,0.543459542499
2007-06-10 00:00:00,0.883224308119
2007-06-11 00:00:00,0.883224308119
2007-06-12 00:00:00,0.883224308119
2007-06-13 00:00:00,0.883224308119
2007-06-14 00:00:00,0.883224308119
2007-06-15 00:00:00,0.883224308119
2007-06-16 00:00:00,0.883224308119
2007-06-17 00:00:00,0.883224308119
2007-06-18 00:00:00,0.883224308119
2007-06-19 00:00:00,0.883224308119
2007-06-20 00:00:00,0.883224308119
2007-06-21 00:00:00,0.883224308119
2007-06-22 00:00:00,0.883224308119
2007-06-23 00:00:00,0.883224308119
2007-06-24 00:00:00,0.883224308119
2007-06-25 00:00:00,0.883224308119
2007-06-26 00:00:00,0.883224308119
2007-06-27 00:00:00,0.883224308119
2007-06-28 00:00:00,0.883224308119
2007-06-29 00:00:00,0.883224308119
2007-06-30 00:00:00,0.883224308119
2007-07-01 00:00:00,0.883224308119
2007-07-02 00:00:00,0.883224308119
2007-07-03 00:00:00,0.883224308119
2007-07-04 00:00:00,0.883224308119
2007-07-05 00:00:00,0.883224308119
2007-07-06 00:00:00,0.883224308119
2007-07-07 00:00:00,0.883224308119
2007-07-08 00:00:00,0.883224308119
2007-07-09 00:00:00,0.883224308119
2007-08-09 00:00:00,0.772245552636
2007-08-10 00:00:00,0.772245552636
2007-08-11 00:00:00,0.772245552636
2007-08-12 00:00:00,0.772245552636
2007-08-13 00:00:00,0.772245552636
2007-08-14 00:00:00,0.772245552636
2007-08-15 00:00:00,0.772245552636
2007-08-16 00:00:00,0.772245552636
2007-08-17 00:00:00,0.772245552636
2007-08-18 00:00:00,0.772245552636
2007-08-19 00:00:00,0.772245552636
2007-08-20 00:00:00,0.772245552636
2007-08-21 00:00:00,0.772245552636
2007-08-22 00:00:00,0.772245552636
2007-08-23 00:00:00,0.772245552636
2007-09-23 00:00:00,0.815273462732
2007-09-24 00:00:00,0.815273462732
2007-09-25 00:00:00,0.815273462732
2007-09-26 00:00:00,0.815273462732
2007-09-27 00:00:00,0.815273462732
2007-09-28 00:00:00,0.815273462732
2007-09-29 00:00:00,0.815273462732
2007-09-30 00:00:00,0.815273462732
2007-10-01 00:00:00,0.815273462732
2007-10-02 00:00:00,0.815273462732
2007-10-03 00:00:00,0.815273462732
2007-10-04 00:00:00,0.815273462732
2007-10-05 00:00:00,0.815273462732
2007-10-06 00:00:00,0.815273462732
2007-10-07 00:00:00,0.815273462732
2007-10-23 00:00:00,0.797099011296
2007-10-24 00:00:00,0.797099011296
2007-10-25 00:00:00,0.797099011296
2007-10-26 00:00:00,0.797099011296
2007-10-27 00:00:00,0.797099011296
2007-10-28 00:00:00,0.797099011296
2007-10-29 00:00:00,0.797099011296
2007-10-30 00:00:00,0.797099011296
2007-10-31 00:00:00,0.797099011296
2007-11-01 00:00:00,0.797099011296
2007-11-02 00:00:00,0.797099011296
2007-11-03 00:00:00,0.797099011296
2007-11-04 00:00:00,0.797099011296
2007-11-05 00:00:00,0.797099011296
2007-11-06 00:00:00,0.797099011296
2007-11-22 00:00:00,0.894775931814
2007-11-23 00:00:00,0.894775931814
2007-11-24 00:00:00,0.894775931814
2007-11-25 00:00:00,0.894775931814
2007-11-26 00:00:00,0.894775931814
2007-11-27 00:00:00,0.894775931814
2007-11-28 00:00:00,0.894775931814
2007-11-29 00:00:00,0.894775931814
2007-11-30 00:00:00,0.894775931814
2007-12-01 00:00:00,0.894775931814
2007-12-02 00:00:00,0.894775931814
2007-12-03 00:00:00,0.894775931814
2007-12-04 00:00:00,0.894775931814
2007-12-05 00:00:00,0.894775931814
2007-12-06 00:00:00,0.894775931814
2007-12-22 00:00:00,0.590420766284
2007-12-23 00:00:00,0.590420766284
2007-12-24 00:00:00,0.590420766284
2007-12-25 00:00:00,0.590420766284
2007-12-26 00:00:00,0.590420766284
2007-12-27 00:00:00,0.590420766284
2007-12-28 00:00:00,0.590420766284
2007-12-29 00:00:00,0.590420766284
2007-12-30 00:00:00,0.590420766284
2007-12-31 00:00:00,0.590420766284
2008-01-01 00:00:00,0.590420766284
2008-01-02 00:00:00,0.590420766284
2008-01-03 00:00:00,0.590420766284
2008-01-04 00:00:00,0.590420766284
2008-01-05 00:00:00,0.590420766284
2008-01-21 00:00:00,0.603948036578
2008-01-22 00:00:00,0.603948036578
2008-01-23 00:00:00,0.603948036578
2008-01-24 00:00:00,0.603948036578
2008-01-25 00:00:00,0.603948036578
2008-01-26 00:00:00,0.603948036578
2008-01-27 00:00:00,0.603948036578
2008-01-28 00:00:00,0.603948036578
2008-01-29 00:00:00,0.603948036578
2008-01-30 00:00:00,0.603948036578
2008-01-31 00:00:00,0.603948036578
2008-02-01 00:00:00,0.603948036578
2008-02-02 00:00:00,0.603948036578
2008-02-03 00:00:00,0.603948036578
2008-02-04 00:00:00,0.603948036578
2008-02-20 00:00:00,0.529857299683
2008-02-21 00:00:00,0.529857299683
2008-02-22 00:00:00,0.529857299683
2008-02-23 00:00:00,0.529857299683
2008-02-24 00:00:00,0.529857299683
2008-02-25 00:00:00,0.529857299683
2008-02-26 00:00:00,0.529857299683
2008-02-27 00:00:00,0.529857299683
2008-02-28 00:00:00,0.529857299683
2008-02-29 00:00:00,0.529857299683
2008-03-01 00:00:00,0.529857299683
2008-03-02 00:00:00,0.529857299683
2008-03-03 00:00:00,0.529857299683
2008-03-04 00:00:00,0.529857299683
2008-03-05 00:00:00,0.529857299683
2008-05-20 00:00:00,0.927644040315
2008-05-21 00:00:00,0.927644040315
2008-05-22 00:00:00,0.927644040315
2008-05-23 00:00:00,0.927644040315
2008-05-24 00:00:00,0.927644040315
2008-05-25 00:00:00,0.927644040315
2008-05-26 00:00:00,0.927644040315
2008-05-27 00:00:00,0.927644040315
2008-05-28 00:00:00,0.927644040315
2008-05-29 00:00:00,0.927644040315
2008-05-30 00:00:00,0.927644040315
2008-05-31 00:00:00,0.927644040315
2008-06-01 00:00:00,0.927644040315
2008-06-02 00:00:00,0.927644040315
2008-06-03 00:00:00,0.927644040315
2008-06-04 00:00:00,0.927644040315
2008-06-05 00:00:00,0.927644040315
2008-06-06 00:00:00,0.927644040315
2008-06-07 00:00:00,0.927644040315
2008-06-08 00:00:00,0.927644040315
2008-06-09 00:00:00,0.927644040315
2008-06-10 00:00:00,0.927644040315
2008-06-11 00:00:00,0.927644040315
2008-06-12 00:00:00,0.927644040315
2008-06-13 00:00:00,0.927644040315
2008-06-14 00:00:00,0.927644040315
2008-06-15 00:00:00,0.927644040315
2008-06-16 00:00:00,0.927644040315
2008-06-17 00:00:00,0.927644040315
2008-06-18 00:00:00,0.927644040315
2008-06-19 00:00:00,0.927644040315
2008-06-20 00:00:00,0.927644040315
2008-06-21 00:00:00,0.927644040315
2008-06-22 00:00:00,0.927644040315
2008-06-23 00:00:00,0.927644040315
2008-06-24 00:00:00,0.927644040315
2008-06-25 00:00:00,0.927644040315
2008-06-26 00:00:00,0.927644040315
2008-06-27 00:00:00,0.927644040315
2008-06-28 00:00:00,0.927644040315
2008-06-29 00:00:00,0.927644040315
2008-06-30 00:00:00,0.927644040315
2008-07-01 00:00:00,0.927644040315
2008-07-02 00:00:00,0.927644040315
2008-07-03 00:00:00,0.927644040315
2008-07-04 00:00:00,0.927644040315
2008-07-05 00:00:00,0.927644040315
2008-07-06 00:00:00,0.927644040315
2008-07-07 00:00:00,0.927644040315
2008-07-08 00:00:00,0.927644040315
2008-07-09 00:00:00,0.927644040315
2008-07-10 00:00:00,0.927644040315
2008-07-11 00:00:00,0.927644040315
2008-07-12 00:00:00,0.927644040315
2008-07-13 00:00:00,0.927644040315
2008-07-14 00:00:00,0.927644040315
2008-07-15 00:00:00,0.927644040315
2008-07-16 00:00:00,0.927644040315
2008-07-17 00:00:00,0.927644040315
2008-07-18 00:00:00,0.927644040315
2008-09-17 00:00:00,0.825796026512
2008-09-18 00:00:00,0.825796026512
2008-09-19 00:00:00,0.825796026512
2008-09-20 00:00:00,0.825796026512
2008-09-21 00:00:00,0.825796026512
2008-09-22 00:00:00,0.825796026512
2008-09-23 00:00:00,0.825796026512
2008-09-24 00:00:00,0.825796026512
2008-09-25 00:00:00,0.825796026512
2008-09-26 00:00:00,0.825796026512
2008-09-27 00:00:00,0.825796026512
2008-09-28 00:00:00,0.825796026512
2008-09-29 00:00:00,0.825796026512
2008-09-30 00:00:00,0.825796026512
2008-10-01 00:00:00,0.825796026512
2008-10-02 00:00:00,0.825796026512
2008-10-03 00:00:00,0.825796026512
2008-10-04 00:00:00,0.825796026512
2008-10-05 00:00:00,0.825796026512
2008-10-06 00:00:00,0.825796026512
2008-10-07 00:00:00,0.825796026512
2008-10-08 00:00:00,0.825796026512
2008-10-09 00:00:00,0.825796026512
2008-10-10 00:00:00,0.825796026512
2008-10-11 00:00:00,0.825796026512
2008-10-12 00:00:00,0.825796026512
2008-10-13 00:00:00,0.825796026512
2008-10-14 00:00:00,0.825796026512
2008-10-15 00:00:00,0.825796026512
2008-10-16 00:00:00,0.825796026512
2008-11-01 00:00:00,0.515613794267
2008-11-02 00:00:00,0.515613794267
2008-11-03 00:00:00,0.515613794267
2008-11-04 00:00:00,0.515613794267
2008-11-05 00:00:00,0.515613794267
2008-11-06 00:00:00,0.515613794267
2008-11-07 00:00:00,0.515613794267
2008-11-08 00:00:00,0.515613794267
2008-11-09 00:00:00,0.515613794267
2008-11-10 00:00:00,0.515613794267
2008-11-11 00:00:00,0.515613794267
2008-11-12 00:00:00,0.515613794267
2008-11-13 00:00:00,0.515613794267
2008-11-14 00:00:00,0.515613794267
2008-11-15 00:00:00,0.515613794267
2008-12-16 00:00:00,0.819259990668
2008-12-17 00:00:00,0.819259990668
2008-12-18 00:00:00,0.819259990668
2008-12-19 00:00:00,0.819259990668
2008-12-20 00:00:00,0.819259990668
2008-12-21 00:00:00,0.819259990668
2008-12-22 00:00:00,0.819259990668
2008-12-23 00:00:00,0.819259990668
2008-12-24 00:00:00,0.819259990668
2008-12-25 00:00:00,0.819259990668
2008-12-26 00:00:00,0.819259990668
2008-12-27 00:00:00,0.819259990668
2008-12-28 00:00:00,0.819259990668
2008-12-29 00:00:00,0.819259990668
2008-12-30 00:00:00,0.819259990668
2008-12-31 00:00:00,0.819259990668
2009-01-01 00:00:00,0.819259990668
2009-01-02 00:00:00,0.819259990668
2009-01-03 00:00:00,0.819259990668
2009-01-04 00:00:00,0.819259990668
2009-01-05 00:00:00,0.819259990668
2009-01-06 00:00:00,0.819259990668
2009-01-07 00:00:00,0.819259990668
2009-01-08 00:00:00,0.819259990668
2009-01-09 00:00:00,0.819259990668
2009-01-10 00:00:00,0.819259990668
2009-01-11 00:00:00,0.819259990668
2009-01-12 00:00:00,0.819259990668
2009-01-13 00:00:00,0.819259990668
2009-01-14 00:00:00,0.819259990668
2009-03-31 00:00:00,0.708018061538
2009-04-01 00:00:00,0.708018061538
2009-04-02 00:00:00,0.708018061538
2009-04-03 00:00:00,0.708018061538
2009-04-04 00:00:00,0.708018061538
2009-04-05 00:00:00,0.708018061538
2009-04-06 00:00:00,0.708018061538
2009-04-07 00:00:00,0.708018061538
2009-04-08 00:00:00,0.708018061538
2009-04-09 00:00:00,0.708018061538
2009-04-10 00:00:00,0.708018061538
2009-04-11 00:00:00,0.708018061538
2009-04-12 00:00:00,0.708018061538
2009-04-13 00:00:00,0.708018061538
2009-04-14 00:00:00,0.708018061538
2009-04-15 00:00:00,0.708018061538
2009-04-16 00:00:00,0.708018061538
2009-04-17 00:00:00,0.708018061538
2009-04-18 00:00:00,0.708018061538
2009-04-19 00:00:00,0.708018061538
2009-04-20 00:00:00,0.708018061538
2009-04-21 00:00:00,0.708018061538
2009-04-22 00:00:00,0.708018061538
2009-04-23 00:00:00,0.708018061538
2009-04-24 00:00:00,0.708018061538
2009-04-25 00:00:00,0.708018061538
2009-04-26 00:00:00,0.708018061538
2009-04-27 00:00:00,0.708018061538
2009-04-28 00:00:00,0.708018061538
2009-04-29 00:00:00,0.708018061538
2009-04-30 00:00:00,0.708018061538
2009-05-01 00:00:00,0.708018061538
2009-05-02 00:00:00,0.708018061538
2009-05-03 00:00:00,0.708018061538
2009-05-04 00:00:00,0.708018061538
2009-05-05 00:00:00,0.708018061538
2009-05-06 00:00:00,0.708018061538
2009-05-07 00:00:00,0.708018061538
2009-05-08 00:00:00,0.708018061538
2009-05-09 00:00:00,0.708018061538
2009-05-10 00:00:00,0.708018061538
2009-05-11 00:00:00,0.708018061538
2009-05-12 00:00:00,0.708018061538
2009-05-13 00:00:00,0.708018061538
2009-05-14 00:00:00,0.708018061538
2009-05-30 00:00:00,0.660973335139
2009-05-31 00:00:00,0.660973335139
2009-06-01 00:00:00,0.660973335139
2009-06-02 00:00:00,0.660973335139
2009-06-03 00:00:00,0.660973335139
2009-06-04 00:00:00,0.660973335139
2009-06-05 00:00:00,0.660973335139
2009-06-06 00:00:00,0.660973335139
2009-06-07 00:00:00,0.660973335139
2009-06-08 00:00:00,0.660973335139
2009-06-09 00:00:00,0.660973335139
2009-06-10 00:00:00,0.660973335139
2009-06-11 00:00:00,0.660973335139
2009-06-12 00:00:00,0.660973335139
2009-06-13 00:00:00,0.660973335139
2009-06-14 00:00:00,0.660973335139
2009-06-15 00:00:00,0.660973335139
2009-06-16 00:00:00,0.660973335139
2009-06-17 00:00:00,0.660973335139
2009-06-18 00:00:00,0.660973335139
2009-06-19 00:00:00,0.660973335139
2009-06-20 00:00:00,0.660973335139
2009-06-21 00:00:00,0.660973335139
2009-06-22 00:00:00,0.660973335139
2009-06-23 00:00:00,0.660973335139
2009-06-24 00:00:00,0.660973335139
2009-06-25 00:00:00,0.660973335139
2009-06-26 00:00:00,0.660973335139
2009-06-27 00:00:00,0.660973335139
2009-06-28 00:00:00,0.660973335139
2009-07-29 00:00:00,0.722006773185
2009-07-30 00:00:00,0.722006773185
2009-07-31 00:00:00,0.722006773185
2009-08-01 00:00:00,0.722006773185
2009-08-02 00:00:00,0.722006773185
2009-08-03 00:00:00,0.722006773185
2009-08-04 00:00:00,0.722006773185
2009-08-05 00:00:00,0.722006773185
2009-08-06 00:00:00,0.722006773185
2009-08-07 00:00:00,0.722006773185
2009-08-08 00:00:00,0.722006773185
2009-08-09 00:00:00,0.722006773185
2009-08-10 00:00:00,0.722006773185
2009-08-11 00:00:00,0.722006773185
2009-08-12 00:00:00,0.722006773185
2009-09-27 00:00:00,0.885030639934
2009-09-28 00:00:00,0.885030639934
2009-09-29 00:00:00,0.885030639934
2009-09-30 00:00:00,0.885030639934
2009-10-01 00:00:00,0.885030639934
2009-10-02 00:00:00,0.885030639934
2009-10-03 00:00:00,0.885030639934
2009-10-04 00:00:00,0.885030639934
2009-10-05 00:00:00,0.885030639934
2009-10-06 00:00:00,0.885030639934
2009-10-07 00:00:00,0.885030639934
2009-10-08 00:00:00,0.885030639934
2009-10-09 00:00:00,0.885030639934
2009-10-10 00:00:00,0.885030639934
2009-10-11 00:00:00,0.885030639934
2009-10-12 00:00:00,0.885030639934
2009-10-13 00:00:00,0.885030639934
2009-10-14 00:00:00,0.885030639934
2009-10-15 00:00:00,0.885030639934
2009-10-16 00:00:00,0.885030639934
2009-10-17 00:00:00,0.885030639934
2009-10-18 00:00:00,0.885030639934
2009-10-19 00:00:00,0.885030639934
2009-10-20 00:00:00,0.885030639934
2009-10-21 00:00:00,0.885030639934
2009-10-22 00:00:00,0.885030639934
2009-10-23 00:00:00,0.885030639934
2009-10-24 00:00:00,0.885030639934
2009-10-25 00:00:00,0.885030639934
2009-10-26 00:00:00,0.885030639934
2009-10-27 00:00:00,0.885030639934
2009-10-28 00:00:00,0.885030639934
2009-10-29 00:00:00,0.885030639934
2009-10-30 00:00:00,0.885030639934
2009-10-31 00:00:00,0.885030639934
2009-11-01 00:00:00,0.885030639934
2009-11-02 00:00:00,0.885030639934
2009-11-03 00:00:00,0.885030639934
2009-11-04 00:00:00,0.885030639934
2009-11-05 00:00:00,0.885030639934
2009-11-06 00:00:00,0.885030639934
2009-11-07 00:00:00,0.885030639934
2009-11-08 00:00:00,0.885030639934
2009-11-09 00:00:00,0.885030639934
2009-11-10 00:00:00,0.885030639934
2009-11-11 00:00:00,0.885030639934
2009-11-12 00:00:00,0.885030639934
2009-11-13 00:00:00,0.885030639934
2009-11-14 00:00:00,0.885030639934
2009-11-15 00:00:00,0.885030639934
2009-11-16 00:00:00,0.885030639934
2009-11-17 00:00:00,0.885030639934
2009-11-18 00:00:00,0.885030639934
2009-11-19 00:00:00,0.885030639934
2009-11-20 00:00:00,0.885030639934
2009-11-21 00:00:00,0.885030639934
2009-11-22 00:00:00,0.885030639934
2009-11-23 00:00:00,0.885030639934
2009-11-24 00:00:00,0.885030639934
2009-11-25 00:00:00,0.885030639934
2009-11-26 00:00:00,0.885030639934
2009-11-27 00:00:00,0.885030639934
2009-11-28 00:00:00,0.885030639934
2009-11-29 00:00:00,0.885030639934
2009-11-30 00:00:00,0.885030639934
2009-12-01 00:00:00,0.885030639934
2009-12-02 00:00:00,0.885030639934
2009-12-03 00:00:00,0.885030639934
2009-12-04 00:00:00,0.885030639934
2009-12-05 00:00:00,0.885030639934
2009-12-06 00:00:00,0.885030639934
2009-12-07 00:00:00,0.885030639934
2009-12-08 00:00:00,0.885030639934
2009-12-09 00:00:00,0.885030639934
2009-12-10 00:00:00,0.885030639934
2009-12-26 00:00:00,0.76654185092
2009-12-27 00:00:00,0.76654185092
2009-12-28 00:00:00,0.76654185092
2009-12-29 00:00:00,0.76654185092
2009-12-30 00:00:00,0.76654185092
2009-12-31 00:00:00,0.76654185092
2010-01-01 00:00:00,0.76654185092
2010-01-02 00:00:00,0.76654185092
2010-01-03 00:00:00,0.76654185092
2010-01-04 00:00:00,0.76654185092
2010-01-05 00:00:00,0.76654185092
2010-01-06 00:00:00,0.76654185092
2010-01-07 00:00:00,0.76654185092
2010-01-08 00:00:00,0.76654185092
2010-01-09 00:00:00,0.76654185092
2010-01-10 00:00:00,0.76654185092
2010-01-11 00:00:00,0.76654185092
2010-01-12 00:00:00,0.76654185092
2010-01-13 00:00:00,0.76654185092
2010-01-14 00:00:00,0.76654185092
2010-01-15 00:00:00,0.76654185092
2010-01-16 00:00:00,0.76654185092
2010-01-17 00:00:00,0.76654185092
2010-01-18 00:00:00,0.76654185092
2010-01-19 00:00:00,0.76654185092
2010-01-20 00:00:00,0.76654185092
2010-01-21 00:00:00,0.76654185092
2010-01-22 00:00:00,0.76654185092
2010-01-23 00:00:00,0.76654185092
2010-01-24 00:00:00,0.76654185092
2010-03-11 00:00:00,0.807429016263
2010-03-12 00:00:00,0.807429016263
2010-03-13 00:00:00,0.807429016263
2010-03-14 00:00:00,0.807429016263
2010-03-15 00:00:00,0.807429016263
2010-03-16 00:00:00,0.807429016263
2010-03-17 00:00:00,0.807429016263
2010-03-18 00:00:00,0.807429016263
2010-03-19 00:00:00,0.807429016263
2010-03-20 00:00:00,0.807429016263
2010-03-21 00:00:00,0.807429016263
2010-03-22 00:00:00,0.807429016263
2010-03-23 00:00:00,0.807429016263
2010-03-24 00:00:00,0.807429016263
2010-03-25 00:00:00,0.807429016263
2010-03-26 00:00:00,0.807429016263
2010-03-27 00:00:00,0.807429016263
2010-03-28 00:00:00,0.807429016263
2010-03-29 00:00:00,0.807429016263
2010-03-30 00:00:00,0.807429016263
2010-03-31 00:00:00,0.807429016263
2010-04-01 00:00:00,0.807429016263
2010-04-02 00:00:00,0.807429016263
2010-04-03 00:00:00,0.807429016263
2010-04-04 00:00:00,0.807429016263
2010-04-05 00:00:00,0.807429016263
2010-04-06 00:00:00,0.807429016263
2010-04-07 00:00:00,0.807429016263
2010-04-08 00:00:00,0.807429016263
2010-04-09 00:00:00,0.807429016263
2010-04-25 00:00:00,0.951868071735
2010-04-26 00:00:00,0.951868071735
2010-04-27 00:00:00,0.951868071735
2010-04-28 00:00:00,0.951868071735
2010-04-29 00:00:00,0.951868071735
2010-04-30 00:00:00,0.951868071735
2010-05-01 00:00:00,0.951868071735
2010-05-02 00:00:00,0.951868071735
2010-05-03 00:00:00,0.951868071735
2010-05-04 00:00:00,0.951868071735
2010-05-05 00:00:00,0.951868071735
2010-05-06 00:00:00,0.951868071735
2010-05-07 00:00:00,0.951868071735
2010-05-08 00:00:00,0.951868071735
2010-05-09 00:00:00,0.951868071735
2010-05-10 00:00:00,0.951868071735
2010-05-11 00:00:00,0.951868071735
2010-05-12 00:00:00,0.951868071735
2010-05-13 00:00:00,0.951868071735
2010-05-14 00:00:00,0.951868071735
2010-05-15 00:00:00,0.951868071735
2010-05-16 00:00:00,0.951868071735
2010-05-17 00:00:00,0.951868071735
2010-05-18 00:00:00,0.951868071735
2010-05-19 00:00:00,0.951868071735
2010-05-20 00:00:00,0.951868071735
2010-05-21 00:00:00,0.951868071735
2010-05-22 00:00:00,0.951868071735
2010-05-23 00:00:00,0.951868071735
2010-05-24 00:00:00,0.951868071735
2010-08-08 00:00:00,0.911555281499
2010-08-09 00:00:00,0.911555281499
2010-08-10 00:00:00,0.911555281499
2010-08-11 00:00:00,0.911555281499
2010-08-12 00:00:00,0.911555281499
2010-08-13 00:00:00,0.911555281499
2010-08-14 00:00:00,0.911555281499
2010-08-15 00:00:00,0.911555281499
2010-08-16 00:00:00,0.911555281499
2010-08-17 00:00:00,0.911555281499
2010-08-18 00:00:00,0.911555281499
2010-08-19 00:00:00,0.911555281499
2010-08-20 00:00:00,0.911555281499
2010-08-21 00:00:00,0.911555281499
2010-08-22 00:00:00,0.911555281499
2010-08-23 00:00:00,0.911555281499
2010-08-24 00:00:00,0.911555281499
2010-08-25 00:00:00,0.911555281499
2010-08-26 00:00:00,0.911555281499
2010-08-27 00:00:00,0.911555281499
2010-08-28 00:00:00,0.911555281499
2010-08-29 00:00:00,0.911555281499
2010-08-30 00:00:00,0.911555281499
2010-08-31 00:00:00,0.911555281499
2010-09-01 00:00:00,0.911555281499
2010-09-02 00:00:00,0.911555281499
2010-09-03 00:00:00,0.911555281499
2010-09-04 00:00:00,0.911555281499
2010-09-05 00:00:00,0.911555281499
2010-09-06 00:00:00,0.911555281499
2010-10-07 00:00:00,0.726154905853
2010-10-08 00:00:00,0.726154905853
2010-10-09 00:00:00,0.726154905853
2010-10-10 00:00:00,0.726154905853
2010-10-11 00:00:00,0.726154905853
2010-10-12 00:00:00,0.726154905853
2010-10-13 00:00:00,0.726154905853
2010-10-14 00:00:00,0.726154905853
2010-10-15 00:00:00,0.726154905853
2010-10-16 00:00:00,0.726154905853
2010-10-17 00:00:00,0.726154905853
2010-10-18 00:00:00,0.726154905853
2010-10-19 00:00:00,0.726154905853
2010-10-20 00:00:00,0.726154905853
2010-10-21 00:00:00,0.726154905853
2010-10-22 00:00:00,0.726154905853
2010-10-23 00:00:00,0.726154905853
2010-10-24 00:00:00,0.726154905853
2010-10-25 00:00:00,0.726154905853
2010-10-26 00:00:00,0.726154905853
2010-10-27 00:00:00,0.726154905853
2010-10-28 00:00:00,0.726154905853
2010-10-29 00:00:00,0.726154905853
2010-10-30 00:00:00,0.726154905853
2010-10-31 00:00:00,0.726154905853
2010-11-01 00:00:00,0.726154905853
2010-11-02 00:00:00,0.726154905853
2010-11-03 00:00:00,0.726154905853
2010-11-04 00:00:00,0.726154905853
2010-11-05 00:00:00,0.726154905853
2010-11-06 00:00:00,0.726154905853
2010-11-07 00:00:00,0.726154905853
2010-11-08 00:00:00,0.726154905853
2010-11-09 00:00:00,0.726154905853
2010-11-10 00:00:00,0.726154905853
2010-11-11 00:00:00,0.726154905853
2010-11-12 00:00:00,0.726154905853
2010-11-13 00:00:00,0.726154905853
2010-11-14 00:00:00,0.726154905853
2010-11-15 00:00:00,0.726154905853
2010-11-16 00:00:00,0.726154905853
2010-11-17 00:00:00,0.726154905853
2010-11-18 00:00:00,0.726154905853
2010-11-19 00:00:00,0.726154905853
2010-11-20 00:00:00,0.726154905853
2010-11-21 00:00:00,0.726154905853
2010-11-22 00:00:00,0.726154905853
2010-11-23 00:00:00,0.726154905853
2010-11-24 00:00:00,0.726154905853
2010-11-25 00:00:00,0.726154905853
2010-11-26 00:00:00,0.726154905853
2010-11-27 00:00:00,0.726154905853
2010-11-28 00:00:00,0.726154905853
2010-11-29 00:00:00,0.726154905853
2010-11-30 00:00:00,0.726154905853
2010-12-01 00:00:00,0.726154905853
2010-12-02 00:00:00,0.726154905853
2010-12-03 00:00:00,0.726154905853
2010-12-04 00:00:00,0.726154905853
2010-12-05 00:00:00,0.726154905853
News Data
Start Date, End Date,News Source,Link,Days,Reason,Comment,Days Reported
Linear Regression Result:::
Date,Value
2010-12-20 00:00:00,231.776886246
2010-12-21 00:00:00,231.776886246
2010-12-22 00:00:00,231.776886246
2010-12-23 00:00:00,231.776886246
2010-12-24 00:00:00,231.776886246
2010-12-25 00:00:00,231.776886246
2010-12-26 00:00:00,231.776886246
2010-12-27 00:00:00,231.776886246
2010-12-28 00:00:00,231.776886246
2010-12-29 00:00:00,231.776886246
2010-12-30 00:00:00,231.776886246
2010-12-31 00:00:00,231.776886246
2011-01-01 00:00:00,231.776886246
2011-01-02 00:00:00,231.776886246
2011-01-03 00:00:00,231.776886246
2011-01-04 00:00:00,231.776886246
2011-01-05 00:00:00,231.776886246
2011-01-06 00:00:00,231.776886246
2011-01-07 00:00:00,231.776886246
2011-01-08 00:00:00,231.776886246
2011-01-09 00:00:00,231.776886246
2011-01-10 00:00:00,231.776886246
2011-01-11 00:00:00,231.776886246
2011-01-12 00:00:00,231.776886246
2011-01-13 00:00:00,231.776886246
2011-01-14 00:00:00,231.776886246
2011-01-15 00:00:00,231.776886246
2011-01-16 00:00:00,231.776886246
2011-01-17 00:00:00,231.776886246
2011-01-18 00:00:00,231.776886246
2011-01-19 00:00:00,231.776886246
2011-01-20 00:00:00,231.776886246
2011-01-21 00:00:00,231.776886246
2011-01-22 00:00:00,231.776886246
2011-01-23 00:00:00,231.776886246
2011-01-24 00:00:00,231.776886246
2011-01-25 00:00:00,231.776886246
2011-01-26 00:00:00,231.776886246
2011-01-27 00:00:00,231.776886246
2011-01-28 00:00:00,231.776886246
2011-01-29 00:00:00,231.776886246
2011-01-30 00:00:00,231.776886246
2011-01-31 00:00:00,231.776886246
2011-02-01 00:00:00,231.776886246
2011-02-02 00:00:00,231.776886246
2011-02-03 00:00:00,231.776886246
2011-02-04 00:00:00,231.776886246
2011-02-05 00:00:00,231.776886246
2011-02-06 00:00:00,231.776886246
2011-02-07 00:00:00,231.776886246
2011-02-08 00:00:00,231.776886246
2013-08-19 00:00:00,84.8168636041
2013-08-21 00:00:00,219.761538588
2013-08-22 00:00:00,219.761538588
2013-08-23 00:00:00,219.761538588
2013-08-24 00:00:00,219.761538588
2013-08-25 00:00:00,219.761538588
2013-08-26 00:00:00,219.761538588
2013-08-27 00:00:00,219.761538588
2013-08-28 00:00:00,219.761538588
2013-08-29 00:00:00,219.761538588
2013-08-30 00:00:00,219.761538588
2013-08-31 00:00:00,219.761538588
2013-09-01 00:00:00,219.761538588
2013-09-02 00:00:00,219.761538588
2013-09-03 00:00:00,219.761538588
2013-09-04 00:00:00,219.761538588
2013-09-05 00:00:00,219.761538588
2013-09-06 00:00:00,219.761538588
2013-09-07 00:00:00,219.761538588
2013-09-08 00:00:00,219.761538588
2013-09-09 00:00:00,219.761538588
2013-09-10 00:00:00,219.761538588
2013-09-11 00:00:00,219.761538588
2013-09-12 00:00:00,219.761538588
2013-09-13 00:00:00,219.761538588
2013-09-14 00:00:00,219.761538588
2013-09-15 00:00:00,219.761538588
2013-09-16 00:00:00,219.761538588
2013-09-17 00:00:00,219.761538588
2013-09-18 00:00:00,219.761538588
2013-09-19 00:00:00,219.761538588
2013-09-20 00:00:00,219.761538588
2013-09-21 00:00:00,219.761538588
2013-09-22 00:00:00,219.761538588
2013-09-23 00:00:00,219.761538588
2013-09-24 00:00:00,219.761538588
2013-09-25 00:00:00,219.761538588
2013-09-26 00:00:00,219.761538588
2013-09-27 00:00:00,219.761538588
2013-09-28 00:00:00,219.761538588
2013-09-29 00:00:00,219.761538588
2013-09-30 00:00:00,219.761538588
2013-10-01 00:00:00,219.761538588
2013-10-02 00:00:00,219.761538588
2013-10-03 00:00:00,219.761538588
2013-10-04 00:00:00,219.761538588
2013-10-05 00:00:00,219.761538588
2013-10-06 00:00:00,219.761538588
2013-10-07 00:00:00,219.761538588
2013-10-08 00:00:00,219.761538588
2013-10-09 00:00:00,219.761538588
2013-10-10 00:00:00,219.761538588
2013-10-11 00:00:00,219.761538588
2013-10-12 00:00:00,219.761538588
2013-10-13 00:00:00,219.761538588
2013-10-14 00:00:00,219.761538588
2013-10-15 00:00:00,219.761538588
2013-10-16 00:00:00,219.761538588
2013-10-17 00:00:00,219.761538588
2013-10-18 00:00:00,219.761538588
2013-10-19 00:00:00,219.761538588
2013-10-20 00:00:00,219.761538588
2013-10-21 00:00:00,219.761538588
2013-10-22 00:00:00,219.761538588
2013-10-23 00:00:00,219.761538588
2013-10-24 00:00:00,219.761538588
2013-10-25 00:00:00,219.761538588
2013-10-26 00:00:00,219.761538588
2013-10-27 00:00:00,219.761538588
2013-10-28 00:00:00,219.761538588
2013-10-29 00:00:00,219.761538588
2013-10-30 00:00:00,219.761538588
2013-10-31 00:00:00,219.761538588
2013-11-01 00:00:00,219.761538588
2013-11-02 00:00:00,219.761538588
2013-11-03 00:00:00,219.761538588
2013-11-04 00:00:00,219.761538588
2013-11-05 00:00:00,219.761538588
2013-11-06 00:00:00,219.761538588
2013-11-07 00:00:00,219.761538588
2013-11-08 00:00:00,219.761538588
2013-11-09 00:00:00,219.761538588
2013-11-10 00:00:00,219.761538588
2013-11-11 00:00:00,219.761538588
2013-11-12 00:00:00,219.761538588
2013-11-13 00:00:00,219.761538588
2013-11-14 00:00:00,219.761538588
2013-11-15 00:00:00,219.761538588
2013-11-16 00:00:00,219.761538588
2013-11-17 00:00:00,219.761538588
2013-11-18 00:00:00,219.761538588
2013-11-19 00:00:00,219.761538588
2013-11-20 00:00:00,219.761538588
2013-11-21 00:00:00,219.761538588
2013-11-22 00:00:00,219.761538588
2013-11-23 00:00:00,219.761538588
2013-11-24 00:00:00,219.761538588
2013-11-25 00:00:00,219.761538588
2013-11-26 00:00:00,219.761538588
2013-11-27 00:00:00,219.761538588
2013-11-28 00:00:00,219.761538588
2013-11-29 00:00:00,219.761538588
2013-11-30 00:00:00,219.761538588
2013-12-01 00:00:00,219.761538588
2013-12-02 00:00:00,219.761538588
2013-12-03 00:00:00,219.761538588
2013-12-04 00:00:00,219.761538588
2013-12-05 00:00:00,219.761538588
2013-12-06 00:00:00,219.761538588
2013-12-07 00:00:00,219.761538588
2013-12-08 00:00:00,219.761538588
2013-12-09 00:00:00,219.761538588
2013-12-10 00:00:00,219.761538588
2013-12-11 00:00:00,219.761538588
2013-12-12 00:00:00,219.761538588
2013-12-13 00:00:00,219.761538588
2013-12-14 00:00:00,219.761538588
2013-12-15 00:00:00,219.761538588
2013-12-16 00:00:00,219.761538588
2013-12-17 00:00:00,219.761538588
2013-12-18 00:00:00,219.761538588
2013-12-19 00:00:00,219.761538588
2013-12-20 00:00:00,219.761538588
2013-12-21 00:00:00,219.761538588
2013-12-22 00:00:00,219.761538588
2013-12-23 00:00:00,219.761538588
2013-12-24 00:00:00,219.761538588
2013-12-25 00:00:00,219.761538588
2014-08-02 00:00:00,79.3317571624
2014-08-03 00:00:00,79.3317571624
2014-08-04 00:00:00,79.3317571624
2014-08-11 00:00:00,73.5504532978
2014-08-15 00:00:00,80.7156961222
2014-08-16 00:00:00,80.7156961222
2014-08-17 00:00:00,80.7156961222
2014-08-18 00:00:00,80.7156961222
2014-08-20 00:00:00,77.3182738076
2014-08-21 00:00:00,77.3182738076
2014-08-22 00:00:00,77.3182738076
2014-08-25 00:00:00,74.9365634292
2014-08-28 00:00:00,75.1307432419
2014-08-31 00:00:00,76.2178978954
2014-09-01 00:00:00,76.2178978954
2014-10-02 00:00:00,76.5063638946
2014-10-03 00:00:00,76.5063638946
2014-10-05 00:00:00,76.914796671
2014-10-06 00:00:00,76.914796671
2014-10-07 00:00:00,76.914796671
2014-10-23 00:00:00,88.4065492691
2014-10-24 00:00:00,88.4065492691
2014-10-25 00:00:00,88.4065492691
2014-10-26 00:00:00,88.4065492691
2014-10-27 00:00:00,88.4065492691
2014-10-28 00:00:00,88.4065492691
2015-01-05 00:00:00,74.1054695786
2015-01-08 00:00:00,74.2501116411
2015-01-11 00:00:00,75.19357847
2015-01-21 00:00:00,74.3115982258
2015-01-27 00:00:00,74.1476672141
2015-01-30 00:00:00,76.8089632333
2015-01-31 00:00:00,76.8089632333
2015-02-01 00:00:00,76.8089632333
2015-02-02 00:00:00,76.8089632333
2015-02-07 00:00:00,87.0692323462
2015-02-08 00:00:00,87.0692323462
2015-02-09 00:00:00,87.0692323462
2015-02-10 00:00:00,87.0692323462
2015-02-11 00:00:00,87.0692323462
2015-02-12 00:00:00,87.0692323462
2015-02-13 00:00:00,87.0692323462
2015-02-14 00:00:00,87.0692323462
2015-02-15 00:00:00,87.0692323462
2015-02-16 00:00:00,87.0692323462
2015-02-17 00:00:00,87.0692323462
2015-02-18 00:00:00,87.0692323462
2015-02-19 00:00:00,87.0692323462
2015-02-20 00:00:00,87.0692323462
2015-02-21 00:00:00,87.0692323462
2015-02-22 00:00:00,87.0692323462
2015-02-23 00:00:00,87.0692323462
2015-02-24 00:00:00,87.0692323462
2015-02-25 00:00:00,87.0692323462
2015-02-26 00:00:00,87.0692323462
2015-02-27 00:00:00,87.0692323462
2015-02-28 00:00:00,87.0692323462
2015-03-01 00:00:00,87.0692323462
2015-03-02 00:00:00,87.0692323462
2015-03-03 00:00:00,87.0692323462
2015-03-04 00:00:00,87.0692323462
2015-03-05 00:00:00,87.0692323462
2015-03-06 00:00:00,87.0692323462
2015-03-07 00:00:00,87.0692323462
2015-03-08 00:00:00,87.0692323462
2015-03-09 00:00:00,87.0692323462
2015-03-30 00:00:00,73.8592541522
News Data
Start Date, End Date,News Source,Link,Days,Reason,Comment,Days Reported
2010-12-20,2010-12-20,The Hindu,http://www.thehindu.com/business/Economy/imported-onion-arrive-from-pakistan/article965607.ece,0,not stated,,0
2010-12-21,2010-12-20,The Hindu,http://www.thehindu.com/business/Economy/imported-onion-arrive-from-pakistan/article965607.ece,-1,not stated,,0
2010-12-22,2010-12-20,The Hindu,http://www.thehindu.com/business/Economy/imported-onion-arrive-from-pakistan/article965607.ece,-2,not stated,,0
2010-12-23,2010-12-20,The Hindu,http://www.thehindu.com/business/Economy/imported-onion-arrive-from-pakistan/article965607.ece,-3,not stated,,0
2010-12-24,2010-12-20,The Hindu,http://www.thehindu.com/business/Economy/imported-onion-arrive-from-pakistan/article965607.ece,-4,not stated,,0
2010-12-25,2010-12-20,The Hindu,http://www.thehindu.com/business/Economy/imported-onion-arrive-from-pakistan/article965607.ece,-5,not stated,,0
2010-12-26,2010-12-21,The Economic Times,http://articles.economictimes.indiatimes.com/2010-12-21/news/27586208_1_minimum-export-price-onion-prices-mep,-5,traders nexus,,0
2010-12-27,2010-12-23,NDTV,http://www.ndtv.com/india-news/food-inflation-spikes-govt-blames-the-onion-442821,-4,traders nexus,,0
2010-12-28,2010-12-23,NDTV,http://www.ndtv.com/india-news/food-inflation-spikes-govt-blames-the-onion-442821,-5,traders nexus,,0
2010-12-31,2011-01-05,NDTV,http://www.ndtv.com/india-news/bjp-slams-government-over-split-views-on-inflation-444119,5,not stated,BJP slams government over split views on inflation,365
2011-01-01,2011-01-05,NDTV,http://www.ndtv.com/india-news/bjp-slams-government-over-split-views-on-inflation-444119,4,not stated,BJP slams government over split views on inflation,365
2011-01-02,2011-01-05,NDTV,http://www.ndtv.com/india-news/bjp-slams-government-over-split-views-on-inflation-444119,3,not stated,BJP slams government over split views on inflation,365
2011-01-03,2011-01-05,NDTV,http://www.ndtv.com/india-news/bjp-slams-government-over-split-views-on-inflation-444119,2,not stated,BJP slams government over split views on inflation,365
2011-01-04,2011-01-05,NDTV,http://www.ndtv.com/india-news/bjp-slams-government-over-split-views-on-inflation-444119,1,not stated,BJP slams government over split views on inflation,365
2011-01-05,2011-01-05,NDTV,http://www.ndtv.com/india-news/bjp-slams-government-over-split-views-on-inflation-444119,0,not stated,BJP slams government over split views on inflation,365
2011-01-06,2011-01-05,NDTV,http://www.ndtv.com/india-news/bjp-slams-government-over-split-views-on-inflation-444119,-1,not stated,BJP slams government over split views on inflation,365
2011-01-07,2011-01-05,NDTV,http://www.ndtv.com/india-news/bjp-slams-government-over-split-views-on-inflation-444119,-2,not stated,BJP slams government over split views on inflation,365
2011-01-08,2011-01-05,NDTV,http://www.ndtv.com/india-news/bjp-slams-government-over-split-views-on-inflation-444119,-3,not stated,BJP slams government over split views on inflation,365
2011-01-09,2011-01-05,NDTV,http://www.ndtv.com/india-news/bjp-slams-government-over-split-views-on-inflation-444119,-4,not stated,BJP slams government over split views on inflation,365
2011-01-10,2011-01-05,NDTV,http://www.ndtv.com/india-news/bjp-slams-government-over-split-views-on-inflation-444119,-5,not stated,BJP slams government over split views on inflation,365
2011-01-11,2011-01-06,The Times of India,http://timesofindia.indiatimes.com/business/india-business/-Retail-onion-prices-up-by-Rs-5-10/kg-on-Pak-export-ban-reports/articleshow/7230895.cms,-5,Pak banned export,,0
2011-01-12,2011-01-07,The Hindu,http://www.thehindu.com/business/act-swiftly-against-hoarders-pranab/article1051003.ece,-5,traders nexus,main article on inflation, but it says due to hoarding onion prices are high.,0
2013-08-19,2013-08-14,The Hindu,http://www.thehindu.com/news/national/cos-meeting-to-wipe-onion-tears/article5019702.ece,-5,low supply,Possiblity of hoarding highlighted clearly,0
2013-08-21,2013-08-17,Zee News,http://zeenews.india.com/news/nation/will-give-onions-as-rakhi-gift-to-my-sisters-yashwant-sinha_869682.html,-4,traders nexus,BJP accuseed to traders, not stated by article author exactly,None
2013-08-22,2013-08-17,Zee News,http://zeenews.india.com/news/nation/will-give-onions-as-rakhi-gift-to-my-sisters-yashwant-sinha_869682.html,-5,traders nexus,BJP accuseed to traders, not stated by article author exactly,None
2013-08-23,2013-08-21,The Hindu,http://www.thehindu.com/business/Industry/onion-prices-jump-to-rs-80kg-again/article5044776.ece,-2,low supply,Prices hiked again,0
2013-08-24,2013-08-21,The Hindu,http://www.thehindu.com/business/Industry/onion-prices-jump-to-rs-80kg-again/article5044776.ece,-3,low supply,Prices hiked again,0
2013-08-25,2013-08-21,The Hindu,http://www.thehindu.com/business/Industry/onion-prices-jump-to-rs-80kg-again/article5044776.ece,-4,low supply,Prices hiked again,0
2013-08-26,2013-08-21,The Hindu,http://www.thehindu.com/business/Industry/onion-prices-jump-to-rs-80kg-again/article5044776.ece,-5,low supply,Prices hiked again,0
2013-08-27,2013-08-22,Money Control,http://www.moneycontrol.com/news/economy/onion-prices-shoot-back-to-rs-80kgmany-partsindia_939103.html,-5,not stated,,1
2013-08-29,2013-09-03,NDTV,http://www.ndtv.com/india-news/onion-prices-may-ease-when-south-india-crop-hits-market-government-533474,5,low supply,,0
2013-08-30,2013-09-03,NDTV,http://www.ndtv.com/india-news/onion-prices-may-ease-when-south-india-crop-hits-market-government-533474,4,low supply,,0
2013-08-31,2013-09-03,NDTV,http://www.ndtv.com/india-news/onion-prices-may-ease-when-south-india-crop-hits-market-government-533474,3,low supply,,0
2013-09-01,2013-09-03,NDTV,http://www.ndtv.com/india-news/onion-prices-may-ease-when-south-india-crop-hits-market-government-533474,2,low supply,,0
2013-09-02,2013-09-03,NDTV,http://www.ndtv.com/india-news/onion-prices-may-ease-when-south-india-crop-hits-market-government-533474,1,low supply,,0
2013-09-03,2013-09-03,NDTV,http://www.ndtv.com/india-news/onion-prices-may-ease-when-south-india-crop-hits-market-government-533474,0,low supply,,0
2013-09-04,2013-09-03,NDTV,http://www.ndtv.com/india-news/onion-prices-may-ease-when-south-india-crop-hits-market-government-533474,-1,low supply,,0
2013-09-05,2013-09-03,NDTV,http://www.ndtv.com/india-news/onion-prices-may-ease-when-south-india-crop-hits-market-government-533474,-2,low supply,,0
2013-09-06,2013-09-03,NDTV,http://www.ndtv.com/india-news/onion-prices-may-ease-when-south-india-crop-hits-market-government-533474,-3,low supply,,0
2013-09-07,2013-09-03,NDTV,http://www.ndtv.com/india-news/onion-prices-may-ease-when-south-india-crop-hits-market-government-533474,-4,low supply,,0
2013-09-08,2013-09-03,NDTV,http://www.ndtv.com/india-news/onion-prices-may-ease-when-south-india-crop-hits-market-government-533474,-5,low supply,,0
2013-09-13,2013-09-18,The Times of India,http://timesofindia.indiatimes.com/india/Onion-price-rise-may-be-due-to-hoarding-Centre/articleshow/22672225.cms,5,traders nexus,no,None
2013-09-14,2013-09-18,The Times of India,http://timesofindia.indiatimes.com/india/Onion-price-rise-may-be-due-to-hoarding-Centre/articleshow/22672225.cms,4,traders nexus,no,None
2013-09-15,2013-09-18,The Times of India,http://timesofindia.indiatimes.com/india/Onion-price-rise-may-be-due-to-hoarding-Centre/articleshow/22672225.cms,3,traders nexus,no,None
2013-09-16,2013-09-18,The Times of India,http://timesofindia.indiatimes.com/india/Onion-price-rise-may-be-due-to-hoarding-Centre/articleshow/22672225.cms,2,traders nexus,no,None
2013-09-17,2013-09-18,The Times of India,http://timesofindia.indiatimes.com/india/Onion-price-rise-may-be-due-to-hoarding-Centre/articleshow/22672225.cms,1,traders nexus,no,None
2013-09-18,2013-09-18,The Times of India,http://timesofindia.indiatimes.com/india/Onion-price-rise-may-be-due-to-hoarding-Centre/articleshow/22672225.cms,0,traders nexus,no,None
2013-09-19,2013-09-18,The Times of India,http://timesofindia.indiatimes.com/india/Onion-price-rise-may-be-due-to-hoarding-Centre/articleshow/22672225.cms,-1,traders nexus,no,None
2013-09-20,2013-09-18,The Times of India,http://timesofindia.indiatimes.com/india/Onion-price-rise-may-be-due-to-hoarding-Centre/articleshow/22672225.cms,-2,traders nexus,no,None
2013-09-21,2013-09-18,The Times of India,http://timesofindia.indiatimes.com/india/Onion-price-rise-may-be-due-to-hoarding-Centre/articleshow/22672225.cms,-3,traders nexus,no,None
2013-09-22,2013-09-18,The Times of India,http://timesofindia.indiatimes.com/india/Onion-price-rise-may-be-due-to-hoarding-Centre/articleshow/22672225.cms,-4,traders nexus,no,None
2013-09-23,2013-09-18,The Times of India,http://timesofindia.indiatimes.com/india/Onion-price-rise-may-be-due-to-hoarding-Centre/articleshow/22672225.cms,-5,traders nexus,no,None
2013-10-05,2013-10-10,The Economic Times,http://articles.economictimes.indiatimes.com/2013-10-10/news/42903314_1_export-price-price-rise-onion-prices,5,traders nexus,,0
2013-10-06,2013-10-10,The Economic Times,http://articles.economictimes.indiatimes.com/2013-10-10/news/42903314_1_export-price-price-rise-onion-prices,4,traders nexus,,0
2013-10-07,2013-10-10,The Economic Times,http://articles.economictimes.indiatimes.com/2013-10-10/news/42903314_1_export-price-price-rise-onion-prices,3,traders nexus,,0
2013-10-08,2013-10-10,The Economic Times,http://articles.economictimes.indiatimes.com/2013-10-10/news/42903314_1_export-price-price-rise-onion-prices,2,traders nexus,,0
2013-10-09,2013-10-10,The Economic Times,http://articles.economictimes.indiatimes.com/2013-10-10/news/42903314_1_export-price-price-rise-onion-prices,1,traders nexus,,0
2013-10-10,2013-10-10,The Economic Times,http://articles.economictimes.indiatimes.com/2013-10-10/news/42903314_1_export-price-price-rise-onion-prices,0,traders nexus,,0
2013-10-11,2013-10-10,The Economic Times,http://articles.economictimes.indiatimes.com/2013-10-10/news/42903314_1_export-price-price-rise-onion-prices,-1,traders nexus,,0
2013-10-12,2013-10-10,The Economic Times,http://articles.economictimes.indiatimes.com/2013-10-10/news/42903314_1_export-price-price-rise-onion-prices,-2,traders nexus,,0
2013-10-13,2013-10-10,The Economic Times,http://articles.economictimes.indiatimes.com/2013-10-10/news/42903314_1_export-price-price-rise-onion-prices,-3,traders nexus,,0
2013-10-14,2013-10-10,The Economic Times,http://articles.economictimes.indiatimes.com/2013-10-10/news/42903314_1_export-price-price-rise-onion-prices,-4,traders nexus,,0
2013-10-15,2013-10-10,The Economic Times,http://articles.economictimes.indiatimes.com/2013-10-10/news/42903314_1_export-price-price-rise-onion-prices,-5,traders nexus,,0
2013-10-17,2013-10-22,NDTV,http://profit.ndtv.com/news/cheat-sheet/article-why-onion-prices-are-inching-towards-rs-100-per-kg-370138,5,low supply,,0
2013-10-18,2013-10-22,NDTV,http://profit.ndtv.com/news/cheat-sheet/article-why-onion-prices-are-inching-towards-rs-100-per-kg-370138,4,low supply,,0
2013-10-19,2013-10-22,NDTV,http://profit.ndtv.com/news/cheat-sheet/article-why-onion-prices-are-inching-towards-rs-100-per-kg-370138,3,low supply,,0
2013-10-20,2013-10-22,NDTV,http://profit.ndtv.com/news/cheat-sheet/article-why-onion-prices-are-inching-towards-rs-100-per-kg-370138,2,low supply,,0
2013-10-21,2013-10-22,NDTV,http://profit.ndtv.com/news/cheat-sheet/article-why-onion-prices-are-inching-towards-rs-100-per-kg-370138,1,low supply,,0
2013-10-22,2013-10-22,NDTV,http://profit.ndtv.com/news/cheat-sheet/article-why-onion-prices-are-inching-towards-rs-100-per-kg-370138,0,low supply,,0
2013-10-23,2013-10-22,NDTV,http://profit.ndtv.com/news/cheat-sheet/article-why-onion-prices-are-inching-towards-rs-100-per-kg-370138,-1,low supply,,0
2013-10-24,2013-10-22,NDTV,http://profit.ndtv.com/news/cheat-sheet/article-why-onion-prices-are-inching-towards-rs-100-per-kg-370138,-2,low supply,,0
2013-10-25,2013-10-22,NDTV,http://profit.ndtv.com/news/cheat-sheet/article-why-onion-prices-are-inching-towards-rs-100-per-kg-370138,-3,low supply,,0
2013-10-26,2013-10-22,NDTV,http://profit.ndtv.com/news/cheat-sheet/article-why-onion-prices-are-inching-towards-rs-100-per-kg-370138,-4,low supply,,0
2013-10-27,2013-10-22,NDTV,http://profit.ndtv.com/news/cheat-sheet/article-why-onion-prices-are-inching-towards-rs-100-per-kg-370138,-5,low supply,,0
2013-10-28,2013-10-23,The Economic Times,http://articles.economictimes.indiatimes.com/2013-10-23/news/43326601_1_nafed-tender-onion-crop,-5,traders nexus,no,None
2013-10-29,2013-10-24,The Hindu,http://www.thehindu.com/business/Industry/india-floats-tender-for-import-of-onions/article5264970.ece,-5,traders nexus,,10
2013-10-30,2013-10-25,Money Control,http://www.moneycontrol.com/news/economy/onion-prices-remain-high-at-rs-100kg-crisis-to-continue_976318.html,-5,traders nexus,,7
2013-10-31,2013-10-26,NDTV,http://www.ndtv.com/india-news/chief-ministers-onion-mission-begins-in-assam-538929,-5,Not mentioned,,0
2013-11-01,2013-10-28,DNA,http://www.dnaindia.com/mumbai/report-dna-exclusive-traders-not-farmers-making-the-most-of-soaring-onion-price-1909850,-4,traders nexus,,0
2013-11-02,2013-10-28,DNA,http://www.dnaindia.com/mumbai/report-dna-exclusive-traders-not-farmers-making-the-most-of-soaring-onion-price-1909850,-5,traders nexus,,0
2013-11-03,2013-11-04,The Hindu,http://www.thehindu.com/business/markets/govt-hikes-onion-mep-to-1150-per-tonne-to-check-prices/article5313950.ece,1,low supply,,30
2013-11-04,2013-11-04,The Hindu,http://www.thehindu.com/business/markets/govt-hikes-onion-mep-to-1150-per-tonne-to-check-prices/article5313950.ece,0,low supply,,30
2013-11-05,2013-11-04,The Hindu,http://www.thehindu.com/business/markets/govt-hikes-onion-mep-to-1150-per-tonne-to-check-prices/article5313950.ece,-1,low supply,,30
2013-11-06,2013-11-04,The Hindu,http://www.thehindu.com/business/markets/govt-hikes-onion-mep-to-1150-per-tonne-to-check-prices/article5313950.ece,-2,low supply,,30
2013-11-07,2013-11-04,The Hindu,http://www.thehindu.com/business/markets/govt-hikes-onion-mep-to-1150-per-tonne-to-check-prices/article5313950.ece,-3,low supply,,30
2013-11-08,2013-11-04,The Hindu,http://www.thehindu.com/business/markets/govt-hikes-onion-mep-to-1150-per-tonne-to-check-prices/article5313950.ece,-4,low supply,,30
2013-11-09,2013-11-04,The Hindu,http://www.thehindu.com/business/markets/govt-hikes-onion-mep-to-1150-per-tonne-to-check-prices/article5313950.ece,-5,low supply,,30
2013-11-10,2013-11-06,The Hindu,http://www.thehindu.com/business/Industry/after-onions-tomato-prices-soar/article5317582.ece,-4,Increased prices of onion,,0
2013-11-11,2013-11-06,The Hindu,http://www.thehindu.com/business/Industry/after-onions-tomato-prices-soar/article5317582.ece,-5,Increased prices of onion,,0
2013-11-12,2013-11-13,The Times of India,http://timesofindia.indiatimes.com/india/No-let-up-in-prices-of-onion-potato-tomato/articleshow/25664320.cms,1,traders nexus,,12
2013-11-13,2013-11-13,The Times of India,http://timesofindia.indiatimes.com/india/No-let-up-in-prices-of-onion-potato-tomato/articleshow/25664320.cms,0,traders nexus,,12
2013-11-14,2013-11-13,The Times of India,http://timesofindia.indiatimes.com/india/No-let-up-in-prices-of-onion-potato-tomato/articleshow/25664320.cms,-1,traders nexus,,12
2013-11-15,2013-11-13,The Times of India,http://timesofindia.indiatimes.com/india/No-let-up-in-prices-of-onion-potato-tomato/articleshow/25664320.cms,-2,traders nexus,,12
2013-11-16,2013-11-13,The Times of India,http://timesofindia.indiatimes.com/india/No-let-up-in-prices-of-onion-potato-tomato/articleshow/25664320.cms,-3,traders nexus,,12
2013-11-17,2013-11-13,The Times of India,http://timesofindia.indiatimes.com/india/No-let-up-in-prices-of-onion-potato-tomato/articleshow/25664320.cms,-4,traders nexus,,12
2013-11-18,2013-11-13,The Times of India,http://timesofindia.indiatimes.com/india/No-let-up-in-prices-of-onion-potato-tomato/articleshow/25664320.cms,-5,traders nexus,,12
2013-11-19,2013-11-15,The Times of India,http://timesofindia.indiatimes.com/business/india-business/Onion-prices-up-278-tomato-122-in-one-year/articleshow/25780005.cms,-4,not stated,,365
2013-11-20,2013-11-15,The Times of India,http://timesofindia.indiatimes.com/business/india-business/Onion-prices-up-278-tomato-122-in-one-year/articleshow/25780005.cms,-5,not stated,,365
2013-11-21,2013-11-19,First Post,http://www.firstpost.com/politics/onion-tomato-price-hoardings-to-malign-party-cong-writes-to-ec-1238589.html,-2,traders nexus,,0
2013-11-22,2013-11-19,First Post,http://www.firstpost.com/politics/onion-tomato-price-hoardings-to-malign-party-cong-writes-to-ec-1238589.html,-3,traders nexus,,0
2013-11-23,2013-11-19,First Post,http://www.firstpost.com/politics/onion-tomato-price-hoardings-to-malign-party-cong-writes-to-ec-1238589.html,-4,traders nexus,,0
2013-11-24,2013-11-19,First Post,http://www.firstpost.com/politics/onion-tomato-price-hoardings-to-malign-party-cong-writes-to-ec-1238589.html,-5,traders nexus,,0
2013-11-27,2013-12-02,First Post,http://www.firstpost.com/politics/the-onion-trackers-of-delhi-what-sheila-dikshit-should-have-been-watching-1261901.html,5,not stated,,10
2013-11-28,2013-12-02,First Post,http://www.firstpost.com/politics/the-onion-trackers-of-delhi-what-sheila-dikshit-should-have-been-watching-1261901.html,4,not stated,,10
2013-11-29,2013-12-02,First Post,http://www.firstpost.com/politics/the-onion-trackers-of-delhi-what-sheila-dikshit-should-have-been-watching-1261901.html,3,not stated,,10
2013-11-30,2013-12-02,First Post,http://www.firstpost.com/politics/the-onion-trackers-of-delhi-what-sheila-dikshit-should-have-been-watching-1261901.html,2,not stated,,10
2013-12-01,2013-12-02,First Post,http://www.firstpost.com/politics/the-onion-trackers-of-delhi-what-sheila-dikshit-should-have-been-watching-1261901.html,1,not stated,,10
2013-12-02,2013-12-02,First Post,http://www.firstpost.com/politics/the-onion-trackers-of-delhi-what-sheila-dikshit-should-have-been-watching-1261901.html,0,not stated,,10
2013-12-03,2013-12-02,First Post,http://www.firstpost.com/politics/the-onion-trackers-of-delhi-what-sheila-dikshit-should-have-been-watching-1261901.html,-1,not stated,,10
2013-12-04,2013-12-02,First Post,http://www.firstpost.com/politics/the-onion-trackers-of-delhi-what-sheila-dikshit-should-have-been-watching-1261901.html,-2,not stated,,10
2013-12-05,2013-12-02,First Post,http://www.firstpost.com/politics/the-onion-trackers-of-delhi-what-sheila-dikshit-should-have-been-watching-1261901.html,-3,not stated,,10
2013-12-06,2013-12-02,First Post,http://www.firstpost.com/politics/the-onion-trackers-of-delhi-what-sheila-dikshit-should-have-been-watching-1261901.html,-4,not stated,,10
2013-12-07,2013-12-02,First Post,http://www.firstpost.com/politics/the-onion-trackers-of-delhi-what-sheila-dikshit-should-have-been-watching-1261901.html,-5,not stated,,10
2013-12-08,2013-12-13,The Economic Times,http://articles.economictimes.indiatimes.com/2015-09-11/news/66434886_1_lasalgaon-apmc-onion-prices-onion-exporters-association,5,not stated,no,None
2013-12-09,2013-12-13,The Economic Times,http://articles.economictimes.indiatimes.com/2015-09-11/news/66434886_1_lasalgaon-apmc-onion-prices-onion-exporters-association,4,not stated,no,None
2013-12-10,2013-12-13,The Economic Times,http://articles.economictimes.indiatimes.com/2015-09-11/news/66434886_1_lasalgaon-apmc-onion-prices-onion-exporters-association,3,not stated,no,None
2013-12-11,2013-12-13,The Economic Times,http://articles.economictimes.indiatimes.com/2015-09-11/news/66434886_1_lasalgaon-apmc-onion-prices-onion-exporters-association,2,not stated,no,None
2013-12-12,2013-12-13,The Economic Times,http://articles.economictimes.indiatimes.com/2015-09-11/news/66434886_1_lasalgaon-apmc-onion-prices-onion-exporters-association,1,not stated,no,None
2013-12-13,2013-12-13,The Economic Times,http://articles.economictimes.indiatimes.com/2015-09-11/news/66434886_1_lasalgaon-apmc-onion-prices-onion-exporters-association,0,not stated,no,None
2013-12-14,2013-12-13,The Economic Times,http://articles.economictimes.indiatimes.com/2015-09-11/news/66434886_1_lasalgaon-apmc-onion-prices-onion-exporters-association,-1,not stated,no,None
2013-12-15,2013-12-13,The Economic Times,http://articles.economictimes.indiatimes.com/2015-09-11/news/66434886_1_lasalgaon-apmc-onion-prices-onion-exporters-association,-2,not stated,no,None
2013-12-16,2013-12-13,The Economic Times,http://articles.economictimes.indiatimes.com/2015-09-11/news/66434886_1_lasalgaon-apmc-onion-prices-onion-exporters-association,-3,not stated,no,None
2013-12-17,2013-12-13,The Economic Times,http://articles.economictimes.indiatimes.com/2015-09-11/news/66434886_1_lasalgaon-apmc-onion-prices-onion-exporters-association,-4,not stated,no,None
2013-12-18,2013-12-13,The Economic Times,http://articles.economictimes.indiatimes.com/2015-09-11/news/66434886_1_lasalgaon-apmc-onion-prices-onion-exporters-association,-5,not stated,no,None
2015-01-05,2015-01-06,Zee News,http://zeenews.india.com/business/news/economy/vegetable-prices-again-spike-in-delhi-retailers-blame-bad-weather_115654.html,1,bad weather,,2
2015-01-08,2015-01-06,Zee News,http://zeenews.india.com/business/news/economy/vegetable-prices-again-spike-in-delhi-retailers-blame-bad-weather_115654.html,-2,bad weather,,2
2015-01-11,2015-01-06,Zee News,http://zeenews.india.com/business/news/economy/vegetable-prices-again-spike-in-delhi-retailers-blame-bad-weather_115654.html,-5,bad weather,,2
Graph Based Result:::
Date,Value
News Data
Start Date, End Date,News Source,Link,Days,Reason,Comment,Days Reported
VAR Result:::
Date,Value
News Data
Start Date, End Date,News Source,Link,Days,Reason,Comment,Days Reported
(1U2U3) Result:::
Date
2006-01-01 00:00:00
2006-01-02 00:00:00
2006-01-03 00:00:00
2006-01-04 00:00:00
2006-01-05 00:00:00
2006-01-06 00:00:00
2006-01-07 00:00:00
2006-01-08 00:00:00
2006-01-09 00:00:00
2006-01-10 00:00:00
2006-01-11 00:00:00
2006-01-12 00:00:00
2006-01-13 00:00:00
2006-01-14 00:00:00
2006-01-15 00:00:00
2006-01-31 00:00:00
2006-02-01 00:00:00
2006-02-02 00:00:00
2006-02-03 00:00:00
2006-02-04 00:00:00
2006-02-05 00:00:00
2006-02-06 00:00:00
2006-02-07 00:00:00
2006-02-08 00:00:00
2006-02-09 00:00:00
2006-02-10 00:00:00
2006-02-11 00:00:00
2006-02-12 00:00:00
2006-02-13 00:00:00
2006-02-14 00:00:00
2006-03-02 00:00:00
2006-03-03 00:00:00
2006-03-04 00:00:00
2006-03-05 00:00:00
2006-03-06 00:00:00
2006-03-07 00:00:00
2006-03-08 00:00:00
2006-03-09 00:00:00
2006-03-10 00:00:00
2006-03-11 00:00:00
2006-03-12 00:00:00
2006-03-13 00:00:00
2006-03-14 00:00:00
2006-03-15 00:00:00
2006-03-16 00:00:00
2006-03-17 00:00:00
2006-03-18 00:00:00
2006-03-19 00:00:00
2006-03-20 00:00:00
2006-03-21 00:00:00
2006-03-22 00:00:00
2006-03-23 00:00:00
2006-03-24 00:00:00
2006-03-25 00:00:00
2006-03-26 00:00:00
2006-03-27 00:00:00
2006-03-28 00:00:00
2006-03-29 00:00:00
2006-03-30 00:00:00
2006-03-31 00:00:00
2006-05-16 00:00:00
2006-05-17 00:00:00
2006-05-18 00:00:00
2006-05-19 00:00:00
2006-05-20 00:00:00
2006-05-21 00:00:00
2006-05-22 00:00:00
2006-05-23 00:00:00
2006-05-24 00:00:00
2006-05-25 00:00:00
2006-05-26 00:00:00
2006-05-27 00:00:00
2006-05-28 00:00:00
2006-05-29 00:00:00
2006-05-30 00:00:00
2006-07-30 00:00:00
2006-07-31 00:00:00
2006-08-01 00:00:00
2006-08-02 00:00:00
2006-08-03 00:00:00
2006-08-04 00:00:00
2006-08-05 00:00:00
2006-08-06 00:00:00
2006-08-07 00:00:00
2006-08-08 00:00:00
2006-08-09 00:00:00
2006-08-10 00:00:00
2006-08-11 00:00:00
2006-08-12 00:00:00
2006-08-13 00:00:00
2006-08-29 00:00:00
2006-08-30 00:00:00
2006-08-31 00:00:00
2006-09-01 00:00:00
2006-09-02 00:00:00
2006-09-03 00:00:00
2006-09-04 00:00:00
2006-09-05 00:00:00
2006-09-06 00:00:00
2006-09-07 00:00:00
2006-09-08 00:00:00
2006-09-09 00:00:00
2006-09-10 00:00:00
2006-09-11 00:00:00
2006-09-12 00:00:00
2006-09-13 00:00:00
2006-09-14 00:00:00
2006-09-15 00:00:00
2006-09-16 00:00:00
2006-09-17 00:00:00
2006-09-18 00:00:00
2006-09-19 00:00:00
2006-09-20 00:00:00
2006-09-21 00:00:00
2006-09-22 00:00:00
2006-09-23 00:00:00
2006-09-24 00:00:00
2006-09-25 00:00:00
2006-09-26 00:00:00
2006-09-27 00:00:00
2006-10-13 00:00:00
2006-10-14 00:00:00
2006-10-15 00:00:00
2006-10-16 00:00:00
2006-10-17 00:00:00
2006-10-18 00:00:00
2006-10-19 00:00:00
2006-10-20 00:00:00
2006-10-21 00:00:00
2006-10-22 00:00:00
2006-10-23 00:00:00
2006-10-24 00:00:00
2006-10-25 00:00:00
2006-10-26 00:00:00
2006-10-27 00:00:00
2006-12-17 00:00:00
2006-12-18 00:00:00
2006-12-19 00:00:00
2006-12-20 00:00:00
2006-12-21 00:00:00
2006-12-22 00:00:00
2006-12-23 00:00:00
2007-01-14 00:00:00
2007-01-15 00:00:00
2007-01-16 00:00:00
2007-01-17 00:00:00
2007-01-18 00:00:00
2007-01-19 00:00:00
2007-01-20 00:00:00
2007-01-26 00:00:00
2007-01-27 00:00:00
2007-01-28 00:00:00
2007-01-29 00:00:00
2007-01-30 00:00:00
2007-01-31 00:00:00
2007-02-01 00:00:00
2007-02-02 00:00:00
2007-02-03 00:00:00
2007-02-04 00:00:00
2007-02-05 00:00:00
2007-02-06 00:00:00
2007-02-07 00:00:00
2007-02-08 00:00:00
2007-02-09 00:00:00
2007-02-10 00:00:00
2007-02-11 00:00:00
2007-02-12 00:00:00
2007-02-13 00:00:00
2007-02-14 00:00:00
2007-02-15 00:00:00
2007-02-16 00:00:00
2007-02-17 00:00:00
2007-02-18 00:00:00
2007-02-19 00:00:00
2007-02-20 00:00:00
2007-02-21 00:00:00
2007-02-22 00:00:00
2007-02-23 00:00:00
2007-02-24 00:00:00
2007-03-25 00:00:00
2007-03-26 00:00:00
2007-03-27 00:00:00
2007-03-28 00:00:00
2007-03-29 00:00:00
2007-03-30 00:00:00
2007-03-31 00:00:00
2007-04-01 00:00:00
2007-04-02 00:00:00
2007-04-03 00:00:00
2007-04-04 00:00:00
2007-04-05 00:00:00
2007-04-06 00:00:00
2007-04-07 00:00:00
2007-04-08 00:00:00
2007-04-09 00:00:00
2007-04-10 00:00:00
2007-05-06 00:00:00
2007-05-07 00:00:00
2007-05-08 00:00:00
2007-05-09 00:00:00
2007-05-10 00:00:00
2007-05-11 00:00:00
2007-05-12 00:00:00
2007-05-13 00:00:00
2007-05-14 00:00:00
2007-05-15 00:00:00
2007-05-16 00:00:00
2007-05-17 00:00:00
2007-05-18 00:00:00
2007-05-19 00:00:00
2007-05-20 00:00:00
2007-05-21 00:00:00
2007-05-22 00:00:00
2007-05-23 00:00:00
2007-05-24 00:00:00
2007-05-25 00:00:00
2007-06-10 00:00:00
2007-06-11 00:00:00
2007-06-12 00:00:00
2007-06-13 00:00:00
2007-06-14 00:00:00
2007-06-15 00:00:00
2007-06-16 00:00:00
2007-06-17 00:00:00
2007-06-18 00:00:00
2007-06-19 00:00:00
2007-06-20 00:00:00
2007-06-21 00:00:00
2007-06-22 00:00:00
2007-06-23 00:00:00
2007-06-24 00:00:00
2007-06-25 00:00:00
2007-06-26 00:00:00
2007-06-27 00:00:00
2007-06-28 00:00:00
2007-06-29 00:00:00
2007-06-30 00:00:00
2007-07-01 00:00:00
2007-07-02 00:00:00
2007-07-03 00:00:00
2007-07-04 00:00:00
2007-07-05 00:00:00
2007-07-06 00:00:00
2007-07-07 00:00:00
2007-07-08 00:00:00
2007-07-09 00:00:00
2007-08-09 00:00:00
2007-08-10 00:00:00
2007-08-11 00:00:00
2007-08-12 00:00:00
2007-08-13 00:00:00
2007-08-14 00:00:00
2007-08-15 00:00:00
2007-08-16 00:00:00
2007-08-17 00:00:00
2007-08-18 00:00:00
2007-08-19 00:00:00
2007-08-20 00:00:00
2007-08-21 00:00:00
2007-08-22 00:00:00
2007-08-23 00:00:00
2007-08-26 00:00:00
2007-08-27 00:00:00
2007-08-28 00:00:00
2007-08-29 00:00:00
2007-08-30 00:00:00
2007-08-31 00:00:00
2007-09-01 00:00:00
2007-09-23 00:00:00
2007-09-24 00:00:00
2007-09-25 00:00:00
2007-09-26 00:00:00
2007-09-27 00:00:00
2007-09-28 00:00:00
2007-09-29 00:00:00
2007-09-30 00:00:00
2007-10-01 00:00:00
2007-10-02 00:00:00
2007-10-03 00:00:00
2007-10-04 00:00:00
2007-10-05 00:00:00
2007-10-06 00:00:00
2007-10-07 00:00:00
2007-10-23 00:00:00
2007-10-24 00:00:00
2007-10-25 00:00:00
2007-10-26 00:00:00
2007-10-27 00:00:00
2007-10-28 00:00:00
2007-10-29 00:00:00
2007-10-30 00:00:00
2007-10-31 00:00:00
2007-11-01 00:00:00
2007-11-02 00:00:00
2007-11-03 00:00:00
2007-11-04 00:00:00
2007-11-05 00:00:00
2007-11-06 00:00:00
2007-11-22 00:00:00
2007-11-23 00:00:00
2007-11-24 00:00:00
2007-11-25 00:00:00
2007-11-26 00:00:00
2007-11-27 00:00:00
2007-11-28 00:00:00
2007-11-29 00:00:00
2007-11-30 00:00:00
2007-12-01 00:00:00
2007-12-02 00:00:00
2007-12-03 00:00:00
2007-12-04 00:00:00
2007-12-05 00:00:00
2007-12-06 00:00:00
2007-12-22 00:00:00
2007-12-23 00:00:00
2007-12-24 00:00:00
2007-12-25 00:00:00
2007-12-26 00:00:00
2007-12-27 00:00:00
2007-12-28 00:00:00
2007-12-29 00:00:00
2007-12-30 00:00:00
2007-12-31 00:00:00
2008-01-01 00:00:00
2008-01-02 00:00:00
2008-01-03 00:00:00
2008-01-04 00:00:00
2008-01-05 00:00:00
2008-01-21 00:00:00
2008-01-22 00:00:00
2008-01-23 00:00:00
2008-01-24 00:00:00
2008-01-25 00:00:00
2008-01-26 00:00:00
2008-01-27 00:00:00
2008-01-28 00:00:00
2008-01-29 00:00:00
2008-01-30 00:00:00
2008-01-31 00:00:00
2008-02-01 00:00:00
2008-02-02 00:00:00
2008-02-03 00:00:00
2008-02-04 00:00:00
2008-02-10 00:00:00
2008-02-11 00:00:00
2008-02-12 00:00:00
2008-02-13 00:00:00
2008-02-14 00:00:00
2008-02-15 00:00:00
2008-02-16 00:00:00
2008-02-20 00:00:00
2008-02-21 00:00:00
2008-02-22 00:00:00
2008-02-23 00:00:00
2008-02-24 00:00:00
2008-02-25 00:00:00
2008-02-26 00:00:00
2008-02-27 00:00:00
2008-02-28 00:00:00
2008-02-29 00:00:00
2008-03-01 00:00:00
2008-03-02 00:00:00
2008-03-03 00:00:00
2008-03-04 00:00:00
2008-03-05 00:00:00
2008-03-09 00:00:00
2008-03-10 00:00:00
2008-03-11 00:00:00
2008-03-12 00:00:00
2008-03-13 00:00:00
2008-03-14 00:00:00
2008-03-15 00:00:00
2008-03-23 00:00:00
2008-03-24 00:00:00
2008-03-25 00:00:00
2008-03-26 00:00:00
2008-03-27 00:00:00
2008-03-28 00:00:00
2008-03-29 00:00:00
2008-03-30 00:00:00
2008-03-31 00:00:00
2008-04-01 00:00:00
2008-04-02 00:00:00
2008-04-03 00:00:00
2008-04-04 00:00:00
2008-04-05 00:00:00
2008-04-27 00:00:00
2008-04-28 00:00:00
2008-04-29 00:00:00
2008-04-30 00:00:00
2008-05-01 00:00:00
2008-05-02 00:00:00
2008-05-03 00:00:00
2008-05-20 00:00:00
2008-05-21 00:00:00
2008-05-22 00:00:00
2008-05-23 00:00:00
2008-05-24 00:00:00
2008-05-25 00:00:00
2008-05-26 00:00:00
2008-05-27 00:00:00
2008-05-28 00:00:00
2008-05-29 00:00:00
2008-05-30 00:00:00
2008-05-31 00:00:00
2008-06-01 00:00:00
2008-06-02 00:00:00
2008-06-03 00:00:00
2008-06-04 00:00:00
2008-06-05 00:00:00
2008-06-06 00:00:00
2008-06-07 00:00:00
2008-06-08 00:00:00
2008-06-09 00:00:00
2008-06-10 00:00:00
2008-06-11 00:00:00
2008-06-12 00:00:00
2008-06-13 00:00:00
2008-06-14 00:00:00
2008-06-15 00:00:00
2008-06-16 00:00:00
2008-06-17 00:00:00
2008-06-18 00:00:00
2008-06-19 00:00:00
2008-06-20 00:00:00
2008-06-21 00:00:00
2008-06-22 00:00:00
2008-06-23 00:00:00
2008-06-24 00:00:00
2008-06-25 00:00:00
2008-06-26 00:00:00
2008-06-27 00:00:00
2008-06-28 00:00:00
2008-06-29 00:00:00
2008-06-30 00:00:00
2008-07-01 00:00:00
2008-07-02 00:00:00
2008-07-03 00:00:00
2008-07-04 00:00:00
2008-07-05 00:00:00
2008-07-06 00:00:00
2008-07-07 00:00:00
2008-07-08 00:00:00
2008-07-09 00:00:00
2008-07-10 00:00:00
2008-07-11 00:00:00
2008-07-12 00:00:00
2008-07-13 00:00:00
2008-07-14 00:00:00
2008-07-15 00:00:00
2008-07-16 00:00:00
2008-07-17 00:00:00
2008-07-18 00:00:00
2008-07-27 00:00:00
2008-07-28 00:00:00
2008-07-29 00:00:00
2008-07-30 00:00:00
2008-07-31 00:00:00
2008-08-01 00:00:00
2008-08-02 00:00:00
2008-08-10 00:00:00
2008-08-11 00:00:00
2008-08-12 00:00:00
2008-08-13 00:00:00
2008-08-14 00:00:00
2008-08-15 00:00:00
2008-08-16 00:00:00
2008-09-17 00:00:00
2008-09-18 00:00:00
2008-09-19 00:00:00
2008-09-20 00:00:00
2008-09-21 00:00:00
2008-09-22 00:00:00
2008-09-23 00:00:00
2008-09-24 00:00:00
2008-09-25 00:00:00
2008-09-26 00:00:00
2008-09-27 00:00:00
2008-09-28 00:00:00
2008-09-29 00:00:00
2008-09-30 00:00:00
2008-10-01 00:00:00
2008-10-02 00:00:00
2008-10-03 00:00:00
2008-10-04 00:00:00
2008-10-05 00:00:00
2008-10-06 00:00:00
2008-10-07 00:00:00
2008-10-08 00:00:00
2008-10-09 00:00:00
2008-10-10 00:00:00
2008-10-11 00:00:00
2008-10-12 00:00:00
2008-10-13 00:00:00
2008-10-14 00:00:00
2008-10-15 00:00:00
2008-10-16 00:00:00
2008-11-01 00:00:00
2008-11-02 00:00:00
2008-11-03 00:00:00
2008-11-04 00:00:00
2008-11-05 00:00:00
2008-11-06 00:00:00
2008-11-07 00:00:00
2008-11-08 00:00:00
2008-11-09 00:00:00
2008-11-10 00:00:00
2008-11-11 00:00:00
2008-11-12 00:00:00
2008-11-13 00:00:00
2008-11-14 00:00:00
2008-11-15 00:00:00
2008-11-23 00:00:00
2008-11-24 00:00:00
2008-11-25 00:00:00
2008-11-26 00:00:00
2008-11-27 00:00:00
2008-11-28 00:00:00
2008-11-29 00:00:00
2008-11-30 00:00:00
2008-12-01 00:00:00
2008-12-02 00:00:00
2008-12-03 00:00:00
2008-12-04 00:00:00
2008-12-05 00:00:00
2008-12-06 00:00:00
2008-12-16 00:00:00
2008-12-17 00:00:00
2008-12-18 00:00:00
2008-12-19 00:00:00
2008-12-20 00:00:00
2008-12-21 00:00:00
2008-12-22 00:00:00
2008-12-23 00:00:00
2008-12-24 00:00:00
2008-12-25 00:00:00
2008-12-26 00:00:00
2008-12-27 00:00:00
2008-12-28 00:00:00
2008-12-29 00:00:00
2008-12-30 00:00:00
2008-12-31 00:00:00
2009-01-01 00:00:00
2009-01-02 00:00:00
2009-01-03 00:00:00
2009-01-04 00:00:00
2009-01-05 00:00:00
2009-01-06 00:00:00
2009-01-07 00:00:00
2009-01-08 00:00:00
2009-01-09 00:00:00
2009-01-10 00:00:00
2009-01-11 00:00:00
2009-01-12 00:00:00
2009-01-13 00:00:00
2009-01-14 00:00:00
2009-02-08 00:00:00
2009-02-09 00:00:00
2009-02-10 00:00:00
2009-02-11 00:00:00
2009-02-12 00:00:00
2009-02-13 00:00:00
2009-02-14 00:00:00
2009-03-31 00:00:00
2009-04-01 00:00:00
2009-04-02 00:00:00
2009-04-03 00:00:00
2009-04-04 00:00:00
2009-04-05 00:00:00
2009-04-06 00:00:00
2009-04-07 00:00:00
2009-04-08 00:00:00
2009-04-09 00:00:00
2009-04-10 00:00:00
2009-04-11 00:00:00
2009-04-12 00:00:00
2009-04-13 00:00:00
2009-04-14 00:00:00
2009-04-15 00:00:00
2009-04-16 00:00:00
2009-04-17 00:00:00
2009-04-18 00:00:00
2009-04-19 00:00:00
2009-04-20 00:00:00
2009-04-21 00:00:00
2009-04-22 00:00:00
2009-04-23 00:00:00
2009-04-24 00:00:00
2009-04-25 00:00:00
2009-04-26 00:00:00
2009-04-27 00:00:00
2009-04-28 00:00:00
2009-04-29 00:00:00
2009-04-30 00:00:00
2009-05-01 00:00:00
2009-05-02 00:00:00
2009-05-03 00:00:00
2009-05-04 00:00:00
2009-05-05 00:00:00
2009-05-06 00:00:00
2009-05-07 00:00:00
2009-05-08 00:00:00
2009-05-09 00:00:00
2009-05-10 00:00:00
2009-05-11 00:00:00
2009-05-12 00:00:00
2009-05-13 00:00:00
2009-05-14 00:00:00
2009-05-17 00:00:00
2009-05-18 00:00:00
2009-05-19 00:00:00
2009-05-20 00:00:00
2009-05-21 00:00:00
2009-05-22 00:00:00
2009-05-23 00:00:00
2009-05-24 00:00:00
2009-05-25 00:00:00
2009-05-26 00:00:00
2009-05-27 00:00:00
2009-05-28 00:00:00
2009-05-29 00:00:00
2009-05-30 00:00:00
2009-05-31 00:00:00
2009-06-01 00:00:00
2009-06-02 00:00:00
2009-06-03 00:00:00
2009-06-04 00:00:00
2009-06-05 00:00:00
2009-06-06 00:00:00
2009-06-07 00:00:00
2009-06-08 00:00:00
2009-06-09 00:00:00
2009-06-10 00:00:00
2009-06-11 00:00:00
2009-06-12 00:00:00
2009-06-13 00:00:00
2009-06-14 00:00:00
2009-06-15 00:00:00
2009-06-16 00:00:00
2009-06-17 00:00:00
2009-06-18 00:00:00
2009-06-19 00:00:00
2009-06-20 00:00:00
2009-06-21 00:00:00
2009-06-22 00:00:00
2009-06-23 00:00:00
2009-06-24 00:00:00
2009-06-25 00:00:00
2009-06-26 00:00:00
2009-06-27 00:00:00
2009-06-28 00:00:00
2009-06-29 00:00:00
2009-06-30 00:00:00
2009-07-01 00:00:00
2009-07-02 00:00:00
2009-07-03 00:00:00
2009-07-04 00:00:00
2009-07-29 00:00:00
2009-07-30 00:00:00
2009-07-31 00:00:00
2009-08-01 00:00:00
2009-08-02 00:00:00
2009-08-03 00:00:00
2009-08-04 00:00:00
2009-08-05 00:00:00
2009-08-06 00:00:00
2009-08-07 00:00:00
2009-08-08 00:00:00
2009-08-09 00:00:00
2009-08-10 00:00:00
2009-08-11 00:00:00
2009-08-12 00:00:00
2009-08-16 00:00:00
2009-08-17 00:00:00
2009-08-18 00:00:00
2009-08-19 00:00:00
2009-08-20 00:00:00
2009-08-21 00:00:00
2009-08-22 00:00:00
2009-08-30 00:00:00
2009-08-31 00:00:00
2009-09-01 00:00:00
2009-09-02 00:00:00
2009-09-03 00:00:00
2009-09-04 00:00:00
2009-09-05 00:00:00
2009-09-27 00:00:00
2009-09-28 00:00:00
2009-09-29 00:00:00
2009-09-30 00:00:00
2009-10-01 00:00:00
2009-10-02 00:00:00
2009-10-03 00:00:00
2009-10-04 00:00:00
2009-10-05 00:00:00
2009-10-06 00:00:00
2009-10-07 00:00:00
2009-10-08 00:00:00
2009-10-09 00:00:00
2009-10-10 00:00:00
2009-10-11 00:00:00
2009-10-12 00:00:00
2009-10-13 00:00:00
2009-10-14 00:00:00
2009-10-15 00:00:00
2009-10-16 00:00:00
2009-10-17 00:00:00
2009-10-18 00:00:00
2009-10-19 00:00:00
2009-10-20 00:00:00
2009-10-21 00:00:00
2009-10-22 00:00:00
2009-10-23 00:00:00
2009-10-24 00:00:00
2009-10-25 00:00:00
2009-10-26 00:00:00
2009-10-27 00:00:00
2009-10-28 00:00:00
2009-10-29 00:00:00
2009-10-30 00:00:00
2009-10-31 00:00:00
2009-11-01 00:00:00
2009-11-02 00:00:00
2009-11-03 00:00:00
2009-11-04 00:00:00
2009-11-05 00:00:00
2009-11-06 00:00:00
2009-11-07 00:00:00
2009-11-08 00:00:00
2009-11-09 00:00:00
2009-11-10 00:00:00
2009-11-11 00:00:00
2009-11-12 00:00:00
2009-11-13 00:00:00
2009-11-14 00:00:00
2009-11-15 00:00:00
2009-11-16 00:00:00
2009-11-17 00:00:00
2009-11-18 00:00:00
2009-11-19 00:00:00
2009-11-20 00:00:00
2009-11-21 00:00:00
2009-11-22 00:00:00
2009-11-23 00:00:00
2009-11-24 00:00:00
2009-11-25 00:00:00
2009-11-26 00:00:00
2009-11-27 00:00:00
2009-11-28 00:00:00
2009-11-29 00:00:00
2009-11-30 00:00:00
2009-12-01 00:00:00
2009-12-02 00:00:00
2009-12-03 00:00:00
2009-12-04 00:00:00
2009-12-05 00:00:00
2009-12-06 00:00:00
2009-12-07 00:00:00
2009-12-08 00:00:00
2009-12-09 00:00:00
2009-12-10 00:00:00
2009-12-26 00:00:00
2009-12-27 00:00:00
2009-12-28 00:00:00
2009-12-29 00:00:00
2009-12-30 00:00:00
2009-12-31 00:00:00
2010-01-01 00:00:00
2010-01-02 00:00:00
2010-01-03 00:00:00
2010-01-04 00:00:00
2010-01-05 00:00:00
2010-01-06 00:00:00
2010-01-07 00:00:00
2010-01-08 00:00:00
2010-01-09 00:00:00
2010-01-10 00:00:00
2010-01-11 00:00:00
2010-01-12 00:00:00
2010-01-13 00:00:00
2010-01-14 00:00:00
2010-01-15 00:00:00
2010-01-16 00:00:00
2010-01-17 00:00:00
2010-01-18 00:00:00
2010-01-19 00:00:00
2010-01-20 00:00:00
2010-01-21 00:00:00
2010-01-22 00:00:00
2010-01-23 00:00:00
2010-01-24 00:00:00
2010-03-07 00:00:00
2010-03-08 00:00:00
2010-03-09 00:00:00
2010-03-10 00:00:00
2010-03-11 00:00:00
2010-03-12 00:00:00
2010-03-13 00:00:00
2010-03-14 00:00:00
2010-03-15 00:00:00
2010-03-16 00:00:00
2010-03-17 00:00:00
2010-03-18 00:00:00
2010-03-19 00:00:00
2010-03-20 00:00:00
2010-03-21 00:00:00
2010-03-22 00:00:00
2010-03-23 00:00:00
2010-03-24 00:00:00
2010-03-25 00:00:00
2010-03-26 00:00:00
2010-03-27 00:00:00
2010-03-28 00:00:00
2010-03-29 00:00:00
2010-03-30 00:00:00
2010-03-31 00:00:00
2010-04-01 00:00:00
2010-04-02 00:00:00
2010-04-03 00:00:00
2010-04-04 00:00:00
2010-04-05 00:00:00
2010-04-06 00:00:00
2010-04-07 00:00:00
2010-04-08 00:00:00
2010-04-09 00:00:00
2010-04-18 00:00:00
2010-04-19 00:00:00
2010-04-20 00:00:00
2010-04-21 00:00:00
2010-04-22 00:00:00
2010-04-23 00:00:00
2010-04-24 00:00:00
2010-04-25 00:00:00
2010-04-26 00:00:00
2010-04-27 00:00:00
2010-04-28 00:00:00
2010-04-29 00:00:00
2010-04-30 00:00:00
2010-05-01 00:00:00
2010-05-02 00:00:00
2010-05-03 00:00:00
2010-05-04 00:00:00
2010-05-05 00:00:00
2010-05-06 00:00:00
2010-05-07 00:00:00
2010-05-08 00:00:00
2010-05-09 00:00:00
2010-05-10 00:00:00
2010-05-11 00:00:00
2010-05-12 00:00:00
2010-05-13 00:00:00
2010-05-14 00:00:00
2010-05-15 00:00:00
2010-05-16 00:00:00
2010-05-17 00:00:00
2010-05-18 00:00:00
2010-05-19 00:00:00
2010-05-20 00:00:00
2010-05-21 00:00:00
2010-05-22 00:00:00
2010-05-23 00:00:00
2010-05-24 00:00:00
2010-05-25 00:00:00
2010-05-26 00:00:00
2010-05-27 00:00:00
2010-05-28 00:00:00
2010-05-29 00:00:00
2010-08-08 00:00:00
2010-08-09 00:00:00
2010-08-10 00:00:00
2010-08-11 00:00:00
2010-08-12 00:00:00
2010-08-13 00:00:00
2010-08-14 00:00:00
2010-08-15 00:00:00
2010-08-16 00:00:00
2010-08-17 00:00:00
2010-08-18 00:00:00
2010-08-19 00:00:00
2010-08-20 00:00:00
2010-08-21 00:00:00
2010-08-22 00:00:00
2010-08-23 00:00:00
2010-08-24 00:00:00
2010-08-25 00:00:00
2010-08-26 00:00:00
2010-08-27 00:00:00
2010-08-28 00:00:00
2010-08-29 00:00:00
2010-08-30 00:00:00
2010-08-31 00:00:00
2010-09-01 00:00:00
2010-09-02 00:00:00
2010-09-03 00:00:00
2010-09-04 00:00:00
2010-09-05 00:00:00
2010-09-06 00:00:00
2010-09-07 00:00:00
2010-09-08 00:00:00
2010-09-09 00:00:00
2010-09-10 00:00:00
2010-09-11 00:00:00
2010-09-26 00:00:00
2010-09-27 00:00:00
2010-09-28 00:00:00
2010-09-29 00:00:00
2010-09-30 00:00:00
2010-10-01 00:00:00
2010-10-02 00:00:00
2010-10-07 00:00:00
2010-10-08 00:00:00
2010-10-09 00:00:00
2010-10-10 00:00:00
2010-10-11 00:00:00
2010-10-12 00:00:00
2010-10-13 00:00:00
2010-10-14 00:00:00
2010-10-15 00:00:00
2010-10-16 00:00:00
2010-10-17 00:00:00
2010-10-18 00:00:00
2010-10-19 00:00:00
2010-10-20 00:00:00
2010-10-21 00:00:00
2010-10-22 00:00:00
2010-10-23 00:00:00
2010-10-24 00:00:00
2010-10-25 00:00:00
2010-10-26 00:00:00
2010-10-27 00:00:00
2010-10-28 00:00:00
2010-10-29 00:00:00
2010-10-30 00:00:00
2010-10-31 00:00:00
2010-11-01 00:00:00
2010-11-02 00:00:00
2010-11-03 00:00:00
2010-11-04 00:00:00
2010-11-05 00:00:00
2010-11-06 00:00:00
2010-11-07 00:00:00
2010-11-08 00:00:00
2010-11-09 00:00:00
2010-11-10 00:00:00
2010-11-11 00:00:00
2010-11-12 00:00:00
2010-11-13 00:00:00
2010-11-14 00:00:00
2010-11-15 00:00:00
2010-11-16 00:00:00
2010-11-17 00:00:00
2010-11-18 00:00:00
2010-11-19 00:00:00
2010-11-20 00:00:00
2010-11-21 00:00:00
2010-11-22 00:00:00
2010-11-23 00:00:00
2010-11-24 00:00:00
2010-11-25 00:00:00
2010-11-26 00:00:00
2010-11-27 00:00:00
2010-11-28 00:00:00
2010-11-29 00:00:00
2010-11-30 00:00:00
2010-12-01 00:00:00
2010-12-02 00:00:00
2010-12-03 00:00:00
2010-12-04 00:00:00
2010-12-05 00:00:00
2010-12-19 00:00:00
2010-12-20 00:00:00
2010-12-21 00:00:00
2010-12-22 00:00:00
2010-12-23 00:00:00
2010-12-24 00:00:00
2010-12-25 00:00:00
2010-12-26 00:00:00
2010-12-27 00:00:00
2010-12-28 00:00:00
2010-12-29 00:00:00
2010-12-30 00:00:00
2010-12-31 00:00:00
2011-01-01 00:00:00
2011-01-02 00:00:00
2011-01-03 00:00:00
2011-01-04 00:00:00
2011-01-05 00:00:00
2011-01-06 00:00:00
2011-01-07 00:00:00
2011-01-08 00:00:00
2011-01-09 00:00:00
2011-01-10 00:00:00
2011-01-11 00:00:00
2011-01-12 00:00:00
2011-01-13 00:00:00
2011-01-14 00:00:00
2011-01-15 00:00:00
2011-01-16 00:00:00
2011-01-17 00:00:00
2011-01-18 00:00:00
2011-01-19 00:00:00
2011-01-20 00:00:00
2011-01-21 00:00:00
2011-01-22 00:00:00
2011-01-23 00:00:00
2011-01-24 00:00:00
2011-01-25 00:00:00
2011-01-26 00:00:00
2011-01-27 00:00:00
2011-01-28 00:00:00
2011-01-29 00:00:00
2011-01-30 00:00:00
2011-01-31 00:00:00
2011-02-01 00:00:00
2011-02-02 00:00:00
2011-02-03 00:00:00
2011-02-04 00:00:00
2011-02-05 00:00:00
2011-02-06 00:00:00
2011-02-07 00:00:00
2011-02-08 00:00:00
2011-02-09 00:00:00
2011-02-10 00:00:00
2011-02-11 00:00:00
2011-02-12 00:00:00
2011-02-13 00:00:00
2011-02-14 00:00:00
2011-02-15 00:00:00
2011-02-16 00:00:00
2011-02-17 00:00:00
2011-02-18 00:00:00
2011-02-19 00:00:00
2011-02-20 00:00:00
2011-02-21 00:00:00
2011-02-22 00:00:00
2011-02-23 00:00:00
2011-02-24 00:00:00
2011-02-25 00:00:00
2011-02-26 00:00:00
2011-03-06 00:00:00
2011-03-07 00:00:00
2011-03-08 00:00:00
2011-03-09 00:00:00
2011-03-10 00:00:00
2011-03-11 00:00:00
2011-03-12 00:00:00
2011-03-13 00:00:00
2011-03-14 00:00:00
2011-03-15 00:00:00
2011-03-16 00:00:00
2011-03-17 00:00:00
2011-03-18 00:00:00
2011-03-19 00:00:00
2011-04-17 00:00:00
2011-04-18 00:00:00
2011-04-19 00:00:00
2011-04-20 00:00:00
2011-04-21 00:00:00
2011-04-22 00:00:00
2011-04-23 00:00:00
2011-05-08 00:00:00
2011-05-09 00:00:00
2011-05-10 00:00:00
2011-05-11 00:00:00
2011-05-12 00:00:00
2011-05-13 00:00:00
2011-05-14 00:00:00
2011-06-26 00:00:00
2011-06-27 00:00:00
2011-06-28 00:00:00
2011-06-29 00:00:00
2011-06-30 00:00:00
2011-07-01 00:00:00
2011-07-02 00:00:00
2011-07-03 00:00:00
2011-07-04 00:00:00
2011-07-05 00:00:00
2011-07-06 00:00:00
2011-07-07 00:00:00
2011-07-08 00:00:00
2011-07-09 00:00:00
2011-08-07 00:00:00
2011-08-08 00:00:00
2011-08-09 00:00:00
2011-08-10 00:00:00
2011-08-11 00:00:00
2011-08-12 00:00:00
2011-08-13 00:00:00
2011-08-28 00:00:00
2011-08-29 00:00:00
2011-08-30 00:00:00
2011-08-31 00:00:00
2011-09-01 00:00:00
2011-09-02 00:00:00
2011-09-03 00:00:00
2011-10-09 00:00:00
2011-10-10 00:00:00
2011-10-11 00:00:00
2011-10-12 00:00:00
2011-10-13 00:00:00
2011-10-14 00:00:00
2011-10-15 00:00:00
2011-11-20 00:00:00
2011-11-21 00:00:00
2011-11-22 00:00:00
2011-11-23 00:00:00
2011-11-24 00:00:00
2011-11-25 00:00:00
2011-11-26 00:00:00
2011-11-27 00:00:00
2011-11-28 00:00:00
2011-11-29 00:00:00
2011-11-30 00:00:00
2011-12-01 00:00:00
2011-12-02 00:00:00
2011-12-03 00:00:00
2011-12-11 00:00:00
2011-12-12 00:00:00
2011-12-13 00:00:00
2011-12-14 00:00:00
2011-12-15 00:00:00
2011-12-16 00:00:00
2011-12-17 00:00:00
2012-03-11 00:00:00
2012-03-12 00:00:00
2012-03-13 00:00:00
2012-03-14 00:00:00
2012-03-15 00:00:00
2012-03-16 00:00:00
2012-03-17 00:00:00
2012-04-15 00:00:00
2012-04-16 00:00:00
2012-04-17 00:00:00
2012-04-18 00:00:00
2012-04-19 00:00:00
2012-04-20 00:00:00
2012-04-21 00:00:00
2012-04-22 00:00:00
2012-04-23 00:00:00
2012-04-24 00:00:00
2012-04-25 00:00:00
2012-04-26 00:00:00
2012-04-27 00:00:00
2012-04-28 00:00:00
2012-04-29 00:00:00
2012-04-30 00:00:00
2012-05-01 00:00:00
2012-05-02 00:00:00
2012-05-03 00:00:00
2012-05-04 00:00:00
2012-05-05 00:00:00
2012-06-03 00:00:00
2012-06-04 00:00:00
2012-06-05 00:00:00
2012-06-06 00:00:00
2012-06-07 00:00:00
2012-06-08 00:00:00
2012-06-09 00:00:00
2012-07-08 00:00:00
2012-07-09 00:00:00
2012-07-10 00:00:00
2012-07-11 00:00:00
2012-07-12 00:00:00
2012-07-13 00:00:00
2012-07-14 00:00:00
2012-08-12 00:00:00
2012-08-13 00:00:00
2012-08-14 00:00:00
2012-08-15 00:00:00
2012-08-16 00:00:00
2012-08-17 00:00:00
2012-08-18 00:00:00
2012-09-23 00:00:00
2012-09-24 00:00:00
2012-09-25 00:00:00
2012-09-26 00:00:00
2012-09-27 00:00:00
2012-09-28 00:00:00
2012-09-29 00:00:00
2012-10-14 00:00:00
2012-10-15 00:00:00
2012-10-16 00:00:00
2012-10-17 00:00:00
2012-10-18 00:00:00
2012-10-19 00:00:00
2012-10-20 00:00:00
2012-10-21 00:00:00
2012-10-22 00:00:00
2012-10-23 00:00:00
2012-10-24 00:00:00
2012-10-25 00:00:00
2012-10-26 00:00:00
2012-10-27 00:00:00
2012-10-28 00:00:00
2012-10-29 00:00:00
2012-10-30 00:00:00
2012-10-31 00:00:00
2012-11-01 00:00:00
2012-11-02 00:00:00
2012-11-03 00:00:00
2013-04-28 00:00:00
2013-04-29 00:00:00
2013-04-30 00:00:00
2013-05-01 00:00:00
2013-05-02 00:00:00
2013-05-03 00:00:00
2013-05-04 00:00:00
2013-05-12 00:00:00
2013-05-13 00:00:00
2013-05-14 00:00:00
2013-05-15 00:00:00
2013-05-16 00:00:00
2013-05-17 00:00:00
2013-05-18 00:00:00
2013-06-23 00:00:00
2013-06-24 00:00:00
2013-06-25 00:00:00
2013-06-26 00:00:00
2013-06-27 00:00:00
2013-06-28 00:00:00
2013-06-29 00:00:00
2013-06-30 00:00:00
2013-07-01 00:00:00
2013-07-02 00:00:00
2013-07-03 00:00:00
2013-07-04 00:00:00
2013-07-05 00:00:00
2013-07-06 00:00:00
2013-07-07 00:00:00
2013-07-08 00:00:00
2013-07-09 00:00:00
2013-07-10 00:00:00
2013-07-11 00:00:00
2013-07-12 00:00:00
2013-07-13 00:00:00
2013-07-14 00:00:00
2013-07-15 00:00:00
2013-07-16 00:00:00
2013-07-17 00:00:00
2013-07-18 00:00:00
2013-07-19 00:00:00
2013-07-20 00:00:00
2013-07-21 00:00:00
2013-07-22 00:00:00
2013-07-23 00:00:00
2013-07-24 00:00:00
2013-07-25 00:00:00
2013-07-26 00:00:00
2013-07-27 00:00:00
2013-07-28 00:00:00
2013-07-29 00:00:00
2013-07-30 00:00:00
2013-07-31 00:00:00
2013-08-01 00:00:00
2013-08-02 00:00:00
2013-08-03 00:00:00
2013-08-18 00:00:00
2013-08-19 00:00:00
2013-08-20 00:00:00
2013-08-21 00:00:00
2013-08-22 00:00:00
2013-08-23 00:00:00
2013-08-24 00:00:00
2013-08-25 00:00:00
2013-08-26 00:00:00
2013-08-27 00:00:00
2013-08-28 00:00:00
2013-08-29 00:00:00
2013-08-30 00:00:00
2013-08-31 00:00:00
2013-09-01 00:00:00
2013-09-02 00:00:00
2013-09-03 00:00:00
2013-09-04 00:00:00
2013-09-05 00:00:00
2013-09-06 00:00:00
2013-09-07 00:00:00
2013-09-08 00:00:00
2013-09-09 00:00:00
2013-09-10 00:00:00
2013-09-11 00:00:00
2013-09-12 00:00:00
2013-09-13 00:00:00
2013-09-14 00:00:00
2013-09-15 00:00:00
2013-09-16 00:00:00
2013-09-17 00:00:00
2013-09-18 00:00:00
2013-09-19 00:00:00
2013-09-20 00:00:00
2013-09-21 00:00:00
2013-09-22 00:00:00
2013-09-23 00:00:00
2013-09-24 00:00:00
2013-09-25 00:00:00
2013-09-26 00:00:00
2013-09-27 00:00:00
2013-09-28 00:00:00
2013-09-29 00:00:00
2013-09-30 00:00:00
2013-10-01 00:00:00
2013-10-02 00:00:00
2013-10-03 00:00:00
2013-10-04 00:00:00
2013-10-05 00:00:00
2013-10-06 00:00:00
2013-10-07 00:00:00
2013-10-08 00:00:00
2013-10-09 00:00:00
2013-10-10 00:00:00
2013-10-11 00:00:00
2013-10-12 00:00:00
2013-10-13 00:00:00
2013-10-14 00:00:00
2013-10-15 00:00:00
2013-10-16 00:00:00
2013-10-17 00:00:00
2013-10-18 00:00:00
2013-10-19 00:00:00
2013-10-20 00:00:00
2013-10-21 00:00:00
2013-10-22 00:00:00
2013-10-23 00:00:00
2013-10-24 00:00:00
2013-10-25 00:00:00
2013-10-26 00:00:00
2013-10-27 00:00:00
2013-10-28 00:00:00
2013-10-29 00:00:00
2013-10-30 00:00:00
2013-10-31 00:00:00
2013-11-01 00:00:00
2013-11-02 00:00:00
2013-11-03 00:00:00
2013-11-04 00:00:00
2013-11-05 00:00:00
2013-11-06 00:00:00
2013-11-07 00:00:00
2013-11-08 00:00:00
2013-11-09 00:00:00
2013-11-10 00:00:00
2013-11-11 00:00:00
2013-11-12 00:00:00
2013-11-13 00:00:00
2013-11-14 00:00:00
2013-11-15 00:00:00
2013-11-16 00:00:00
2013-11-17 00:00:00
2013-11-18 00:00:00
2013-11-19 00:00:00
2013-11-20 00:00:00
2013-11-21 00:00:00
2013-11-22 00:00:00
2013-11-23 00:00:00
2013-11-24 00:00:00
2013-11-25 00:00:00
2013-11-26 00:00:00
2013-11-27 00:00:00
2013-11-28 00:00:00
2013-11-29 00:00:00
2013-11-30 00:00:00
2013-12-01 00:00:00
2013-12-02 00:00:00
2013-12-03 00:00:00
2013-12-04 00:00:00
2013-12-05 00:00:00
2013-12-06 00:00:00
2013-12-07 00:00:00
2013-12-08 00:00:00
2013-12-09 00:00:00
2013-12-10 00:00:00
2013-12-11 00:00:00
2013-12-12 00:00:00
2013-12-13 00:00:00
2013-12-14 00:00:00
2013-12-15 00:00:00
2013-12-16 00:00:00
2013-12-17 00:00:00
2013-12-18 00:00:00
2013-12-19 00:00:00
2013-12-20 00:00:00
2013-12-21 00:00:00
2013-12-22 00:00:00
2013-12-23 00:00:00
2013-12-24 00:00:00
2013-12-25 00:00:00
2013-12-26 00:00:00
2013-12-27 00:00:00
2013-12-28 00:00:00
2014-03-23 00:00:00
2014-03-24 00:00:00
2014-03-25 00:00:00
2014-03-26 00:00:00
2014-03-27 00:00:00
2014-03-28 00:00:00
2014-03-29 00:00:00
2014-05-11 00:00:00
2014-05-12 00:00:00
2014-05-13 00:00:00
2014-05-14 00:00:00
2014-05-15 00:00:00
2014-05-16 00:00:00
2014-05-17 00:00:00
2014-05-18 00:00:00
2014-05-19 00:00:00
2014-05-20 00:00:00
2014-05-21 00:00:00
2014-05-22 00:00:00
2014-05-23 00:00:00
2014-05-24 00:00:00
2014-06-29 00:00:00
2014-06-30 00:00:00
2014-07-01 00:00:00
2014-07-02 00:00:00
2014-07-03 00:00:00
2014-07-04 00:00:00
2014-07-05 00:00:00
2014-07-13 00:00:00
2014-07-14 00:00:00
2014-07-15 00:00:00
2014-07-16 00:00:00
2014-07-17 00:00:00
2014-07-18 00:00:00
2014-07-19 00:00:00
2014-08-02 00:00:00
2014-08-03 00:00:00
2014-08-04 00:00:00
2014-08-11 00:00:00
2014-08-15 00:00:00
2014-08-16 00:00:00
2014-08-17 00:00:00
2014-08-18 00:00:00
2014-08-20 00:00:00
2014-08-21 00:00:00
2014-08-22 00:00:00
2014-08-25 00:00:00
2014-08-28 00:00:00
2014-08-31 00:00:00
2014-09-01 00:00:00
2014-10-02 00:00:00
2014-10-03 00:00:00
2014-10-05 00:00:00
2014-10-06 00:00:00
2014-10-07 00:00:00
2014-10-23 00:00:00
2014-10-24 00:00:00
2014-10-25 00:00:00
2014-10-26 00:00:00
2014-10-27 00:00:00
2014-10-28 00:00:00
2014-11-30 00:00:00
2014-12-01 00:00:00
2014-12-02 00:00:00
2014-12-03 00:00:00
2014-12-04 00:00:00
2014-12-05 00:00:00
2014-12-06 00:00:00
2015-01-05 00:00:00
2015-01-08 00:00:00
2015-01-11 00:00:00
2015-01-21 00:00:00
2015-01-27 00:00:00
2015-01-30 00:00:00
2015-01-31 00:00:00
2015-02-01 00:00:00
2015-02-02 00:00:00
2015-02-07 00:00:00
2015-02-08 00:00:00
2015-02-09 00:00:00
2015-02-10 00:00:00
2015-02-11 00:00:00
2015-02-12 00:00:00
2015-02-13 00:00:00
2015-02-14 00:00:00
2015-02-15 00:00:00
2015-02-16 00:00:00
2015-02-17 00:00:00
2015-02-18 00:00:00
2015-02-19 00:00:00
2015-02-20 00:00:00
2015-02-21 00:00:00
2015-02-22 00:00:00
2015-02-23 00:00:00
2015-02-24 00:00:00
2015-02-25 00:00:00
2015-02-26 00:00:00
2015-02-27 00:00:00
2015-02-28 00:00:00
2015-03-01 00:00:00
2015-03-02 00:00:00
2015-03-03 00:00:00
2015-03-04 00:00:00
2015-03-05 00:00:00
2015-03-06 00:00:00
2015-03-07 00:00:00
2015-03-08 00:00:00
2015-03-09 00:00:00
2015-03-30 00:00:00
News Data
Start Date, End Date,News Source,Link,Days,Reason,Comment,Days Reported
2010-12-19,2010-12-20,The Hindu,http://www.thehindu.com/business/Economy/imported-onion-arrive-from-pakistan/article965607.ece,1,not stated,,0
2010-12-20,2010-12-20,The Hindu,http://www.thehindu.com/business/Economy/imported-onion-arrive-from-pakistan/article965607.ece,0,not stated,,0
2010-12-21,2010-12-20,The Hindu,http://www.thehindu.com/business/Economy/imported-onion-arrive-from-pakistan/article965607.ece,-1,not stated,,0
2010-12-22,2010-12-20,The Hindu,http://www.thehindu.com/business/Economy/imported-onion-arrive-from-pakistan/article965607.ece,-2,not stated,,0
2010-12-23,2010-12-20,The Hindu,http://www.thehindu.com/business/Economy/imported-onion-arrive-from-pakistan/article965607.ece,-3,not stated,,0
2010-12-24,2010-12-20,The Hindu,http://www.thehindu.com/business/Economy/imported-onion-arrive-from-pakistan/article965607.ece,-4,not stated,,0
2010-12-25,2010-12-20,The Hindu,http://www.thehindu.com/business/Economy/imported-onion-arrive-from-pakistan/article965607.ece,-5,not stated,,0
2010-12-26,2010-12-21,The Economic Times,http://articles.economictimes.indiatimes.com/2010-12-21/news/27586208_1_minimum-export-price-onion-prices-mep,-5,traders nexus,,0
2010-12-27,2010-12-23,NDTV,http://www.ndtv.com/india-news/food-inflation-spikes-govt-blames-the-onion-442821,-4,traders nexus,,0
2010-12-28,2010-12-23,NDTV,http://www.ndtv.com/india-news/food-inflation-spikes-govt-blames-the-onion-442821,-5,traders nexus,,0
2010-12-31,2011-01-05,NDTV,http://www.ndtv.com/india-news/bjp-slams-government-over-split-views-on-inflation-444119,5,not stated,BJP slams government over split views on inflation,365
2011-01-01,2011-01-05,NDTV,http://www.ndtv.com/india-news/bjp-slams-government-over-split-views-on-inflation-444119,4,not stated,BJP slams government over split views on inflation,365
2011-01-02,2011-01-05,NDTV,http://www.ndtv.com/india-news/bjp-slams-government-over-split-views-on-inflation-444119,3,not stated,BJP slams government over split views on inflation,365
2011-01-03,2011-01-05,NDTV,http://www.ndtv.com/india-news/bjp-slams-government-over-split-views-on-inflation-444119,2,not stated,BJP slams government over split views on inflation,365
2011-01-04,2011-01-05,NDTV,http://www.ndtv.com/india-news/bjp-slams-government-over-split-views-on-inflation-444119,1,not stated,BJP slams government over split views on inflation,365
2011-01-05,2011-01-05,NDTV,http://www.ndtv.com/india-news/bjp-slams-government-over-split-views-on-inflation-444119,0,not stated,BJP slams government over split views on inflation,365
2011-01-06,2011-01-05,NDTV,http://www.ndtv.com/india-news/bjp-slams-government-over-split-views-on-inflation-444119,-1,not stated,BJP slams government over split views on inflation,365
2011-01-07,2011-01-05,NDTV,http://www.ndtv.com/india-news/bjp-slams-government-over-split-views-on-inflation-444119,-2,not stated,BJP slams government over split views on inflation,365
2011-01-08,2011-01-05,NDTV,http://www.ndtv.com/india-news/bjp-slams-government-over-split-views-on-inflation-444119,-3,not stated,BJP slams government over split views on inflation,365
2011-01-09,2011-01-05,NDTV,http://www.ndtv.com/india-news/bjp-slams-government-over-split-views-on-inflation-444119,-4,not stated,BJP slams government over split views on inflation,365
2011-01-10,2011-01-05,NDTV,http://www.ndtv.com/india-news/bjp-slams-government-over-split-views-on-inflation-444119,-5,not stated,BJP slams government over split views on inflation,365
2011-01-11,2011-01-06,The Times of India,http://timesofindia.indiatimes.com/business/india-business/-Retail-onion-prices-up-by-Rs-5-10/kg-on-Pak-export-ban-reports/articleshow/7230895.cms,-5,Pak banned export,,0
2011-01-12,2011-01-07,The Hindu,http://www.thehindu.com/business/act-swiftly-against-hoarders-pranab/article1051003.ece,-5,traders nexus,main article on inflation, but it says due to hoarding onion prices are high.,0
2013-06-28,2013-07-03,Business Standard,http://www.business-standard.com/article/markets/heavy-crop-damage-in-hilly-states-lifts-onion-potato-prices-113070300796_1.html,5,traders nexus,North India affected basically because of flood,15
2013-06-29,2013-07-03,Business Standard,http://www.business-standard.com/article/markets/heavy-crop-damage-in-hilly-states-lifts-onion-potato-prices-113070300796_1.html,4,traders nexus,North India affected basically because of flood,15
2013-06-30,2013-07-03,Business Standard,http://www.business-standard.com/article/markets/heavy-crop-damage-in-hilly-states-lifts-onion-potato-prices-113070300796_1.html,3,traders nexus,North India affected basically because of flood,15
2013-07-01,2013-07-03,Business Standard,http://www.business-standard.com/article/markets/heavy-crop-damage-in-hilly-states-lifts-onion-potato-prices-113070300796_1.html,2,traders nexus,North India affected basically because of flood,15
2013-07-02,2013-07-03,Business Standard,http://www.business-standard.com/article/markets/heavy-crop-damage-in-hilly-states-lifts-onion-potato-prices-113070300796_1.html,1,traders nexus,North India affected basically because of flood,15
2013-07-03,2013-07-03,Business Standard,http://www.business-standard.com/article/markets/heavy-crop-damage-in-hilly-states-lifts-onion-potato-prices-113070300796_1.html,0,traders nexus,North India affected basically because of flood,15
2013-07-04,2013-07-03,Business Standard,http://www.business-standard.com/article/markets/heavy-crop-damage-in-hilly-states-lifts-onion-potato-prices-113070300796_1.html,-1,traders nexus,North India affected basically because of flood,15
2013-07-05,2013-07-03,Business Standard,http://www.business-standard.com/article/markets/heavy-crop-damage-in-hilly-states-lifts-onion-potato-prices-113070300796_1.html,-2,traders nexus,North India affected basically because of flood,15
2013-07-06,2013-07-03,Business Standard,http://www.business-standard.com/article/markets/heavy-crop-damage-in-hilly-states-lifts-onion-potato-prices-113070300796_1.html,-3,traders nexus,North India affected basically because of flood,15
2013-07-07,2013-07-03,Business Standard,http://www.business-standard.com/article/markets/heavy-crop-damage-in-hilly-states-lifts-onion-potato-prices-113070300796_1.html,-4,traders nexus,North India affected basically because of flood,15
2013-07-08,2013-07-03,Business Standard,http://www.business-standard.com/article/markets/heavy-crop-damage-in-hilly-states-lifts-onion-potato-prices-113070300796_1.html,-5,traders nexus,North India affected basically because of flood,15
2013-07-12,2013-07-17,The Times of India,http://timesofindia.indiatimes.com/business/india-business/Onion-prices-at-two-and-a-half-year-high/articleshow/21125776.cms,5,unseasonal rainfall,no,None
2013-07-13,2013-07-17,The Times of India,http://timesofindia.indiatimes.com/business/india-business/Onion-prices-at-two-and-a-half-year-high/articleshow/21125776.cms,4,unseasonal rainfall,no,None
2013-07-14,2013-07-17,The Times of India,http://timesofindia.indiatimes.com/business/india-business/Onion-prices-at-two-and-a-half-year-high/articleshow/21125776.cms,3,unseasonal rainfall,no,None
2013-07-15,2013-07-17,The Times of India,http://timesofindia.indiatimes.com/business/india-business/Onion-prices-at-two-and-a-half-year-high/articleshow/21125776.cms,2,unseasonal rainfall,no,None
2013-07-16,2013-07-17,The Times of India,http://timesofindia.indiatimes.com/business/india-business/Onion-prices-at-two-and-a-half-year-high/articleshow/21125776.cms,1,unseasonal rainfall,no,None
2013-07-17,2013-07-17,The Times of India,http://timesofindia.indiatimes.com/business/india-business/Onion-prices-at-two-and-a-half-year-high/articleshow/21125776.cms,0,unseasonal rainfall,no,None
2013-07-18,2013-07-17,The Times of India,http://timesofindia.indiatimes.com/business/india-business/Onion-prices-at-two-and-a-half-year-high/articleshow/21125776.cms,-1,unseasonal rainfall,no,None
2013-07-19,2013-07-17,The Times of India,http://timesofindia.indiatimes.com/business/india-business/Onion-prices-at-two-and-a-half-year-high/articleshow/21125776.cms,-2,unseasonal rainfall,no,None
2013-07-20,2013-07-17,The Times of India,http://timesofindia.indiatimes.com/business/india-business/Onion-prices-at-two-and-a-half-year-high/articleshow/21125776.cms,-3,unseasonal rainfall,no,None
2013-07-21,2013-07-17,The Times of India,http://timesofindia.indiatimes.com/business/india-business/Onion-prices-at-two-and-a-half-year-high/articleshow/21125776.cms,-4,unseasonal rainfall,no,None
2013-07-22,2013-07-17,The Times of India,http://timesofindia.indiatimes.com/business/india-business/Onion-prices-at-two-and-a-half-year-high/articleshow/21125776.cms,-5,unseasonal rainfall,no,None
2013-07-23,2013-07-23,The Times of India,http://timesofindia.indiatimes.com/business/india-business/Onion-prices-more-than-double-to-Rs-36-40/kg-in-metros/articleshow/21272374.cms,0,low production,,0
2013-07-24,2013-07-23,The Times of India,http://timesofindia.indiatimes.com/business/india-business/Onion-prices-more-than-double-to-Rs-36-40/kg-in-metros/articleshow/21272374.cms,-1,low production,,0
2013-07-25,2013-07-23,The Times of India,http://timesofindia.indiatimes.com/business/india-business/Onion-prices-more-than-double-to-Rs-36-40/kg-in-metros/articleshow/21272374.cms,-2,low production,,0
2013-07-26,2013-07-23,The Times of India,http://timesofindia.indiatimes.com/business/india-business/Onion-prices-more-than-double-to-Rs-36-40/kg-in-metros/articleshow/21272374.cms,-3,low production,,0
2013-07-27,2013-07-23,The Times of India,http://timesofindia.indiatimes.com/business/india-business/Onion-prices-more-than-double-to-Rs-36-40/kg-in-metros/articleshow/21272374.cms,-4,low production,,0
2013-07-28,2013-07-23,The Times of India,http://timesofindia.indiatimes.com/business/india-business/Onion-prices-more-than-double-to-Rs-36-40/kg-in-metros/articleshow/21272374.cms,-5,low production,,0
2013-08-01,2013-08-06,The Hindu,http://www.thehindu.com/news/cities/Delhi/onion-prices-bring-tears-yet-again/article4995124.ece,5,low production,Even Hoaders are responsible to some extent,0
2013-08-02,2013-08-06,The Hindu,http://www.thehindu.com/news/cities/Delhi/onion-prices-bring-tears-yet-again/article4995124.ece,4,low production,Even Hoaders are responsible to some extent,0
2013-08-03,2013-08-06,The Hindu,http://www.thehindu.com/news/cities/Delhi/onion-prices-bring-tears-yet-again/article4995124.ece,3,low production,Even Hoaders are responsible to some extent,0
2013-08-18,2013-08-13,Telegraph,http://www.telegraphindia.com/1130813/jsp/odisha/story_17226115.jsp,-5,low supply,,30
2013-08-19,2013-08-14,The Hindu,http://www.thehindu.com/news/national/cos-meeting-to-wipe-onion-tears/article5019702.ece,-5,low supply,Possiblity of hoarding highlighted clearly,0
2013-08-20,2013-08-17,Zee News,http://zeenews.india.com/news/nation/will-give-onions-as-rakhi-gift-to-my-sisters-yashwant-sinha_869682.html,-3,traders nexus,BJP accuseed to traders, not stated by article author exactly,None
2013-08-21,2013-08-17,Zee News,http://zeenews.india.com/news/nation/will-give-onions-as-rakhi-gift-to-my-sisters-yashwant-sinha_869682.html,-4,traders nexus,BJP accuseed to traders, not stated by article author exactly,None
2013-08-22,2013-08-17,Zee News,http://zeenews.india.com/news/nation/will-give-onions-as-rakhi-gift-to-my-sisters-yashwant-sinha_869682.html,-5,traders nexus,BJP accuseed to traders, not stated by article author exactly,None
2013-08-23,2013-08-21,The Hindu,http://www.thehindu.com/business/Industry/onion-prices-jump-to-rs-80kg-again/article5044776.ece,-2,low supply,Prices hiked again,0
2013-08-24,2013-08-21,The Hindu,http://www.thehindu.com/business/Industry/onion-prices-jump-to-rs-80kg-again/article5044776.ece,-3,low supply,Prices hiked again,0
2013-08-25,2013-08-21,The Hindu,http://www.thehindu.com/business/Industry/onion-prices-jump-to-rs-80kg-again/article5044776.ece,-4,low supply,Prices hiked again,0
2013-08-26,2013-08-21,The Hindu,http://www.thehindu.com/business/Industry/onion-prices-jump-to-rs-80kg-again/article5044776.ece,-5,low supply,Prices hiked again,0
2013-08-27,2013-08-22,Money Control,http://www.moneycontrol.com/news/economy/onion-prices-shoot-back-to-rs-80kgmany-partsindia_939103.html,-5,not stated,,1
2013-08-29,2013-09-03,NDTV,http://www.ndtv.com/india-news/onion-prices-may-ease-when-south-india-crop-hits-market-government-533474,5,low supply,,0
2013-08-30,2013-09-03,NDTV,http://www.ndtv.com/india-news/onion-prices-may-ease-when-south-india-crop-hits-market-government-533474,4,low supply,,0
2013-08-31,2013-09-03,NDTV,http://www.ndtv.com/india-news/onion-prices-may-ease-when-south-india-crop-hits-market-government-533474,3,low supply,,0
2013-09-01,2013-09-03,NDTV,http://www.ndtv.com/india-news/onion-prices-may-ease-when-south-india-crop-hits-market-government-533474,2,low supply,,0
2013-09-02,2013-09-03,NDTV,http://www.ndtv.com/india-news/onion-prices-may-ease-when-south-india-crop-hits-market-government-533474,1,low supply,,0
2013-09-03,2013-09-03,NDTV,http://www.ndtv.com/india-news/onion-prices-may-ease-when-south-india-crop-hits-market-government-533474,0,low supply,,0
2013-09-04,2013-09-03,NDTV,http://www.ndtv.com/india-news/onion-prices-may-ease-when-south-india-crop-hits-market-government-533474,-1,low supply,,0
2013-09-05,2013-09-03,NDTV,http://www.ndtv.com/india-news/onion-prices-may-ease-when-south-india-crop-hits-market-government-533474,-2,low supply,,0
2013-09-06,2013-09-03,NDTV,http://www.ndtv.com/india-news/onion-prices-may-ease-when-south-india-crop-hits-market-government-533474,-3,low supply,,0
2013-09-07,2013-09-03,NDTV,http://www.ndtv.com/india-news/onion-prices-may-ease-when-south-india-crop-hits-market-government-533474,-4,low supply,,0
2013-09-08,2013-09-03,NDTV,http://www.ndtv.com/india-news/onion-prices-may-ease-when-south-india-crop-hits-market-government-533474,-5,low supply,,0
2013-09-13,2013-09-18,The Times of India,http://timesofindia.indiatimes.com/india/Onion-price-rise-may-be-due-to-hoarding-Centre/articleshow/22672225.cms,5,traders nexus,no,None
2013-09-14,2013-09-18,The Times of India,http://timesofindia.indiatimes.com/india/Onion-price-rise-may-be-due-to-hoarding-Centre/articleshow/22672225.cms,4,traders nexus,no,None
2013-09-15,2013-09-18,The Times of India,http://timesofindia.indiatimes.com/india/Onion-price-rise-may-be-due-to-hoarding-Centre/articleshow/22672225.cms,3,traders nexus,no,None
2013-09-16,2013-09-18,The Times of India,http://timesofindia.indiatimes.com/india/Onion-price-rise-may-be-due-to-hoarding-Centre/articleshow/22672225.cms,2,traders nexus,no,None
2013-09-17,2013-09-18,The Times of India,http://timesofindia.indiatimes.com/india/Onion-price-rise-may-be-due-to-hoarding-Centre/articleshow/22672225.cms,1,traders nexus,no,None
2013-09-18,2013-09-18,The Times of India,http://timesofindia.indiatimes.com/india/Onion-price-rise-may-be-due-to-hoarding-Centre/articleshow/22672225.cms,0,traders nexus,no,None
2013-09-19,2013-09-18,The Times of India,http://timesofindia.indiatimes.com/india/Onion-price-rise-may-be-due-to-hoarding-Centre/articleshow/22672225.cms,-1,traders nexus,no,None
2013-09-20,2013-09-18,The Times of India,http://timesofindia.indiatimes.com/india/Onion-price-rise-may-be-due-to-hoarding-Centre/articleshow/22672225.cms,-2,traders nexus,no,None
2013-09-21,2013-09-18,The Times of India,http://timesofindia.indiatimes.com/india/Onion-price-rise-may-be-due-to-hoarding-Centre/articleshow/22672225.cms,-3,traders nexus,no,None
2013-09-22,2013-09-18,The Times of India,http://timesofindia.indiatimes.com/india/Onion-price-rise-may-be-due-to-hoarding-Centre/articleshow/22672225.cms,-4,traders nexus,no,None
2013-09-23,2013-09-18,The Times of India,http://timesofindia.indiatimes.com/india/Onion-price-rise-may-be-due-to-hoarding-Centre/articleshow/22672225.cms,-5,traders nexus,no,None
2013-10-05,2013-10-10,The Economic Times,http://articles.economictimes.indiatimes.com/2013-10-10/news/42903314_1_export-price-price-rise-onion-prices,5,traders nexus,,0
2013-10-06,2013-10-10,The Economic Times,http://articles.economictimes.indiatimes.com/2013-10-10/news/42903314_1_export-price-price-rise-onion-prices,4,traders nexus,,0
2013-10-07,2013-10-10,The Economic Times,http://articles.economictimes.indiatimes.com/2013-10-10/news/42903314_1_export-price-price-rise-onion-prices,3,traders nexus,,0
2013-10-08,2013-10-10,The Economic Times,http://articles.economictimes.indiatimes.com/2013-10-10/news/42903314_1_export-price-price-rise-onion-prices,2,traders nexus,,0
2013-10-09,2013-10-10,The Economic Times,http://articles.economictimes.indiatimes.com/2013-10-10/news/42903314_1_export-price-price-rise-onion-prices,1,traders nexus,,0
2013-10-10,2013-10-10,The Economic Times,http://articles.economictimes.indiatimes.com/2013-10-10/news/42903314_1_export-price-price-rise-onion-prices,0,traders nexus,,0
2013-10-11,2013-10-10,The Economic Times,http://articles.economictimes.indiatimes.com/2013-10-10/news/42903314_1_export-price-price-rise-onion-prices,-1,traders nexus,,0
2013-10-12,2013-10-10,The Economic Times,http://articles.economictimes.indiatimes.com/2013-10-10/news/42903314_1_export-price-price-rise-onion-prices,-2,traders nexus,,0
2013-10-13,2013-10-10,The Economic Times,http://articles.economictimes.indiatimes.com/2013-10-10/news/42903314_1_export-price-price-rise-onion-prices,-3,traders nexus,,0
2013-10-14,2013-10-10,The Economic Times,http://articles.economictimes.indiatimes.com/2013-10-10/news/42903314_1_export-price-price-rise-onion-prices,-4,traders nexus,,0
2013-10-15,2013-10-10,The Economic Times,http://articles.economictimes.indiatimes.com/2013-10-10/news/42903314_1_export-price-price-rise-onion-prices,-5,traders nexus,,0
2013-10-17,2013-10-22,NDTV,http://profit.ndtv.com/news/cheat-sheet/article-why-onion-prices-are-inching-towards-rs-100-per-kg-370138,5,low supply,,0
2013-10-18,2013-10-22,NDTV,http://profit.ndtv.com/news/cheat-sheet/article-why-onion-prices-are-inching-towards-rs-100-per-kg-370138,4,low supply,,0
2013-10-19,2013-10-22,NDTV,http://profit.ndtv.com/news/cheat-sheet/article-why-onion-prices-are-inching-towards-rs-100-per-kg-370138,3,low supply,,0
2013-10-20,2013-10-22,NDTV,http://profit.ndtv.com/news/cheat-sheet/article-why-onion-prices-are-inching-towards-rs-100-per-kg-370138,2,low supply,,0
2013-10-21,2013-10-22,NDTV,http://profit.ndtv.com/news/cheat-sheet/article-why-onion-prices-are-inching-towards-rs-100-per-kg-370138,1,low supply,,0
2013-10-22,2013-10-22,NDTV,http://profit.ndtv.com/news/cheat-sheet/article-why-onion-prices-are-inching-towards-rs-100-per-kg-370138,0,low supply,,0
2013-10-23,2013-10-22,NDTV,http://profit.ndtv.com/news/cheat-sheet/article-why-onion-prices-are-inching-towards-rs-100-per-kg-370138,-1,low supply,,0
2013-10-24,2013-10-22,NDTV,http://profit.ndtv.com/news/cheat-sheet/article-why-onion-prices-are-inching-towards-rs-100-per-kg-370138,-2,low supply,,0
2013-10-25,2013-10-22,NDTV,http://profit.ndtv.com/news/cheat-sheet/article-why-onion-prices-are-inching-towards-rs-100-per-kg-370138,-3,low supply,,0
2013-10-26,2013-10-22,NDTV,http://profit.ndtv.com/news/cheat-sheet/article-why-onion-prices-are-inching-towards-rs-100-per-kg-370138,-4,low supply,,0
2013-10-27,2013-10-22,NDTV,http://profit.ndtv.com/news/cheat-sheet/article-why-onion-prices-are-inching-towards-rs-100-per-kg-370138,-5,low supply,,0
2013-10-28,2013-10-23,The Economic Times,http://articles.economictimes.indiatimes.com/2013-10-23/news/43326601_1_nafed-tender-onion-crop,-5,traders nexus,no,None
2013-10-29,2013-10-24,The Hindu,http://www.thehindu.com/business/Industry/india-floats-tender-for-import-of-onions/article5264970.ece,-5,traders nexus,,10
2013-10-30,2013-10-25,Money Control,http://www.moneycontrol.com/news/economy/onion-prices-remain-high-at-rs-100kg-crisis-to-continue_976318.html,-5,traders nexus,,7
2013-10-31,2013-10-26,NDTV,http://www.ndtv.com/india-news/chief-ministers-onion-mission-begins-in-assam-538929,-5,Not mentioned,,0
2013-11-01,2013-10-28,DNA,http://www.dnaindia.com/mumbai/report-dna-exclusive-traders-not-farmers-making-the-most-of-soaring-onion-price-1909850,-4,traders nexus,,0
2013-11-02,2013-10-28,DNA,http://www.dnaindia.com/mumbai/report-dna-exclusive-traders-not-farmers-making-the-most-of-soaring-onion-price-1909850,-5,traders nexus,,0
2013-11-03,2013-11-04,The Hindu,http://www.thehindu.com/business/markets/govt-hikes-onion-mep-to-1150-per-tonne-to-check-prices/article5313950.ece,1,low supply,,30
2013-11-04,2013-11-04,The Hindu,http://www.thehindu.com/business/markets/govt-hikes-onion-mep-to-1150-per-tonne-to-check-prices/article5313950.ece,0,low supply,,30
2013-11-05,2013-11-04,The Hindu,http://www.thehindu.com/business/markets/govt-hikes-onion-mep-to-1150-per-tonne-to-check-prices/article5313950.ece,-1,low supply,,30
2013-11-06,2013-11-04,The Hindu,http://www.thehindu.com/business/markets/govt-hikes-onion-mep-to-1150-per-tonne-to-check-prices/article5313950.ece,-2,low supply,,30
2013-11-07,2013-11-04,The Hindu,http://www.thehindu.com/business/markets/govt-hikes-onion-mep-to-1150-per-tonne-to-check-prices/article5313950.ece,-3,low supply,,30
2013-11-08,2013-11-04,The Hindu,http://www.thehindu.com/business/markets/govt-hikes-onion-mep-to-1150-per-tonne-to-check-prices/article5313950.ece,-4,low supply,,30
2013-11-09,2013-11-04,The Hindu,http://www.thehindu.com/business/markets/govt-hikes-onion-mep-to-1150-per-tonne-to-check-prices/article5313950.ece,-5,low supply,,30
2013-11-10,2013-11-06,The Hindu,http://www.thehindu.com/business/Industry/after-onions-tomato-prices-soar/article5317582.ece,-4,Increased prices of onion,,0
2013-11-11,2013-11-06,The Hindu,http://www.thehindu.com/business/Industry/after-onions-tomato-prices-soar/article5317582.ece,-5,Increased prices of onion,,0
2013-11-12,2013-11-13,The Times of India,http://timesofindia.indiatimes.com/india/No-let-up-in-prices-of-onion-potato-tomato/articleshow/25664320.cms,1,traders nexus,,12
2013-11-13,2013-11-13,The Times of India,http://timesofindia.indiatimes.com/india/No-let-up-in-prices-of-onion-potato-tomato/articleshow/25664320.cms,0,traders nexus,,12
2013-11-14,2013-11-13,The Times of India,http://timesofindia.indiatimes.com/india/No-let-up-in-prices-of-onion-potato-tomato/articleshow/25664320.cms,-1,traders nexus,,12
2013-11-15,2013-11-13,The Times of India,http://timesofindia.indiatimes.com/india/No-let-up-in-prices-of-onion-potato-tomato/articleshow/25664320.cms,-2,traders nexus,,12
2013-11-16,2013-11-13,The Times of India,http://timesofindia.indiatimes.com/india/No-let-up-in-prices-of-onion-potato-tomato/articleshow/25664320.cms,-3,traders nexus,,12
2013-11-17,2013-11-13,The Times of India,http://timesofindia.indiatimes.com/india/No-let-up-in-prices-of-onion-potato-tomato/articleshow/25664320.cms,-4,traders nexus,,12
2013-11-18,2013-11-13,The Times of India,http://timesofindia.indiatimes.com/india/No-let-up-in-prices-of-onion-potato-tomato/articleshow/25664320.cms,-5,traders nexus,,12
2013-11-19,2013-11-15,The Times of India,http://timesofindia.indiatimes.com/business/india-business/Onion-prices-up-278-tomato-122-in-one-year/articleshow/25780005.cms,-4,not stated,,365
2013-11-20,2013-11-15,The Times of India,http://timesofindia.indiatimes.com/business/india-business/Onion-prices-up-278-tomato-122-in-one-year/articleshow/25780005.cms,-5,not stated,,365
2013-11-21,2013-11-19,First Post,http://www.firstpost.com/politics/onion-tomato-price-hoardings-to-malign-party-cong-writes-to-ec-1238589.html,-2,traders nexus,,0
2013-11-22,2013-11-19,First Post,http://www.firstpost.com/politics/onion-tomato-price-hoardings-to-malign-party-cong-writes-to-ec-1238589.html,-3,traders nexus,,0
2013-11-23,2013-11-19,First Post,http://www.firstpost.com/politics/onion-tomato-price-hoardings-to-malign-party-cong-writes-to-ec-1238589.html,-4,traders nexus,,0
2013-11-24,2013-11-19,First Post,http://www.firstpost.com/politics/onion-tomato-price-hoardings-to-malign-party-cong-writes-to-ec-1238589.html,-5,traders nexus,,0
2013-11-27,2013-12-02,First Post,http://www.firstpost.com/politics/the-onion-trackers-of-delhi-what-sheila-dikshit-should-have-been-watching-1261901.html,5,not stated,,10
2013-11-28,2013-12-02,First Post,http://www.firstpost.com/politics/the-onion-trackers-of-delhi-what-sheila-dikshit-should-have-been-watching-1261901.html,4,not stated,,10
2013-11-29,2013-12-02,First Post,http://www.firstpost.com/politics/the-onion-trackers-of-delhi-what-sheila-dikshit-should-have-been-watching-1261901.html,3,not stated,,10
2013-11-30,2013-12-02,First Post,http://www.firstpost.com/politics/the-onion-trackers-of-delhi-what-sheila-dikshit-should-have-been-watching-1261901.html,2,not stated,,10
2013-12-01,2013-12-02,First Post,http://www.firstpost.com/politics/the-onion-trackers-of-delhi-what-sheila-dikshit-should-have-been-watching-1261901.html,1,not stated,,10
2013-12-02,2013-12-02,First Post,http://www.firstpost.com/politics/the-onion-trackers-of-delhi-what-sheila-dikshit-should-have-been-watching-1261901.html,0,not stated,,10
2013-12-03,2013-12-02,First Post,http://www.firstpost.com/politics/the-onion-trackers-of-delhi-what-sheila-dikshit-should-have-been-watching-1261901.html,-1,not stated,,10
2013-12-04,2013-12-02,First Post,http://www.firstpost.com/politics/the-onion-trackers-of-delhi-what-sheila-dikshit-should-have-been-watching-1261901.html,-2,not stated,,10
2013-12-05,2013-12-02,First Post,http://www.firstpost.com/politics/the-onion-trackers-of-delhi-what-sheila-dikshit-should-have-been-watching-1261901.html,-3,not stated,,10
2013-12-06,2013-12-02,First Post,http://www.firstpost.com/politics/the-onion-trackers-of-delhi-what-sheila-dikshit-should-have-been-watching-1261901.html,-4,not stated,,10
2013-12-07,2013-12-02,First Post,http://www.firstpost.com/politics/the-onion-trackers-of-delhi-what-sheila-dikshit-should-have-been-watching-1261901.html,-5,not stated,,10
2013-12-08,2013-12-13,The Economic Times,http://articles.economictimes.indiatimes.com/2015-09-11/news/66434886_1_lasalgaon-apmc-onion-prices-onion-exporters-association,5,not stated,no,None
2013-12-09,2013-12-13,The Economic Times,http://articles.economictimes.indiatimes.com/2015-09-11/news/66434886_1_lasalgaon-apmc-onion-prices-onion-exporters-association,4,not stated,no,None
2013-12-10,2013-12-13,The Economic Times,http://articles.economictimes.indiatimes.com/2015-09-11/news/66434886_1_lasalgaon-apmc-onion-prices-onion-exporters-association,3,not stated,no,None
2013-12-11,2013-12-13,The Economic Times,http://articles.economictimes.indiatimes.com/2015-09-11/news/66434886_1_lasalgaon-apmc-onion-prices-onion-exporters-association,2,not stated,no,None
2013-12-12,2013-12-13,The Economic Times,http://articles.economictimes.indiatimes.com/2015-09-11/news/66434886_1_lasalgaon-apmc-onion-prices-onion-exporters-association,1,not stated,no,None
2013-12-13,2013-12-13,The Economic Times,http://articles.economictimes.indiatimes.com/2015-09-11/news/66434886_1_lasalgaon-apmc-onion-prices-onion-exporters-association,0,not stated,no,None
2013-12-14,2013-12-13,The Economic Times,http://articles.economictimes.indiatimes.com/2015-09-11/news/66434886_1_lasalgaon-apmc-onion-prices-onion-exporters-association,-1,not stated,no,None
2013-12-15,2013-12-13,The Economic Times,http://articles.economictimes.indiatimes.com/2015-09-11/news/66434886_1_lasalgaon-apmc-onion-prices-onion-exporters-association,-2,not stated,no,None
2013-12-16,2013-12-13,The Economic Times,http://articles.economictimes.indiatimes.com/2015-09-11/news/66434886_1_lasalgaon-apmc-onion-prices-onion-exporters-association,-3,not stated,no,None
2013-12-17,2013-12-13,The Economic Times,http://articles.economictimes.indiatimes.com/2015-09-11/news/66434886_1_lasalgaon-apmc-onion-prices-onion-exporters-association,-4,not stated,no,None
2013-12-18,2013-12-13,The Economic Times,http://articles.economictimes.indiatimes.com/2015-09-11/news/66434886_1_lasalgaon-apmc-onion-prices-onion-exporters-association,-5,not stated,no,None
2014-06-29,2014-06-30,Money Control,http://www.moneycontrol.com/news/economy/risefood-prices-centre-swings-into-action_1115868.html,1,not stated,no,None
2014-06-30,2014-06-30,Money Control,http://www.moneycontrol.com/news/economy/risefood-prices-centre-swings-into-action_1115868.html,0,not stated,no,None
2014-07-01,2014-06-30,Money Control,http://www.moneycontrol.com/news/economy/risefood-prices-centre-swings-into-action_1115868.html,-1,not stated,no,None
2014-07-02,2014-06-30,Money Control,http://www.moneycontrol.com/news/economy/risefood-prices-centre-swings-into-action_1115868.html,-2,not stated,no,None
2014-07-03,2014-06-30,Money Control,http://www.moneycontrol.com/news/economy/risefood-prices-centre-swings-into-action_1115868.html,-3,not stated,no,None
2014-07-04,2014-06-30,Money Control,http://www.moneycontrol.com/news/economy/risefood-prices-centre-swings-into-action_1115868.html,-4,not stated,no,None
2014-07-05,2014-06-30,Money Control,http://www.moneycontrol.com/news/economy/risefood-prices-centre-swings-into-action_1115868.html,-5,not stated,no,None
2014-07-13,2014-07-13,The Times of India,http://timesofindia.indiatimes.com/india/Govt-to-check-onion-prices-with-imports/articleshow/38282324.cms,0,low production,,30
2014-07-14,2014-07-13,The Times of India,http://timesofindia.indiatimes.com/india/Govt-to-check-onion-prices-with-imports/articleshow/38282324.cms,-1,low production,,30
2014-07-15,2014-07-13,The Times of India,http://timesofindia.indiatimes.com/india/Govt-to-check-onion-prices-with-imports/articleshow/38282324.cms,-2,low production,,30
2014-07-16,2014-07-13,The Times of India,http://timesofindia.indiatimes.com/india/Govt-to-check-onion-prices-with-imports/articleshow/38282324.cms,-3,low production,,30
2014-07-17,2014-07-13,The Times of India,http://timesofindia.indiatimes.com/india/Govt-to-check-onion-prices-with-imports/articleshow/38282324.cms,-4,low production,,30
2014-07-18,2014-07-13,The Times of India,http://timesofindia.indiatimes.com/india/Govt-to-check-onion-prices-with-imports/articleshow/38282324.cms,-5,low production,,30
2014-07-19,2014-07-15,First Post,http://www.firstpost.com/india/why-modi-sarkaar-should-ready-itself-for-another-fight-with-inflation-1619551.html,-4,not stated,Title : Why Modi sarkaar should ready itself for another fight with inflation , but stated that onion prices are high as compared to last year,30
2015-01-05,2015-01-06,Zee News,http://zeenews.india.com/business/news/economy/vegetable-prices-again-spike-in-delhi-retailers-blame-bad-weather_115654.html,1,bad weather,,2
2015-01-08,2015-01-06,Zee News,http://zeenews.india.com/business/news/economy/vegetable-prices-again-spike-in-delhi-retailers-blame-bad-weather_115654.html,-2,bad weather,,2
2015-01-11,2015-01-06,Zee News,http://zeenews.india.com/business/news/economy/vegetable-prices-again-spike-in-delhi-retailers-blame-bad-weather_115654.html,-5,bad weather,,2
(4U5) Result:::
Date
News Data
Start Date, End Date,News Source,Link,Days,Reason,Comment,Days Reported
(1 U 2 U 3) ^ (4 U 5) Result:::
Date
News Data
Start Date, End Date,News Source,Link,Days,Reason,Comment,Days Reported
Retail vs Wholesale data
Slope Result:::
Date,Value
2006-01-01 00:00:00,2.23611115284
2006-01-02 00:00:00,2.23611115284
2006-01-03 00:00:00,2.23611115284
2006-01-04 00:00:00,2.23611115284
2006-01-05 00:00:00,2.23611115284
2006-01-06 00:00:00,2.23611115284
2006-01-07 00:00:00,2.23611115284
2006-01-08 00:00:00,2.23611115284
2006-01-09 00:00:00,2.23611115284
2006-01-10 00:00:00,2.23611115284
2006-01-11 00:00:00,2.23611115284
2006-01-12 00:00:00,2.23611115284
2006-01-13 00:00:00,2.23611115284
2006-01-14 00:00:00,2.23611115284
2006-06-11 00:00:00,1.77292122338
2006-06-12 00:00:00,1.77292122338
2006-06-13 00:00:00,1.77292122338
2006-06-14 00:00:00,1.77292122338
2006-06-15 00:00:00,1.77292122338
2006-06-16 00:00:00,1.77292122338
2006-06-17 00:00:00,1.77292122338
2006-08-13 00:00:00,1.9343777284
2006-08-14 00:00:00,1.9343777284
2006-08-15 00:00:00,1.9343777284
2006-08-16 00:00:00,1.9343777284
2006-08-17 00:00:00,1.9343777284
2006-08-18 00:00:00,1.9343777284
2006-08-19 00:00:00,1.9343777284
2006-08-20 00:00:00,1.9343777284
2006-08-21 00:00:00,1.9343777284
2006-08-22 00:00:00,1.9343777284
2006-08-23 00:00:00,1.9343777284
2006-08-24 00:00:00,1.9343777284
2006-08-25 00:00:00,1.9343777284
2006-08-26 00:00:00,1.9343777284
2006-08-27 00:00:00,1.9343777284
2006-08-28 00:00:00,1.9343777284
2006-08-29 00:00:00,1.9343777284
2006-08-30 00:00:00,1.9343777284
2006-08-31 00:00:00,1.9343777284
2006-09-01 00:00:00,1.9343777284
2006-09-02 00:00:00,1.9343777284
2006-10-15 00:00:00,2.23068662488
2006-10-16 00:00:00,2.23068662488
2006-10-17 00:00:00,2.23068662488
2006-10-18 00:00:00,2.23068662488
2006-10-19 00:00:00,2.23068662488
2006-10-20 00:00:00,2.23068662488
2006-10-21 00:00:00,2.23068662488
2006-10-29 00:00:00,4.36200926761
2006-10-30 00:00:00,4.36200926761
2006-10-31 00:00:00,4.36200926761
2006-11-01 00:00:00,4.36200926761
2006-11-02 00:00:00,4.36200926761
2006-11-03 00:00:00,4.36200926761
2006-11-04 00:00:00,4.36200926761
2006-11-12 00:00:00,2.23892616742
2006-11-13 00:00:00,2.23892616742
2006-11-14 00:00:00,2.23892616742
2006-11-15 00:00:00,2.23892616742
2006-11-16 00:00:00,2.23892616742
2006-11-17 00:00:00,2.23892616742
2006-11-18 00:00:00,2.23892616742
2006-11-19 00:00:00,2.23892616742
2006-11-20 00:00:00,2.23892616742
2006-11-21 00:00:00,2.23892616742
2006-11-22 00:00:00,2.23892616742
2006-11-23 00:00:00,2.23892616742
2006-11-24 00:00:00,2.23892616742
2006-11-25 00:00:00,2.23892616742
2007-03-11 00:00:00,1.56552571717
2007-03-12 00:00:00,1.56552571717
2007-03-13 00:00:00,1.56552571717
2007-03-14 00:00:00,1.56552571717
2007-03-15 00:00:00,1.56552571717
2007-03-16 00:00:00,1.56552571717
2007-03-17 00:00:00,1.56552571717
2007-03-18 00:00:00,1.56552571717
2007-03-19 00:00:00,1.56552571717
2007-03-20 00:00:00,1.56552571717
2007-03-21 00:00:00,1.56552571717
2007-03-22 00:00:00,1.56552571717
2007-03-23 00:00:00,1.56552571717
2007-03-24 00:00:00,1.56552571717
2007-05-06 00:00:00,1.40391791106
2007-05-07 00:00:00,1.40391791106
2007-05-08 00:00:00,1.40391791106
2007-05-09 00:00:00,1.40391791106
2007-05-10 00:00:00,1.40391791106
2007-05-11 00:00:00,1.40391791106
2007-05-12 00:00:00,1.40391791106
2007-06-17 00:00:00,1.55218235322
2007-06-18 00:00:00,1.55218235322
2007-06-19 00:00:00,1.55218235322
2007-06-20 00:00:00,1.55218235322
2007-06-21 00:00:00,1.55218235322
2007-06-22 00:00:00,1.55218235322
2007-06-23 00:00:00,1.55218235322
2007-08-19 00:00:00,1.59193446148
2007-08-20 00:00:00,1.59193446148
2007-08-21 00:00:00,1.59193446148
2007-08-22 00:00:00,1.59193446148
2007-08-23 00:00:00,1.59193446148
2007-08-24 00:00:00,1.59193446148
2007-08-25 00:00:00,1.59193446148
2007-10-14 00:00:00,5.10434237678
2007-10-15 00:00:00,5.10434237678
2007-10-16 00:00:00,5.10434237678
2007-10-17 00:00:00,5.10434237678
2007-10-18 00:00:00,5.10434237678
2007-10-19 00:00:00,5.10434237678
2007-10-20 00:00:00,5.10434237678
2007-10-21 00:00:00,5.10434237678
2007-10-22 00:00:00,5.10434237678
2007-10-23 00:00:00,5.10434237678
2007-10-24 00:00:00,5.10434237678
2007-10-25 00:00:00,5.10434237678
2007-10-26 00:00:00,5.10434237678
2007-10-27 00:00:00,5.10434237678
2008-02-17 00:00:00,2.73049623025
2008-02-18 00:00:00,2.73049623025
2008-02-19 00:00:00,2.73049623025
2008-02-20 00:00:00,2.73049623025
2008-02-21 00:00:00,2.73049623025
2008-02-22 00:00:00,2.73049623025
2008-02-23 00:00:00,2.73049623025
2008-03-23 00:00:00,1.51838646599
2008-03-24 00:00:00,1.51838646599
2008-03-25 00:00:00,1.51838646599
2008-03-26 00:00:00,1.51838646599
2008-03-27 00:00:00,1.51838646599
2008-03-28 00:00:00,1.51838646599
2008-03-29 00:00:00,1.51838646599
2008-05-18 00:00:00,3.04064431207
2008-05-19 00:00:00,3.04064431207
2008-05-20 00:00:00,3.04064431207
2008-05-21 00:00:00,3.04064431207
2008-05-22 00:00:00,3.04064431207
2008-05-23 00:00:00,3.04064431207
2008-05-24 00:00:00,3.04064431207
2008-05-25 00:00:00,3.04064431207
2008-05-26 00:00:00,3.04064431207
2008-05-27 00:00:00,3.04064431207
2008-05-28 00:00:00,3.04064431207
2008-05-29 00:00:00,3.04064431207
2008-05-30 00:00:00,3.04064431207
2008-05-31 00:00:00,3.04064431207
2008-06-15 00:00:00,5.79769858792
2008-06-16 00:00:00,5.79769858792
2008-06-17 00:00:00,5.79769858792
2008-06-18 00:00:00,5.79769858792
2008-06-19 00:00:00,5.79769858792
2008-06-20 00:00:00,5.79769858792
2008-06-21 00:00:00,5.79769858792
2008-06-22 00:00:00,5.79769858792
2008-06-23 00:00:00,5.79769858792
2008-06-24 00:00:00,5.79769858792
2008-06-25 00:00:00,5.79769858792
2008-06-26 00:00:00,5.79769858792
2008-06-27 00:00:00,5.79769858792
2008-06-28 00:00:00,5.79769858792
2008-06-29 00:00:00,5.79769858792
2008-06-30 00:00:00,5.79769858792
2008-07-01 00:00:00,5.79769858792
2008-07-02 00:00:00,5.79769858792
2008-07-03 00:00:00,5.79769858792
2008-07-04 00:00:00,5.79769858792
2008-07-05 00:00:00,5.79769858792
2008-08-31 00:00:00,2.68662285223
2008-09-01 00:00:00,2.68662285223
2008-09-02 00:00:00,2.68662285223
2008-09-03 00:00:00,2.68662285223
2008-09-04 00:00:00,2.68662285223
2008-09-05 00:00:00,2.68662285223
2008-09-06 00:00:00,2.68662285223
2008-10-12 00:00:00,5.46848820449
2008-10-13 00:00:00,5.46848820449
2008-10-14 00:00:00,5.46848820449
2008-10-15 00:00:00,5.46848820449
2008-10-16 00:00:00,5.46848820449
2008-10-17 00:00:00,5.46848820449
2008-10-18 00:00:00,5.46848820449
2008-10-19 00:00:00,5.46848820449
2008-10-20 00:00:00,5.46848820449
2008-10-21 00:00:00,5.46848820449
2008-10-22 00:00:00,5.46848820449
2008-10-23 00:00:00,5.46848820449
2008-10-24 00:00:00,5.46848820449
2008-10-25 00:00:00,5.46848820449
2008-10-26 00:00:00,5.46848820449
2008-10-27 00:00:00,5.46848820449
2008-10-28 00:00:00,5.46848820449
2008-10-29 00:00:00,5.46848820449
2008-10-30 00:00:00,5.46848820449
2008-10-31 00:00:00,5.46848820449
2008-11-01 00:00:00,5.46848820449
2008-11-30 00:00:00,10.9625497919
2008-12-01 00:00:00,10.9625497919
2008-12-02 00:00:00,10.9625497919
2008-12-03 00:00:00,10.9625497919
2008-12-04 00:00:00,10.9625497919
2008-12-05 00:00:00,10.9625497919
2008-12-06 00:00:00,10.9625497919
2008-12-07 00:00:00,10.9625497919
2008-12-08 00:00:00,10.9625497919
2008-12-09 00:00:00,10.9625497919
2008-12-10 00:00:00,10.9625497919
2008-12-11 00:00:00,10.9625497919
2008-12-12 00:00:00,10.9625497919
2008-12-13 00:00:00,10.9625497919
2009-02-22 00:00:00,5.18481883259
2009-02-23 00:00:00,5.18481883259
2009-02-24 00:00:00,5.18481883259
2009-02-25 00:00:00,5.18481883259
2009-02-26 00:00:00,5.18481883259
2009-02-27 00:00:00,5.18481883259
2009-02-28 00:00:00,5.18481883259
2009-06-21 00:00:00,13.6810668618
2009-06-22 00:00:00,13.6810668618
2009-06-23 00:00:00,13.6810668618
2009-06-24 00:00:00,13.6810668618
2009-06-25 00:00:00,13.6810668618
2009-06-26 00:00:00,13.6810668618
2009-06-27 00:00:00,13.6810668618
2009-06-28 00:00:00,13.6810668618
2009-06-29 00:00:00,13.6810668618
2009-06-30 00:00:00,13.6810668618
2009-07-01 00:00:00,13.6810668618
2009-07-02 00:00:00,13.6810668618
2009-07-03 00:00:00,13.6810668618
2009-07-04 00:00:00,13.6810668618
2009-08-02 00:00:00,3.02978283601
2009-08-03 00:00:00,3.02978283601
2009-08-04 00:00:00,3.02978283601
2009-08-05 00:00:00,3.02978283601
2009-08-06 00:00:00,3.02978283601
2009-08-07 00:00:00,3.02978283601
2009-08-08 00:00:00,3.02978283601
2009-08-30 00:00:00,2.05399993147
2009-08-31 00:00:00,2.05399993147
2009-09-01 00:00:00,2.05399993147
2009-09-02 00:00:00,2.05399993147
2009-09-03 00:00:00,2.05399993147
2009-09-04 00:00:00,2.05399993147
2009-09-05 00:00:00,2.05399993147
2009-09-13 00:00:00,2.2086048124
2009-09-14 00:00:00,2.2086048124
2009-09-15 00:00:00,2.2086048124
2009-09-16 00:00:00,2.2086048124
2009-09-17 00:00:00,2.2086048124
2009-09-18 00:00:00,2.2086048124
2009-09-19 00:00:00,2.2086048124
2009-09-20 00:00:00,2.2086048124
2009-09-21 00:00:00,2.2086048124
2009-09-22 00:00:00,2.2086048124
2009-09-23 00:00:00,2.2086048124
2009-09-24 00:00:00,2.2086048124
2009-09-25 00:00:00,2.2086048124
2009-09-26 00:00:00,2.2086048124
2009-11-15 00:00:00,1.71546401744
2009-11-16 00:00:00,1.71546401744
2009-11-17 00:00:00,1.71546401744
2009-11-18 00:00:00,1.71546401744
2009-11-19 00:00:00,1.71546401744
2009-11-20 00:00:00,1.71546401744
2009-11-21 00:00:00,1.71546401744
2009-12-06 00:00:00,1.56317477336
2009-12-07 00:00:00,1.56317477336
2009-12-08 00:00:00,1.56317477336
2009-12-09 00:00:00,1.56317477336
2009-12-10 00:00:00,1.56317477336
2009-12-11 00:00:00,1.56317477336
2009-12-12 00:00:00,1.56317477336
2009-12-13 00:00:00,1.56317477336
2009-12-14 00:00:00,1.56317477336
2009-12-15 00:00:00,1.56317477336
2009-12-16 00:00:00,1.56317477336
2009-12-17 00:00:00,1.56317477336
2009-12-18 00:00:00,1.56317477336
2009-12-19 00:00:00,1.56317477336
2010-01-10 00:00:00,2.24384219857
2010-01-11 00:00:00,2.24384219857
2010-01-12 00:00:00,2.24384219857
2010-01-13 00:00:00,2.24384219857
2010-01-14 00:00:00,2.24384219857
2010-01-15 00:00:00,2.24384219857
2010-01-16 00:00:00,2.24384219857
2010-01-24 00:00:00,23.4995234456
2010-01-25 00:00:00,23.4995234456
2010-01-26 00:00:00,23.4995234456
2010-01-27 00:00:00,23.4995234456
2010-01-28 00:00:00,23.4995234456
2010-01-29 00:00:00,23.4995234456
2010-01-30 00:00:00,23.4995234456
2010-02-21 00:00:00,1.40651147238
2010-02-22 00:00:00,1.40651147238
2010-02-23 00:00:00,1.40651147238
2010-02-24 00:00:00,1.40651147238
2010-02-25 00:00:00,1.40651147238
2010-02-26 00:00:00,1.40651147238
2010-02-27 00:00:00,1.40651147238
2010-02-28 00:00:00,1.40651147238
2010-03-01 00:00:00,1.40651147238
2010-03-02 00:00:00,1.40651147238
2010-03-03 00:00:00,1.40651147238
2010-03-04 00:00:00,1.40651147238
2010-03-05 00:00:00,1.40651147238
2010-03-06 00:00:00,1.40651147238
2010-05-09 00:00:00,2.06218514579
2010-05-10 00:00:00,2.06218514579
2010-05-11 00:00:00,2.06218514579
2010-05-12 00:00:00,2.06218514579
2010-05-13 00:00:00,2.06218514579
2010-05-14 00:00:00,2.06218514579
2010-05-15 00:00:00,2.06218514579
2010-05-16 00:00:00,2.06218514579
2010-05-17 00:00:00,2.06218514579
2010-05-18 00:00:00,2.06218514579
2010-05-19 00:00:00,2.06218514579
2010-05-20 00:00:00,2.06218514579
2010-05-21 00:00:00,2.06218514579
2010-05-22 00:00:00,2.06218514579
2010-05-23 00:00:00,2.06218514579
2010-05-24 00:00:00,2.06218514579
2010-05-25 00:00:00,2.06218514579
2010-05-26 00:00:00,2.06218514579
2010-05-27 00:00:00,2.06218514579
2010-05-28 00:00:00,2.06218514579
2010-05-29 00:00:00,2.06218514579
2010-07-04 00:00:00,2.6290452325
2010-07-05 00:00:00,2.6290452325
2010-07-06 00:00:00,2.6290452325
2010-07-07 00:00:00,2.6290452325
2010-07-08 00:00:00,2.6290452325
2010-07-09 00:00:00,2.6290452325
2010-07-10 00:00:00,2.6290452325
2010-07-11 00:00:00,2.6290452325
2010-07-12 00:00:00,2.6290452325
2010-07-13 00:00:00,2.6290452325
2010-07-14 00:00:00,2.6290452325
2010-07-15 00:00:00,2.6290452325
2010-07-16 00:00:00,2.6290452325
2010-07-17 00:00:00,2.6290452325
2010-07-18 00:00:00,2.6290452325
2010-07-19 00:00:00,2.6290452325
2010-07-20 00:00:00,2.6290452325
2010-07-21 00:00:00,2.6290452325
2010-07-22 00:00:00,2.6290452325
2010-07-23 00:00:00,2.6290452325
2010-07-24 00:00:00,2.6290452325
2010-10-31 00:00:00,13.3311948739
2010-11-01 00:00:00,13.3311948739
2010-11-02 00:00:00,13.3311948739
2010-11-03 00:00:00,13.3311948739
2010-11-04 00:00:00,13.3311948739
2010-11-05 00:00:00,13.3311948739
2010-11-06 00:00:00,13.3311948739
2010-11-28 00:00:00,3.30735518919
2010-11-29 00:00:00,3.30735518919
2010-11-30 00:00:00,3.30735518919
2010-12-01 00:00:00,3.30735518919
2010-12-02 00:00:00,3.30735518919
2010-12-03 00:00:00,3.30735518919
2010-12-04 00:00:00,3.30735518919
2011-05-15 00:00:00,3.53414559299
2011-05-16 00:00:00,3.53414559299
2011-05-17 00:00:00,3.53414559299
2011-05-18 00:00:00,3.53414559299
2011-05-19 00:00:00,3.53414559299
2011-05-20 00:00:00,3.53414559299
2011-05-21 00:00:00,3.53414559299
2011-05-22 00:00:00,3.53414559299
2011-05-23 00:00:00,3.53414559299
2011-05-24 00:00:00,3.53414559299
2011-05-25 00:00:00,3.53414559299
2011-05-26 00:00:00,3.53414559299
2011-05-27 00:00:00,3.53414559299
2011-05-28 00:00:00,3.53414559299
2011-06-12 00:00:00,2.30816246059
2011-06-13 00:00:00,2.30816246059
2011-06-14 00:00:00,2.30816246059
2011-06-15 00:00:00,2.30816246059
2011-06-16 00:00:00,2.30816246059
2011-06-17 00:00:00,2.30816246059
2011-06-18 00:00:00,2.30816246059
2011-06-26 00:00:00,1.58812787056
2011-06-27 00:00:00,1.58812787056
2011-06-28 00:00:00,1.58812787056
2011-06-29 00:00:00,1.58812787056
2011-06-30 00:00:00,1.58812787056
2011-07-01 00:00:00,1.58812787056
2011-07-02 00:00:00,1.58812787056
2011-07-03 00:00:00,1.58812787056
2011-07-04 00:00:00,1.58812787056
2011-07-05 00:00:00,1.58812787056
2011-07-06 00:00:00,1.58812787056
2011-07-07 00:00:00,1.58812787056
2011-07-08 00:00:00,1.58812787056
2011-07-09 00:00:00,1.58812787056
2011-09-04 00:00:00,6.73059824594
2011-09-05 00:00:00,6.73059824594
2011-09-06 00:00:00,6.73059824594
2011-09-07 00:00:00,6.73059824594
2011-09-08 00:00:00,6.73059824594
2011-09-09 00:00:00,6.73059824594
2011-09-10 00:00:00,6.73059824594
2011-09-11 00:00:00,6.73059824594
2011-09-12 00:00:00,6.73059824594
2011-09-13 00:00:00,6.73059824594
2011-09-14 00:00:00,6.73059824594
2011-09-15 00:00:00,6.73059824594
2011-09-16 00:00:00,6.73059824594
2011-09-17 00:00:00,6.73059824594
2011-09-18 00:00:00,6.73059824594
2011-09-19 00:00:00,6.73059824594
2011-09-20 00:00:00,6.73059824594
2011-09-21 00:00:00,6.73059824594
2011-09-22 00:00:00,6.73059824594
2011-09-23 00:00:00,6.73059824594
2011-09-24 00:00:00,6.73059824594
2011-10-09 00:00:00,11.4361174512
2011-10-10 00:00:00,11.4361174512
2011-10-11 00:00:00,11.4361174512
2011-10-12 00:00:00,11.4361174512
2011-10-13 00:00:00,11.4361174512
2011-10-14 00:00:00,11.4361174512
2011-10-15 00:00:00,11.4361174512
2011-10-30 00:00:00,10.6779215864
2011-10-31 00:00:00,10.6779215864
2011-11-01 00:00:00,10.6779215864
2011-11-02 00:00:00,10.6779215864
2011-11-03 00:00:00,10.6779215864
2011-11-04 00:00:00,10.6779215864
2011-11-05 00:00:00,10.6779215864
2011-11-06 00:00:00,10.6779215864
2011-11-07 00:00:00,10.6779215864
2011-11-08 00:00:00,10.6779215864
2011-11-09 00:00:00,10.6779215864
2011-11-10 00:00:00,10.6779215864
2011-11-11 00:00:00,10.6779215864
2011-11-12 00:00:00,10.6779215864
2012-03-18 00:00:00,3.05475754164
2012-03-19 00:00:00,3.05475754164
2012-03-20 00:00:00,3.05475754164
2012-03-21 00:00:00,3.05475754164
2012-03-22 00:00:00,3.05475754164
2012-03-23 00:00:00,3.05475754164
2012-03-24 00:00:00,3.05475754164
2012-04-08 00:00:00,26.9463908459
2012-04-09 00:00:00,26.9463908459
2012-04-10 00:00:00,26.9463908459
2012-04-11 00:00:00,26.9463908459
2012-04-12 00:00:00,26.9463908459
2012-04-13 00:00:00,26.9463908459
2012-04-14 00:00:00,26.9463908459
2012-04-15 00:00:00,26.9463908459
2012-04-16 00:00:00,26.9463908459
2012-04-17 00:00:00,26.9463908459
2012-04-18 00:00:00,26.9463908459
2012-04-19 00:00:00,26.9463908459
2012-04-20 00:00:00,26.9463908459
2012-04-21 00:00:00,26.9463908459
2012-05-27 00:00:00,3.43995459893
2012-05-28 00:00:00,3.43995459893
2012-05-29 00:00:00,3.43995459893
2012-05-30 00:00:00,3.43995459893
2012-05-31 00:00:00,3.43995459893
2012-06-01 00:00:00,3.43995459893
2012-06-02 00:00:00,3.43995459893
2012-06-24 00:00:00,1.9756051961
2012-06-25 00:00:00,1.9756051961
2012-06-26 00:00:00,1.9756051961
2012-06-27 00:00:00,1.9756051961
2012-06-28 00:00:00,1.9756051961
2012-06-29 00:00:00,1.9756051961
2012-06-30 00:00:00,1.9756051961
2012-08-05 00:00:00,1.93503407296
2012-08-06 00:00:00,1.93503407296
2012-08-07 00:00:00,1.93503407296
2012-08-08 00:00:00,1.93503407296
2012-08-09 00:00:00,1.93503407296
2012-08-10 00:00:00,1.93503407296
2012-08-11 00:00:00,1.93503407296
2012-09-16 00:00:00,25.2773772549
2012-09-17 00:00:00,25.2773772549
2012-09-18 00:00:00,25.2773772549
2012-09-19 00:00:00,25.2773772549
2012-09-20 00:00:00,25.2773772549
2012-09-21 00:00:00,25.2773772549
2012-09-22 00:00:00,25.2773772549
2012-09-23 00:00:00,25.2773772549
2012-09-24 00:00:00,25.2773772549
2012-09-25 00:00:00,25.2773772549
2012-09-26 00:00:00,25.2773772549
2012-09-27 00:00:00,25.2773772549
2012-09-28 00:00:00,25.2773772549
2012-09-29 00:00:00,25.2773772549
2012-09-30 00:00:00,25.2773772549
2012-10-01 00:00:00,25.2773772549
2012-10-02 00:00:00,25.2773772549
2012-10-03 00:00:00,25.2773772549
2012-10-04 00:00:00,25.2773772549
2012-10-05 00:00:00,25.2773772549
2012-10-06 00:00:00,25.2773772549
2012-11-04 00:00:00,7.0138679006
2012-11-05 00:00:00,7.0138679006
2012-11-06 00:00:00,7.0138679006
2012-11-07 00:00:00,7.0138679006
2012-11-08 00:00:00,7.0138679006
2012-11-09 00:00:00,7.0138679006
2012-11-10 00:00:00,7.0138679006
2012-11-11 00:00:00,7.0138679006
2012-11-12 00:00:00,7.0138679006
2012-11-13 00:00:00,7.0138679006
2012-11-14 00:00:00,7.0138679006
2012-11-15 00:00:00,7.0138679006
2012-11-16 00:00:00,7.0138679006
2012-11-17 00:00:00,7.0138679006
2012-11-18 00:00:00,7.0138679006
2012-11-19 00:00:00,7.0138679006
2012-11-20 00:00:00,7.0138679006
2012-11-21 00:00:00,7.0138679006
2012-11-22 00:00:00,7.0138679006
2012-11-23 00:00:00,7.0138679006
2012-11-24 00:00:00,7.0138679006
2013-01-06 00:00:00,1.67299200777
2013-01-07 00:00:00,1.67299200777
2013-01-08 00:00:00,1.67299200777
2013-01-09 00:00:00,1.67299200777
2013-01-10 00:00:00,1.67299200777
2013-01-11 00:00:00,1.67299200777
2013-01-12 00:00:00,1.67299200777
2013-05-05 00:00:00,3.12494711608
2013-05-06 00:00:00,3.12494711608
2013-05-07 00:00:00,3.12494711608
2013-05-08 00:00:00,3.12494711608
2013-05-09 00:00:00,3.12494711608
2013-05-10 00:00:00,3.12494711608
2013-05-11 00:00:00,3.12494711608
2013-05-12 00:00:00,3.12494711608
2013-05-13 00:00:00,3.12494711608
2013-05-14 00:00:00,3.12494711608
2013-05-15 00:00:00,3.12494711608
2013-05-16 00:00:00,3.12494711608
2013-05-17 00:00:00,3.12494711608
2013-05-18 00:00:00,3.12494711608
2013-06-09 00:00:00,1.67909515646
2013-06-10 00:00:00,1.67909515646
2013-06-11 00:00:00,1.67909515646
2013-06-12 00:00:00,1.67909515646
2013-06-13 00:00:00,1.67909515646
2013-06-14 00:00:00,1.67909515646
2013-06-15 00:00:00,1.67909515646
2013-08-25 00:00:00,3.58426160203
2013-08-26 00:00:00,3.58426160203
2013-08-27 00:00:00,3.58426160203
2013-08-28 00:00:00,3.58426160203
2013-08-29 00:00:00,3.58426160203
2013-08-30 00:00:00,3.58426160203
2013-08-31 00:00:00,3.58426160203
2013-09-01 00:00:00,3.58426160203
2013-09-02 00:00:00,3.58426160203
2013-09-03 00:00:00,3.58426160203
2013-09-04 00:00:00,3.58426160203
2013-09-05 00:00:00,3.58426160203
2013-09-06 00:00:00,3.58426160203
2013-09-07 00:00:00,3.58426160203
2013-09-08 00:00:00,3.58426160203
2013-09-09 00:00:00,3.58426160203
2013-09-10 00:00:00,3.58426160203
2013-09-11 00:00:00,3.58426160203
2013-09-12 00:00:00,3.58426160203
2013-09-13 00:00:00,3.58426160203
2013-09-14 00:00:00,3.58426160203
2013-10-27 00:00:00,1.77417494242
2013-10-28 00:00:00,1.77417494242
2013-10-29 00:00:00,1.77417494242
2013-10-30 00:00:00,1.77417494242
2013-10-31 00:00:00,1.77417494242
2013-11-01 00:00:00,1.77417494242
2013-11-02 00:00:00,1.77417494242
2014-01-19 00:00:00,2.67772458021
2014-01-20 00:00:00,2.67772458021
2014-01-21 00:00:00,2.67772458021
2014-01-22 00:00:00,2.67772458021
2014-01-23 00:00:00,2.67772458021
2014-01-24 00:00:00,2.67772458021
2014-01-25 00:00:00,2.67772458021
2014-03-02 00:00:00,1.63493630821
2014-03-03 00:00:00,1.63493630821
2014-03-04 00:00:00,1.63493630821
2014-03-05 00:00:00,1.63493630821
2014-03-06 00:00:00,1.63493630821
2014-03-07 00:00:00,1.63493630821
2014-03-08 00:00:00,1.63493630821
2014-05-18 00:00:00,15.4315447727
2014-05-19 00:00:00,15.4315447727
2014-05-20 00:00:00,15.4315447727
2014-05-21 00:00:00,15.4315447727
2014-05-22 00:00:00,15.4315447727
2014-05-23 00:00:00,15.4315447727
2014-05-24 00:00:00,15.4315447727
2014-10-05 00:00:00,2.38633463175
2014-10-06 00:00:00,2.38633463175
2014-10-07 00:00:00,2.38633463175
2014-10-08 00:00:00,2.38633463175
2014-10-09 00:00:00,2.38633463175
2014-10-10 00:00:00,2.38633463175
2014-10-11 00:00:00,2.38633463175
2014-10-19 00:00:00,22.6326726135
2014-10-20 00:00:00,22.6326726135
2014-10-21 00:00:00,22.6326726135
2014-10-22 00:00:00,22.6326726135
2014-10-23 00:00:00,22.6326726135
2014-10-24 00:00:00,22.6326726135
2014-10-25 00:00:00,22.6326726135
2014-10-26 00:00:00,22.6326726135
2014-10-27 00:00:00,22.6326726135
2014-10-28 00:00:00,22.6326726135
2014-10-29 00:00:00,22.6326726135
2014-10-30 00:00:00,22.6326726135
2014-10-31 00:00:00,22.6326726135
2014-11-01 00:00:00,22.6326726135
2014-11-02 00:00:00,22.6326726135
2014-11-03 00:00:00,22.6326726135
2014-11-04 00:00:00,22.6326726135
2014-11-05 00:00:00,22.6326726135
2014-11-06 00:00:00,22.6326726135
2014-11-07 00:00:00,22.6326726135
2014-11-08 00:00:00,22.6326726135
2015-02-15 00:00:00,1.49776415945
2015-02-16 00:00:00,1.49776415945
2015-02-17 00:00:00,1.49776415945
2015-02-18 00:00:00,1.49776415945
2015-02-19 00:00:00,1.49776415945
2015-02-20 00:00:00,1.49776415945
2015-02-21 00:00:00,1.49776415945
2015-04-26 00:00:00,3.74373550056
2015-04-27 00:00:00,3.74373550056
2015-04-28 00:00:00,3.74373550056
2015-04-29 00:00:00,3.74373550056
2015-04-30 00:00:00,3.74373550056
2015-05-01 00:00:00,3.74373550056
2015-05-02 00:00:00,3.74373550056
News Data
Start Date, End Date,News Source,Link,Days,Reason,Comment,Days Reported
2013-08-25,2013-08-21,The Hindu,http://www.thehindu.com/business/Industry/onion-prices-jump-to-rs-80kg-again/article5044776.ece,-4,low supply,Prices hiked again,0
2013-08-26,2013-08-21,The Hindu,http://www.thehindu.com/business/Industry/onion-prices-jump-to-rs-80kg-again/article5044776.ece,-5,low supply,Prices hiked again,0
2013-08-27,2013-08-22,Money Control,http://www.moneycontrol.com/news/economy/onion-prices-shoot-back-to-rs-80kgmany-partsindia_939103.html,-5,not stated,,1
2013-08-29,2013-09-03,NDTV,http://www.ndtv.com/india-news/onion-prices-may-ease-when-south-india-crop-hits-market-government-533474,5,low supply,,0
2013-08-30,2013-09-03,NDTV,http://www.ndtv.com/india-news/onion-prices-may-ease-when-south-india-crop-hits-market-government-533474,4,low supply,,0
2013-08-31,2013-09-03,NDTV,http://www.ndtv.com/india-news/onion-prices-may-ease-when-south-india-crop-hits-market-government-533474,3,low supply,,0
2013-09-01,2013-09-03,NDTV,http://www.ndtv.com/india-news/onion-prices-may-ease-when-south-india-crop-hits-market-government-533474,2,low supply,,0
2013-09-02,2013-09-03,NDTV,http://www.ndtv.com/india-news/onion-prices-may-ease-when-south-india-crop-hits-market-government-533474,1,low supply,,0
2013-09-03,2013-09-03,NDTV,http://www.ndtv.com/india-news/onion-prices-may-ease-when-south-india-crop-hits-market-government-533474,0,low supply,,0
2013-09-04,2013-09-03,NDTV,http://www.ndtv.com/india-news/onion-prices-may-ease-when-south-india-crop-hits-market-government-533474,-1,low supply,,0
2013-09-05,2013-09-03,NDTV,http://www.ndtv.com/india-news/onion-prices-may-ease-when-south-india-crop-hits-market-government-533474,-2,low supply,,0
2013-09-06,2013-09-03,NDTV,http://www.ndtv.com/india-news/onion-prices-may-ease-when-south-india-crop-hits-market-government-533474,-3,low supply,,0
2013-09-07,2013-09-03,NDTV,http://www.ndtv.com/india-news/onion-prices-may-ease-when-south-india-crop-hits-market-government-533474,-4,low supply,,0
2013-09-08,2013-09-03,NDTV,http://www.ndtv.com/india-news/onion-prices-may-ease-when-south-india-crop-hits-market-government-533474,-5,low supply,,0
2013-09-13,2013-09-18,The Times of India,http://timesofindia.indiatimes.com/india/Onion-price-rise-may-be-due-to-hoarding-Centre/articleshow/22672225.cms,5,traders nexus,no,None
2013-09-14,2013-09-18,The Times of India,http://timesofindia.indiatimes.com/india/Onion-price-rise-may-be-due-to-hoarding-Centre/articleshow/22672225.cms,4,traders nexus,no,None
2013-10-27,2013-10-22,NDTV,http://profit.ndtv.com/news/cheat-sheet/article-why-onion-prices-are-inching-towards-rs-100-per-kg-370138,-5,low supply,,0
2013-10-28,2013-10-23,The Economic Times,http://articles.economictimes.indiatimes.com/2013-10-23/news/43326601_1_nafed-tender-onion-crop,-5,traders nexus,no,None
2013-10-29,2013-10-24,The Hindu,http://www.thehindu.com/business/Industry/india-floats-tender-for-import-of-onions/article5264970.ece,-5,traders nexus,,10
2013-10-30,2013-10-25,Money Control,http://www.moneycontrol.com/news/economy/onion-prices-remain-high-at-rs-100kg-crisis-to-continue_976318.html,-5,traders nexus,,7
2013-10-31,2013-10-26,NDTV,http://www.ndtv.com/india-news/chief-ministers-onion-mission-begins-in-assam-538929,-5,Not mentioned,,0
2013-11-01,2013-10-28,DNA,http://www.dnaindia.com/mumbai/report-dna-exclusive-traders-not-farmers-making-the-most-of-soaring-onion-price-1909850,-4,traders nexus,,0
2013-11-02,2013-10-28,DNA,http://www.dnaindia.com/mumbai/report-dna-exclusive-traders-not-farmers-making-the-most-of-soaring-onion-price-1909850,-5,traders nexus,,0
Correlation Result:::
Date,Value
2006-03-02 00:00:00,-0.910891700743
2006-03-03 00:00:00,-0.910891700743
2006-03-04 00:00:00,-0.910891700743
2006-03-05 00:00:00,-0.910891700743
2006-03-06 00:00:00,-0.910891700743
2006-03-07 00:00:00,-0.910891700743
2006-03-08 00:00:00,-0.910891700743
2006-03-09 00:00:00,-0.910891700743
2006-03-10 00:00:00,-0.910891700743
2006-03-11 00:00:00,-0.910891700743
2006-03-12 00:00:00,-0.910891700743
2006-03-13 00:00:00,-0.910891700743
2006-03-14 00:00:00,-0.910891700743
2006-03-15 00:00:00,-0.910891700743
2006-03-16 00:00:00,-0.910891700743
2006-04-01 00:00:00,0.606317916911
2006-04-02 00:00:00,0.606317916911
2006-04-03 00:00:00,0.606317916911
2006-04-04 00:00:00,0.606317916911
2006-04-05 00:00:00,0.606317916911
2006-04-06 00:00:00,0.606317916911
2006-04-07 00:00:00,0.606317916911
2006-04-08 00:00:00,0.606317916911
2006-04-09 00:00:00,0.606317916911
2006-04-10 00:00:00,0.606317916911
2006-04-11 00:00:00,0.606317916911
2006-04-12 00:00:00,0.606317916911
2006-04-13 00:00:00,0.606317916911
2006-04-14 00:00:00,0.606317916911
2006-04-15 00:00:00,0.606317916911
2006-04-16 00:00:00,0.606317916911
2006-04-17 00:00:00,0.606317916911
2006-04-18 00:00:00,0.606317916911
2006-04-19 00:00:00,0.606317916911
2006-04-20 00:00:00,0.606317916911
2006-04-21 00:00:00,0.606317916911
2006-04-22 00:00:00,0.606317916911
2006-04-23 00:00:00,0.606317916911
2006-04-24 00:00:00,0.606317916911
2006-04-25 00:00:00,0.606317916911
2006-04-26 00:00:00,0.606317916911
2006-04-27 00:00:00,0.606317916911
2006-04-28 00:00:00,0.606317916911
2006-04-29 00:00:00,0.606317916911
2006-04-30 00:00:00,0.606317916911
2006-05-01 00:00:00,0.606317916911
2006-05-02 00:00:00,0.606317916911
2006-05-03 00:00:00,0.606317916911
2006-05-04 00:00:00,0.606317916911
2006-05-05 00:00:00,0.606317916911
2006-05-06 00:00:00,0.606317916911
2006-05-07 00:00:00,0.606317916911
2006-05-08 00:00:00,0.606317916911
2006-05-09 00:00:00,0.606317916911
2006-05-10 00:00:00,0.606317916911
2006-05-11 00:00:00,0.606317916911
2006-05-12 00:00:00,0.606317916911
2006-05-13 00:00:00,0.606317916911
2006-05-14 00:00:00,0.606317916911
2006-05-15 00:00:00,0.606317916911
2006-06-15 00:00:00,0.518012487021
2006-06-16 00:00:00,0.518012487021
2006-06-17 00:00:00,0.518012487021
2006-06-18 00:00:00,0.518012487021
2006-06-19 00:00:00,0.518012487021
2006-06-20 00:00:00,0.518012487021
2006-06-21 00:00:00,0.518012487021
2006-06-22 00:00:00,0.518012487021
2006-06-23 00:00:00,0.518012487021
2006-06-24 00:00:00,0.518012487021
2006-06-25 00:00:00,0.518012487021
2006-06-26 00:00:00,0.518012487021
2006-06-27 00:00:00,0.518012487021
2006-06-28 00:00:00,0.518012487021
2006-06-29 00:00:00,0.518012487021
2006-06-30 00:00:00,0.518012487021
2006-07-01 00:00:00,0.518012487021
2006-07-02 00:00:00,0.518012487021
2006-07-03 00:00:00,0.518012487021
2006-07-04 00:00:00,0.518012487021
2006-07-05 00:00:00,0.518012487021
2006-07-06 00:00:00,0.518012487021
2006-07-07 00:00:00,0.518012487021
2006-07-08 00:00:00,0.518012487021
2006-07-09 00:00:00,0.518012487021
2006-07-10 00:00:00,0.518012487021
2006-07-11 00:00:00,0.518012487021
2006-07-12 00:00:00,0.518012487021
2006-07-13 00:00:00,0.518012487021
2006-07-14 00:00:00,0.518012487021
2006-07-30 00:00:00,0.66097088484
2006-07-31 00:00:00,0.66097088484
2006-08-01 00:00:00,0.66097088484
2006-08-02 00:00:00,0.66097088484
2006-08-03 00:00:00,0.66097088484
2006-08-04 00:00:00,0.66097088484
2006-08-05 00:00:00,0.66097088484
2006-08-06 00:00:00,0.66097088484
2006-08-07 00:00:00,0.66097088484
2006-08-08 00:00:00,0.66097088484
2006-08-09 00:00:00,0.66097088484
2006-08-10 00:00:00,0.66097088484
2006-08-11 00:00:00,0.66097088484
2006-08-12 00:00:00,0.66097088484
2006-08-13 00:00:00,0.66097088484
2006-08-14 00:00:00,0.66097088484
2006-08-15 00:00:00,0.66097088484
2006-08-16 00:00:00,0.66097088484
2006-08-17 00:00:00,0.66097088484
2006-08-18 00:00:00,0.66097088484
2006-08-19 00:00:00,0.66097088484
2006-08-20 00:00:00,0.66097088484
2006-08-21 00:00:00,0.66097088484
2006-08-22 00:00:00,0.66097088484
2006-08-23 00:00:00,0.66097088484
2006-08-24 00:00:00,0.66097088484
2006-08-25 00:00:00,0.66097088484
2006-08-26 00:00:00,0.66097088484
2006-08-27 00:00:00,0.66097088484
2006-08-28 00:00:00,0.66097088484
2006-08-29 00:00:00,0.66097088484
2006-08-30 00:00:00,0.66097088484
2006-08-31 00:00:00,0.66097088484
2006-09-01 00:00:00,0.66097088484
2006-09-02 00:00:00,0.66097088484
2006-09-03 00:00:00,0.66097088484
2006-09-04 00:00:00,0.66097088484
2006-09-05 00:00:00,0.66097088484
2006-09-06 00:00:00,0.66097088484
2006-09-07 00:00:00,0.66097088484
2006-09-08 00:00:00,0.66097088484
2006-09-09 00:00:00,0.66097088484
2006-09-10 00:00:00,0.66097088484
2006-09-11 00:00:00,0.66097088484
2006-09-12 00:00:00,0.66097088484
2007-02-10 00:00:00,-0.765963563521
2007-02-11 00:00:00,-0.765963563521
2007-02-12 00:00:00,-0.765963563521
2007-02-13 00:00:00,-0.765963563521
2007-02-14 00:00:00,-0.765963563521
2007-02-15 00:00:00,-0.765963563521
2007-02-16 00:00:00,-0.765963563521
2007-02-17 00:00:00,-0.765963563521
2007-02-18 00:00:00,-0.765963563521
2007-02-19 00:00:00,-0.765963563521
2007-02-20 00:00:00,-0.765963563521
2007-02-21 00:00:00,-0.765963563521
2007-02-22 00:00:00,-0.765963563521
2007-02-23 00:00:00,-0.765963563521
2007-02-24 00:00:00,-0.765963563521
2007-02-25 00:00:00,-0.765963563521
2007-02-26 00:00:00,-0.765963563521
2007-02-27 00:00:00,-0.765963563521
2007-02-28 00:00:00,-0.765963563521
2007-03-01 00:00:00,-0.765963563521
2007-03-02 00:00:00,-0.765963563521
2007-03-03 00:00:00,-0.765963563521
2007-03-04 00:00:00,-0.765963563521
2007-03-05 00:00:00,-0.765963563521
2007-03-06 00:00:00,-0.765963563521
2007-03-07 00:00:00,-0.765963563521
2007-03-08 00:00:00,-0.765963563521
2007-03-09 00:00:00,-0.765963563521
2007-03-10 00:00:00,-0.765963563521
2007-03-11 00:00:00,-0.765963563521
2007-03-27 00:00:00,0.579785616279
2007-03-28 00:00:00,0.579785616279
2007-03-29 00:00:00,0.579785616279
2007-03-30 00:00:00,0.579785616279
2007-03-31 00:00:00,0.579785616279
2007-04-01 00:00:00,0.579785616279
2007-04-02 00:00:00,0.579785616279
2007-04-03 00:00:00,0.579785616279
2007-04-04 00:00:00,0.579785616279
2007-04-05 00:00:00,0.579785616279
2007-04-06 00:00:00,0.579785616279
2007-04-07 00:00:00,0.579785616279
2007-04-08 00:00:00,0.579785616279
2007-04-09 00:00:00,0.579785616279
2007-04-10 00:00:00,0.579785616279
2007-04-26 00:00:00,0.704855031575
2007-04-27 00:00:00,0.704855031575
2007-04-28 00:00:00,0.704855031575
2007-04-29 00:00:00,0.704855031575
2007-04-30 00:00:00,0.704855031575
2007-05-01 00:00:00,0.704855031575
2007-05-02 00:00:00,0.704855031575
2007-05-03 00:00:00,0.704855031575
2007-05-04 00:00:00,0.704855031575
2007-05-05 00:00:00,0.704855031575
2007-05-06 00:00:00,0.704855031575
2007-05-07 00:00:00,0.704855031575
2007-05-08 00:00:00,0.704855031575
2007-05-09 00:00:00,0.704855031575
2007-05-10 00:00:00,0.704855031575
2007-07-10 00:00:00,0.753905012805
2007-07-11 00:00:00,0.753905012805
2007-07-12 00:00:00,0.753905012805
2007-07-13 00:00:00,0.753905012805
2007-07-14 00:00:00,0.753905012805
2007-07-15 00:00:00,0.753905012805
2007-07-16 00:00:00,0.753905012805
2007-07-17 00:00:00,0.753905012805
2007-07-18 00:00:00,0.753905012805
2007-07-19 00:00:00,0.753905012805
2007-07-20 00:00:00,0.753905012805
2007-07-21 00:00:00,0.753905012805
2007-07-22 00:00:00,0.753905012805
2007-07-23 00:00:00,0.753905012805
2007-07-24 00:00:00,0.753905012805
2007-07-25 00:00:00,0.753905012805
2007-07-26 00:00:00,0.753905012805
2007-07-27 00:00:00,0.753905012805
2007-07-28 00:00:00,0.753905012805
2007-07-29 00:00:00,0.753905012805
2007-07-30 00:00:00,0.753905012805
2007-07-31 00:00:00,0.753905012805
2007-08-01 00:00:00,0.753905012805
2007-08-02 00:00:00,0.753905012805
2007-08-03 00:00:00,0.753905012805
2007-08-04 00:00:00,0.753905012805
2007-08-05 00:00:00,0.753905012805
2007-08-06 00:00:00,0.753905012805
2007-08-07 00:00:00,0.753905012805
2007-08-08 00:00:00,0.753905012805
2008-04-20 00:00:00,0.522568335975
2008-04-21 00:00:00,0.522568335975
2008-04-22 00:00:00,0.522568335975
2008-04-23 00:00:00,0.522568335975
2008-04-24 00:00:00,0.522568335975
2008-04-25 00:00:00,0.522568335975
2008-04-26 00:00:00,0.522568335975
2008-04-27 00:00:00,0.522568335975
2008-04-28 00:00:00,0.522568335975
2008-04-29 00:00:00,0.522568335975
2008-04-30 00:00:00,0.522568335975
2008-05-01 00:00:00,0.522568335975
2008-05-02 00:00:00,0.522568335975
2008-05-03 00:00:00,0.522568335975
2008-05-04 00:00:00,0.522568335975
2008-05-05 00:00:00,0.522568335975
2008-05-06 00:00:00,0.522568335975
2008-05-07 00:00:00,0.522568335975
2008-05-08 00:00:00,0.522568335975
2008-05-09 00:00:00,0.522568335975
2008-05-10 00:00:00,0.522568335975
2008-05-11 00:00:00,0.522568335975
2008-05-12 00:00:00,0.522568335975
2008-05-13 00:00:00,0.522568335975
2008-05-14 00:00:00,0.522568335975
2008-05-15 00:00:00,0.522568335975
2008-05-16 00:00:00,0.522568335975
2008-05-17 00:00:00,0.522568335975
2008-05-18 00:00:00,0.522568335975
2008-05-19 00:00:00,0.522568335975
2008-11-16 00:00:00,0.735104276528
2008-11-17 00:00:00,0.735104276528
2008-11-18 00:00:00,0.735104276528
2008-11-19 00:00:00,0.735104276528
2008-11-20 00:00:00,0.735104276528
2008-11-21 00:00:00,0.735104276528
2008-11-22 00:00:00,0.735104276528
2008-11-23 00:00:00,0.735104276528
2008-11-24 00:00:00,0.735104276528
2008-11-25 00:00:00,0.735104276528
2008-11-26 00:00:00,0.735104276528
2008-11-27 00:00:00,0.735104276528
2008-11-28 00:00:00,0.735104276528
2008-11-29 00:00:00,0.735104276528
2008-11-30 00:00:00,0.735104276528
2008-12-01 00:00:00,0.735104276528
2008-12-02 00:00:00,0.735104276528
2008-12-03 00:00:00,0.735104276528
2008-12-04 00:00:00,0.735104276528
2008-12-05 00:00:00,0.735104276528
2008-12-06 00:00:00,0.735104276528
2008-12-07 00:00:00,0.735104276528
2008-12-08 00:00:00,0.735104276528
2008-12-09 00:00:00,0.735104276528
2008-12-10 00:00:00,0.735104276528
2008-12-11 00:00:00,0.735104276528
2008-12-12 00:00:00,0.735104276528
2008-12-13 00:00:00,0.735104276528
2008-12-14 00:00:00,0.735104276528
2008-12-15 00:00:00,0.735104276528
2008-12-16 00:00:00,0.735104276528
2008-12-17 00:00:00,0.735104276528
2008-12-18 00:00:00,0.735104276528
2008-12-19 00:00:00,0.735104276528
2008-12-20 00:00:00,0.735104276528
2008-12-21 00:00:00,0.735104276528
2008-12-22 00:00:00,0.735104276528
2008-12-23 00:00:00,0.735104276528
2008-12-24 00:00:00,0.735104276528
2008-12-25 00:00:00,0.735104276528
2008-12-26 00:00:00,0.735104276528
2008-12-27 00:00:00,0.735104276528
2008-12-28 00:00:00,0.735104276528
2008-12-29 00:00:00,0.735104276528
2008-12-30 00:00:00,0.735104276528
2009-01-15 00:00:00,0.516704502482
2009-01-16 00:00:00,0.516704502482
2009-01-17 00:00:00,0.516704502482
2009-01-18 00:00:00,0.516704502482
2009-01-19 00:00:00,0.516704502482
2009-01-20 00:00:00,0.516704502482
2009-01-21 00:00:00,0.516704502482
2009-01-22 00:00:00,0.516704502482
2009-01-23 00:00:00,0.516704502482
2009-01-24 00:00:00,0.516704502482
2009-01-25 00:00:00,0.516704502482
2009-01-26 00:00:00,0.516704502482
2009-01-27 00:00:00,0.516704502482
2009-01-28 00:00:00,0.516704502482
2009-01-29 00:00:00,0.516704502482
2009-01-30 00:00:00,0.516704502482
2009-01-31 00:00:00,0.516704502482
2009-02-01 00:00:00,0.516704502482
2009-02-02 00:00:00,0.516704502482
2009-02-03 00:00:00,0.516704502482
2009-02-04 00:00:00,0.516704502482
2009-02-05 00:00:00,0.516704502482
2009-02-06 00:00:00,0.516704502482
2009-02-07 00:00:00,0.516704502482
2009-02-08 00:00:00,0.516704502482
2009-02-09 00:00:00,0.516704502482
2009-02-10 00:00:00,0.516704502482
2009-02-11 00:00:00,0.516704502482
2009-02-12 00:00:00,0.516704502482
2009-02-13 00:00:00,0.516704502482
2009-03-16 00:00:00,0.74867252697
2009-03-17 00:00:00,0.74867252697
2009-03-18 00:00:00,0.74867252697
2009-03-19 00:00:00,0.74867252697
2009-03-20 00:00:00,0.74867252697
2009-03-21 00:00:00,0.74867252697
2009-03-22 00:00:00,0.74867252697
2009-03-23 00:00:00,0.74867252697
2009-03-24 00:00:00,0.74867252697
2009-03-25 00:00:00,0.74867252697
2009-03-26 00:00:00,0.74867252697
2009-03-27 00:00:00,0.74867252697
2009-03-28 00:00:00,0.74867252697
2009-03-29 00:00:00,0.74867252697
2009-03-30 00:00:00,0.74867252697
2009-03-31 00:00:00,0.74867252697
2009-04-01 00:00:00,0.74867252697
2009-04-02 00:00:00,0.74867252697
2009-04-03 00:00:00,0.74867252697
2009-04-04 00:00:00,0.74867252697
2009-04-05 00:00:00,0.74867252697
2009-04-06 00:00:00,0.74867252697
2009-04-07 00:00:00,0.74867252697
2009-04-08 00:00:00,0.74867252697
2009-04-09 00:00:00,0.74867252697
2009-04-10 00:00:00,0.74867252697
2009-04-11 00:00:00,0.74867252697
2009-04-12 00:00:00,0.74867252697
2009-04-13 00:00:00,0.74867252697
2009-04-14 00:00:00,0.74867252697
2009-04-15 00:00:00,0.74867252697
2009-04-16 00:00:00,0.74867252697
2009-04-17 00:00:00,0.74867252697
2009-04-18 00:00:00,0.74867252697
2009-04-19 00:00:00,0.74867252697
2009-04-20 00:00:00,0.74867252697
2009-04-21 00:00:00,0.74867252697
2009-04-22 00:00:00,0.74867252697
2009-04-23 00:00:00,0.74867252697
2009-04-24 00:00:00,0.74867252697
2009-04-25 00:00:00,0.74867252697
2009-04-26 00:00:00,0.74867252697
2009-04-27 00:00:00,0.74867252697
2009-04-28 00:00:00,0.74867252697
2009-04-29 00:00:00,0.74867252697
2009-04-30 00:00:00,0.74867252697
2009-05-01 00:00:00,0.74867252697
2009-05-02 00:00:00,0.74867252697
2009-05-03 00:00:00,0.74867252697
2009-05-04 00:00:00,0.74867252697
2009-05-05 00:00:00,0.74867252697
2009-05-06 00:00:00,0.74867252697
2009-05-07 00:00:00,0.74867252697
2009-05-08 00:00:00,0.74867252697
2009-05-09 00:00:00,0.74867252697
2009-05-10 00:00:00,0.74867252697
2009-05-11 00:00:00,0.74867252697
2009-05-12 00:00:00,0.74867252697
2009-05-13 00:00:00,0.74867252697
2009-05-14 00:00:00,0.74867252697
2009-05-30 00:00:00,-0.535448908521
2009-05-31 00:00:00,-0.535448908521
2009-06-01 00:00:00,-0.535448908521
2009-06-02 00:00:00,-0.535448908521
2009-06-03 00:00:00,-0.535448908521
2009-06-04 00:00:00,-0.535448908521
2009-06-05 00:00:00,-0.535448908521
2009-06-06 00:00:00,-0.535448908521
2009-06-07 00:00:00,-0.535448908521
2009-06-08 00:00:00,-0.535448908521
2009-06-09 00:00:00,-0.535448908521
2009-06-10 00:00:00,-0.535448908521
2009-06-11 00:00:00,-0.535448908521
2009-06-12 00:00:00,-0.535448908521
2009-06-13 00:00:00,-0.535448908521
2009-06-14 00:00:00,-0.535448908521
2009-06-15 00:00:00,-0.535448908521
2009-06-16 00:00:00,-0.535448908521
2009-06-17 00:00:00,-0.535448908521
2009-06-18 00:00:00,-0.535448908521
2009-06-19 00:00:00,-0.535448908521
2009-06-20 00:00:00,-0.535448908521
2009-06-21 00:00:00,-0.535448908521
2009-06-22 00:00:00,-0.535448908521
2009-06-23 00:00:00,-0.535448908521
2009-06-24 00:00:00,-0.535448908521
2009-06-25 00:00:00,-0.535448908521
2009-06-26 00:00:00,-0.535448908521
2009-06-27 00:00:00,-0.535448908521
2009-06-28 00:00:00,-0.535448908521
2010-01-25 00:00:00,0.604308299318
2010-01-26 00:00:00,0.604308299318
2010-01-27 00:00:00,0.604308299318
2010-01-28 00:00:00,0.604308299318
2010-01-29 00:00:00,0.604308299318
2010-01-30 00:00:00,0.604308299318
2010-01-31 00:00:00,0.604308299318
2010-02-01 00:00:00,0.604308299318
2010-02-02 00:00:00,0.604308299318
2010-02-03 00:00:00,0.604308299318
2010-02-04 00:00:00,0.604308299318
2010-02-05 00:00:00,0.604308299318
2010-02-06 00:00:00,0.604308299318
2010-02-07 00:00:00,0.604308299318
2010-02-08 00:00:00,0.604308299318
2010-02-24 00:00:00,0.6846628831
2010-02-25 00:00:00,0.6846628831
2010-02-26 00:00:00,0.6846628831
2010-02-27 00:00:00,0.6846628831
2010-02-28 00:00:00,0.6846628831
2010-03-01 00:00:00,0.6846628831
2010-03-02 00:00:00,0.6846628831
2010-03-03 00:00:00,0.6846628831
2010-03-04 00:00:00,0.6846628831
2010-03-05 00:00:00,0.6846628831
2010-03-06 00:00:00,0.6846628831
2010-03-07 00:00:00,0.6846628831
2010-03-08 00:00:00,0.6846628831
2010-03-09 00:00:00,0.6846628831
2010-03-10 00:00:00,0.6846628831
2010-07-24 00:00:00,0.634131751964
2010-07-25 00:00:00,0.634131751964
2010-07-26 00:00:00,0.634131751964
2010-07-27 00:00:00,0.634131751964
2010-07-28 00:00:00,0.634131751964
2010-07-29 00:00:00,0.634131751964
2010-07-30 00:00:00,0.634131751964
2010-07-31 00:00:00,0.634131751964
2010-08-01 00:00:00,0.634131751964
2010-08-02 00:00:00,0.634131751964
2010-08-03 00:00:00,0.634131751964
2010-08-04 00:00:00,0.634131751964
2010-08-05 00:00:00,0.634131751964
2010-08-06 00:00:00,0.634131751964
2010-08-07 00:00:00,0.634131751964
2010-10-22 00:00:00,0.798530179874
2010-10-23 00:00:00,0.798530179874
2010-10-24 00:00:00,0.798530179874
2010-10-25 00:00:00,0.798530179874
2010-10-26 00:00:00,0.798530179874
2010-10-27 00:00:00,0.798530179874
2010-10-28 00:00:00,0.798530179874
2010-10-29 00:00:00,0.798530179874
2010-10-30 00:00:00,0.798530179874
2010-10-31 00:00:00,0.798530179874
2010-11-01 00:00:00,0.798530179874
2010-11-02 00:00:00,0.798530179874
2010-11-03 00:00:00,0.798530179874
2010-11-04 00:00:00,0.798530179874
2010-11-05 00:00:00,0.798530179874
2010-11-06 00:00:00,0.798530179874
2010-11-07 00:00:00,0.798530179874
2010-11-08 00:00:00,0.798530179874
2010-11-09 00:00:00,0.798530179874
2010-11-10 00:00:00,0.798530179874
2010-11-11 00:00:00,0.798530179874
2010-11-12 00:00:00,0.798530179874
2010-11-13 00:00:00,0.798530179874
2010-11-14 00:00:00,0.798530179874
2010-11-15 00:00:00,0.798530179874
2010-11-16 00:00:00,0.798530179874
2010-11-17 00:00:00,0.798530179874
2010-11-18 00:00:00,0.798530179874
2010-11-19 00:00:00,0.798530179874
2010-11-20 00:00:00,0.798530179874
2010-11-21 00:00:00,0.798530179874
2010-11-22 00:00:00,0.798530179874
2010-11-23 00:00:00,0.798530179874
2010-11-24 00:00:00,0.798530179874
2010-11-25 00:00:00,0.798530179874
2010-11-26 00:00:00,0.798530179874
2010-11-27 00:00:00,0.798530179874
2010-11-28 00:00:00,0.798530179874
2010-11-29 00:00:00,0.798530179874
2010-11-30 00:00:00,0.798530179874
2010-12-01 00:00:00,0.798530179874
2010-12-02 00:00:00,0.798530179874
2010-12-03 00:00:00,0.798530179874
2010-12-04 00:00:00,0.798530179874
2010-12-05 00:00:00,0.798530179874
2010-12-06 00:00:00,0.798530179874
2010-12-07 00:00:00,0.798530179874
2010-12-08 00:00:00,0.798530179874
2010-12-09 00:00:00,0.798530179874
2010-12-10 00:00:00,0.798530179874
2010-12-11 00:00:00,0.798530179874
2010-12-12 00:00:00,0.798530179874
2010-12-13 00:00:00,0.798530179874
2010-12-14 00:00:00,0.798530179874
2010-12-15 00:00:00,0.798530179874
2010-12-16 00:00:00,0.798530179874
2010-12-17 00:00:00,0.798530179874
2010-12-18 00:00:00,0.798530179874
2010-12-19 00:00:00,0.798530179874
2010-12-20 00:00:00,0.798530179874
2011-02-04 00:00:00,-0.958513204977
2011-02-05 00:00:00,-0.958513204977
2011-02-06 00:00:00,-0.958513204977
2011-02-07 00:00:00,-0.958513204977
2011-02-08 00:00:00,-0.958513204977
2011-02-09 00:00:00,-0.958513204977
2011-02-10 00:00:00,-0.958513204977
2011-02-11 00:00:00,-0.958513204977
2011-02-12 00:00:00,-0.958513204977
2011-02-13 00:00:00,-0.958513204977
2011-02-14 00:00:00,-0.958513204977
2011-02-15 00:00:00,-0.958513204977
2011-02-16 00:00:00,-0.958513204977
2011-02-17 00:00:00,-0.958513204977
2011-02-18 00:00:00,-0.958513204977
2011-03-06 00:00:00,0.719794973249
2011-03-07 00:00:00,0.719794973249
2011-03-08 00:00:00,0.719794973249
2011-03-09 00:00:00,0.719794973249
2011-03-10 00:00:00,0.719794973249
2011-03-11 00:00:00,0.719794973249
2011-03-12 00:00:00,0.719794973249
2011-03-13 00:00:00,0.719794973249
2011-03-14 00:00:00,0.719794973249
2011-03-15 00:00:00,0.719794973249
2011-03-16 00:00:00,0.719794973249
2011-03-17 00:00:00,0.719794973249
2011-03-18 00:00:00,0.719794973249
2011-03-19 00:00:00,0.719794973249
2011-03-20 00:00:00,0.719794973249
2011-03-21 00:00:00,0.719794973249
2011-03-22 00:00:00,0.719794973249
2011-03-23 00:00:00,0.719794973249
2011-03-24 00:00:00,0.719794973249
2011-03-25 00:00:00,0.719794973249
2011-03-26 00:00:00,0.719794973249
2011-03-27 00:00:00,0.719794973249
2011-03-28 00:00:00,0.719794973249
2011-03-29 00:00:00,0.719794973249
2011-03-30 00:00:00,0.719794973249
2011-03-31 00:00:00,0.719794973249
2011-04-01 00:00:00,0.719794973249
2011-04-02 00:00:00,0.719794973249
2011-04-03 00:00:00,0.719794973249
2011-04-04 00:00:00,0.719794973249
2011-04-05 00:00:00,0.719794973249
2011-04-06 00:00:00,0.719794973249
2011-04-07 00:00:00,0.719794973249
2011-04-08 00:00:00,0.719794973249
2011-04-09 00:00:00,0.719794973249
2011-04-10 00:00:00,0.719794973249
2011-04-11 00:00:00,0.719794973249
2011-04-12 00:00:00,0.719794973249
2011-04-13 00:00:00,0.719794973249
2011-04-14 00:00:00,0.719794973249
2011-04-15 00:00:00,0.719794973249
2011-04-16 00:00:00,0.719794973249
2011-04-17 00:00:00,0.719794973249
2011-04-18 00:00:00,0.719794973249
2011-04-19 00:00:00,0.719794973249
2011-04-20 00:00:00,0.719794973249
2011-04-21 00:00:00,0.719794973249
2011-04-22 00:00:00,0.719794973249
2011-04-23 00:00:00,0.719794973249
2011-04-24 00:00:00,0.719794973249
2011-04-25 00:00:00,0.719794973249
2011-04-26 00:00:00,0.719794973249
2011-04-27 00:00:00,0.719794973249
2011-04-28 00:00:00,0.719794973249
2011-04-29 00:00:00,0.719794973249
2011-04-30 00:00:00,0.719794973249
2011-05-01 00:00:00,0.719794973249
2011-05-02 00:00:00,0.719794973249
2011-05-03 00:00:00,0.719794973249
2011-05-04 00:00:00,0.719794973249
2011-06-19 00:00:00,0.813250143009
2011-06-20 00:00:00,0.813250143009
2011-06-21 00:00:00,0.813250143009
2011-06-22 00:00:00,0.813250143009
2011-06-23 00:00:00,0.813250143009
2011-06-24 00:00:00,0.813250143009
2011-06-25 00:00:00,0.813250143009
2011-06-26 00:00:00,0.813250143009
2011-06-27 00:00:00,0.813250143009
2011-06-28 00:00:00,0.813250143009
2011-06-29 00:00:00,0.813250143009
2011-06-30 00:00:00,0.813250143009
2011-07-01 00:00:00,0.813250143009
2011-07-02 00:00:00,0.813250143009
2011-07-03 00:00:00,0.813250143009
2011-07-04 00:00:00,0.813250143009
2011-07-05 00:00:00,0.813250143009
2011-07-06 00:00:00,0.813250143009
2011-07-07 00:00:00,0.813250143009
2011-07-08 00:00:00,0.813250143009
2011-07-09 00:00:00,0.813250143009
2011-07-10 00:00:00,0.813250143009
2011-07-11 00:00:00,0.813250143009
2011-07-12 00:00:00,0.813250143009
2011-07-13 00:00:00,0.813250143009
2011-07-14 00:00:00,0.813250143009
2011-07-15 00:00:00,0.813250143009
2011-07-16 00:00:00,0.813250143009
2011-07-17 00:00:00,0.813250143009
2011-07-18 00:00:00,0.813250143009
2011-07-19 00:00:00,0.813250143009
2011-07-20 00:00:00,0.813250143009
2011-07-21 00:00:00,0.813250143009
2011-07-22 00:00:00,0.813250143009
2011-07-23 00:00:00,0.813250143009
2011-07-24 00:00:00,0.813250143009
2011-07-25 00:00:00,0.813250143009
2011-07-26 00:00:00,0.813250143009
2011-07-27 00:00:00,0.813250143009
2011-07-28 00:00:00,0.813250143009
2011-07-29 00:00:00,0.813250143009
2011-07-30 00:00:00,0.813250143009
2011-07-31 00:00:00,0.813250143009
2011-08-01 00:00:00,0.813250143009
2011-08-02 00:00:00,0.813250143009
2011-08-03 00:00:00,0.813250143009
2011-08-04 00:00:00,0.813250143009
2011-08-05 00:00:00,0.813250143009
2011-08-06 00:00:00,0.813250143009
2011-08-07 00:00:00,0.813250143009
2011-08-08 00:00:00,0.813250143009
2011-08-09 00:00:00,0.813250143009
2011-08-10 00:00:00,0.813250143009
2011-08-11 00:00:00,0.813250143009
2011-08-12 00:00:00,0.813250143009
2011-08-13 00:00:00,0.813250143009
2011-08-14 00:00:00,0.813250143009
2011-08-15 00:00:00,0.813250143009
2011-08-16 00:00:00,0.813250143009
2011-08-17 00:00:00,0.813250143009
2011-08-18 00:00:00,0.813250143009
2011-08-19 00:00:00,0.813250143009
2011-08-20 00:00:00,0.813250143009
2011-08-21 00:00:00,0.813250143009
2011-08-22 00:00:00,0.813250143009
2011-08-23 00:00:00,0.813250143009
2011-08-24 00:00:00,0.813250143009
2011-08-25 00:00:00,0.813250143009
2011-08-26 00:00:00,0.813250143009
2011-08-27 00:00:00,0.813250143009
2011-08-28 00:00:00,0.813250143009
2011-08-29 00:00:00,0.813250143009
2011-08-30 00:00:00,0.813250143009
2011-08-31 00:00:00,0.813250143009
2011-09-01 00:00:00,0.813250143009
2011-09-02 00:00:00,0.813250143009
2011-09-03 00:00:00,0.813250143009
2011-09-04 00:00:00,0.813250143009
2011-09-05 00:00:00,0.813250143009
2011-09-06 00:00:00,0.813250143009
2011-09-07 00:00:00,0.813250143009
2011-09-08 00:00:00,0.813250143009
2011-09-09 00:00:00,0.813250143009
2011-09-10 00:00:00,0.813250143009
2011-09-11 00:00:00,0.813250143009
2011-09-12 00:00:00,0.813250143009
2011-09-13 00:00:00,0.813250143009
2011-09-14 00:00:00,0.813250143009
2011-09-15 00:00:00,0.813250143009
2011-09-16 00:00:00,0.813250143009
2011-09-17 00:00:00,0.813250143009
2011-09-18 00:00:00,0.813250143009
2011-09-19 00:00:00,0.813250143009
2011-09-20 00:00:00,0.813250143009
2011-09-21 00:00:00,0.813250143009
2011-09-22 00:00:00,0.813250143009
2011-09-23 00:00:00,0.813250143009
2011-09-24 00:00:00,0.813250143009
2011-09-25 00:00:00,0.813250143009
2011-09-26 00:00:00,0.813250143009
2011-09-27 00:00:00,0.813250143009
2011-09-28 00:00:00,0.813250143009
2011-09-29 00:00:00,0.813250143009
2011-09-30 00:00:00,0.813250143009
2011-10-01 00:00:00,0.813250143009
2011-10-02 00:00:00,0.813250143009
2011-10-03 00:00:00,0.813250143009
2011-10-04 00:00:00,0.813250143009
2011-10-05 00:00:00,0.813250143009
2011-10-06 00:00:00,0.813250143009
2011-10-07 00:00:00,0.813250143009
2011-10-08 00:00:00,0.813250143009
2011-10-09 00:00:00,0.813250143009
2011-10-10 00:00:00,0.813250143009
2011-10-11 00:00:00,0.813250143009
2011-10-12 00:00:00,0.813250143009
2011-10-13 00:00:00,0.813250143009
2011-10-14 00:00:00,0.813250143009
2011-10-15 00:00:00,0.813250143009
2011-10-16 00:00:00,0.813250143009
2012-02-14 00:00:00,0.789397778884
2012-02-15 00:00:00,0.789397778884
2012-02-16 00:00:00,0.789397778884
2012-02-17 00:00:00,0.789397778884
2012-02-18 00:00:00,0.789397778884
2012-02-19 00:00:00,0.789397778884
2012-02-20 00:00:00,0.789397778884
2012-02-21 00:00:00,0.789397778884
2012-02-22 00:00:00,0.789397778884
2012-02-23 00:00:00,0.789397778884
2012-02-24 00:00:00,0.789397778884
2012-02-25 00:00:00,0.789397778884
2012-02-26 00:00:00,0.789397778884
2012-02-27 00:00:00,0.789397778884
2012-02-28 00:00:00,0.789397778884
2012-02-29 00:00:00,0.789397778884
2012-03-01 00:00:00,0.789397778884
2012-03-02 00:00:00,0.789397778884
2012-03-03 00:00:00,0.789397778884
2012-03-04 00:00:00,0.789397778884
2012-03-05 00:00:00,0.789397778884
2012-03-06 00:00:00,0.789397778884
2012-03-07 00:00:00,0.789397778884
2012-03-08 00:00:00,0.789397778884
2012-03-09 00:00:00,0.789397778884
2012-03-10 00:00:00,0.789397778884
2012-03-11 00:00:00,0.789397778884
2012-03-12 00:00:00,0.789397778884
2012-03-13 00:00:00,0.789397778884
2012-03-14 00:00:00,0.789397778884
2012-06-28 00:00:00,0.597612971348
2012-06-29 00:00:00,0.597612971348
2012-06-30 00:00:00,0.597612971348
2012-07-01 00:00:00,0.597612971348
2012-07-02 00:00:00,0.597612971348
2012-07-03 00:00:00,0.597612971348
2012-07-04 00:00:00,0.597612971348
2012-07-05 00:00:00,0.597612971348
2012-07-06 00:00:00,0.597612971348
2012-07-07 00:00:00,0.597612971348
2012-07-08 00:00:00,0.597612971348
2012-07-09 00:00:00,0.597612971348
2012-07-10 00:00:00,0.597612971348
2012-07-11 00:00:00,0.597612971348
2012-07-12 00:00:00,0.597612971348
2012-09-26 00:00:00,0.762618628308
2012-09-27 00:00:00,0.762618628308
2012-09-28 00:00:00,0.762618628308
2012-09-29 00:00:00,0.762618628308
2012-09-30 00:00:00,0.762618628308
2012-10-01 00:00:00,0.762618628308
2012-10-02 00:00:00,0.762618628308
2012-10-03 00:00:00,0.762618628308
2012-10-04 00:00:00,0.762618628308
2012-10-05 00:00:00,0.762618628308
2012-10-06 00:00:00,0.762618628308
2012-10-07 00:00:00,0.762618628308
2012-10-08 00:00:00,0.762618628308
2012-10-09 00:00:00,0.762618628308
2012-10-10 00:00:00,0.762618628308
2012-10-11 00:00:00,0.762618628308
2012-10-12 00:00:00,0.762618628308
2012-10-13 00:00:00,0.762618628308
2012-10-14 00:00:00,0.762618628308
2012-10-15 00:00:00,0.762618628308
2012-10-16 00:00:00,0.762618628308
2012-10-17 00:00:00,0.762618628308
2012-10-18 00:00:00,0.762618628308
2012-10-19 00:00:00,0.762618628308
2012-10-20 00:00:00,0.762618628308
2012-10-21 00:00:00,0.762618628308
2012-10-22 00:00:00,0.762618628308
2012-10-23 00:00:00,0.762618628308
2012-10-24 00:00:00,0.762618628308
2012-10-25 00:00:00,0.762618628308
2012-11-25 00:00:00,0.739585186014
2012-11-26 00:00:00,0.739585186014
2012-11-27 00:00:00,0.739585186014
2012-11-28 00:00:00,0.739585186014
2012-11-29 00:00:00,0.739585186014
2012-11-30 00:00:00,0.739585186014
2012-12-01 00:00:00,0.739585186014
2012-12-02 00:00:00,0.739585186014
2012-12-03 00:00:00,0.739585186014
2012-12-04 00:00:00,0.739585186014
2012-12-05 00:00:00,0.739585186014
2012-12-06 00:00:00,0.739585186014
2012-12-07 00:00:00,0.739585186014
2012-12-08 00:00:00,0.739585186014
2012-12-09 00:00:00,0.739585186014
2012-12-10 00:00:00,0.739585186014
2012-12-11 00:00:00,0.739585186014
2012-12-12 00:00:00,0.739585186014
2012-12-13 00:00:00,0.739585186014
2012-12-14 00:00:00,0.739585186014
2012-12-15 00:00:00,0.739585186014
2012-12-16 00:00:00,0.739585186014
2012-12-17 00:00:00,0.739585186014
2012-12-18 00:00:00,0.739585186014
2012-12-19 00:00:00,0.739585186014
2012-12-20 00:00:00,0.739585186014
2012-12-21 00:00:00,0.739585186014
2012-12-22 00:00:00,0.739585186014
2012-12-23 00:00:00,0.739585186014
2012-12-24 00:00:00,0.739585186014
2012-12-25 00:00:00,0.739585186014
2012-12-26 00:00:00,0.739585186014
2012-12-27 00:00:00,0.739585186014
2012-12-28 00:00:00,0.739585186014
2012-12-29 00:00:00,0.739585186014
2012-12-30 00:00:00,0.739585186014
2012-12-31 00:00:00,0.739585186014
2013-01-01 00:00:00,0.739585186014
2013-01-02 00:00:00,0.739585186014
2013-01-03 00:00:00,0.739585186014
2013-01-04 00:00:00,0.739585186014
2013-01-05 00:00:00,0.739585186014
2013-01-06 00:00:00,0.739585186014
2013-01-07 00:00:00,0.739585186014
2013-01-08 00:00:00,0.739585186014
2013-01-24 00:00:00,0.687903963898
2013-01-25 00:00:00,0.687903963898
2013-01-26 00:00:00,0.687903963898
2013-01-27 00:00:00,0.687903963898
2013-01-28 00:00:00,0.687903963898
2013-01-29 00:00:00,0.687903963898
2013-01-30 00:00:00,0.687903963898
2013-01-31 00:00:00,0.687903963898
2013-02-01 00:00:00,0.687903963898
2013-02-02 00:00:00,0.687903963898
2013-02-03 00:00:00,0.687903963898
2013-02-04 00:00:00,0.687903963898
2013-02-05 00:00:00,0.687903963898
2013-02-06 00:00:00,0.687903963898
2013-02-07 00:00:00,0.687903963898
2013-03-10 00:00:00,0.715150427239
2013-03-11 00:00:00,0.715150427239
2013-03-12 00:00:00,0.715150427239
2013-03-13 00:00:00,0.715150427239
2013-03-14 00:00:00,0.715150427239
2013-03-15 00:00:00,0.715150427239
2013-03-16 00:00:00,0.715150427239
2013-03-17 00:00:00,0.715150427239
2013-03-18 00:00:00,0.715150427239
2013-03-19 00:00:00,0.715150427239
2013-03-20 00:00:00,0.715150427239
2013-03-21 00:00:00,0.715150427239
2013-03-22 00:00:00,0.715150427239
2013-03-23 00:00:00,0.715150427239
2013-03-24 00:00:00,0.715150427239
2013-03-25 00:00:00,0.715150427239
2013-03-26 00:00:00,0.715150427239
2013-03-27 00:00:00,0.715150427239
2013-03-28 00:00:00,0.715150427239
2013-03-29 00:00:00,0.715150427239
2013-03-30 00:00:00,0.715150427239
2013-03-31 00:00:00,0.715150427239
2013-04-01 00:00:00,0.715150427239
2013-04-02 00:00:00,0.715150427239
2013-04-03 00:00:00,0.715150427239
2013-04-04 00:00:00,0.715150427239
2013-04-05 00:00:00,0.715150427239
2013-04-06 00:00:00,0.715150427239
2013-04-07 00:00:00,0.715150427239
2013-04-08 00:00:00,0.715150427239
2013-06-08 00:00:00,0.779924562426
2013-06-09 00:00:00,0.779924562426
2013-06-10 00:00:00,0.779924562426
2013-06-11 00:00:00,0.779924562426
2013-06-12 00:00:00,0.779924562426
2013-06-13 00:00:00,0.779924562426
2013-06-14 00:00:00,0.779924562426
2013-06-15 00:00:00,0.779924562426
2013-06-16 00:00:00,0.779924562426
2013-06-17 00:00:00,0.779924562426
2013-06-18 00:00:00,0.779924562426
2013-06-19 00:00:00,0.779924562426
2013-06-20 00:00:00,0.779924562426
2013-06-21 00:00:00,0.779924562426
2013-06-22 00:00:00,0.779924562426
2013-07-08 00:00:00,0.647885707868
2013-07-09 00:00:00,0.647885707868
2013-07-10 00:00:00,0.647885707868
2013-07-11 00:00:00,0.647885707868
2013-07-12 00:00:00,0.647885707868
2013-07-13 00:00:00,0.647885707868
2013-07-14 00:00:00,0.647885707868
2013-07-15 00:00:00,0.647885707868
2013-07-16 00:00:00,0.647885707868
2013-07-17 00:00:00,0.647885707868
2013-07-18 00:00:00,0.647885707868
2013-07-19 00:00:00,0.647885707868
2013-07-20 00:00:00,0.647885707868
2013-07-21 00:00:00,0.647885707868
2013-07-22 00:00:00,0.647885707868
News Data
Start Date, End Date,News Source,Link,Days,Reason,Comment,Days Reported
2010-12-15,2010-12-20,The Hindu,http://www.thehindu.com/business/Economy/imported-onion-arrive-from-pakistan/article965607.ece,5,not stated,,0
2010-12-16,2010-12-20,The Hindu,http://www.thehindu.com/business/Economy/imported-onion-arrive-from-pakistan/article965607.ece,4,not stated,,0
2010-12-17,2010-12-20,The Hindu,http://www.thehindu.com/business/Economy/imported-onion-arrive-from-pakistan/article965607.ece,3,not stated,,0
2010-12-18,2010-12-20,The Hindu,http://www.thehindu.com/business/Economy/imported-onion-arrive-from-pakistan/article965607.ece,2,not stated,,0
2010-12-19,2010-12-20,The Hindu,http://www.thehindu.com/business/Economy/imported-onion-arrive-from-pakistan/article965607.ece,1,not stated,,0
2010-12-20,2010-12-20,The Hindu,http://www.thehindu.com/business/Economy/imported-onion-arrive-from-pakistan/article965607.ece,0,not stated,,0
2012-12-22,2012-12-27,The Times of India,http://timesofindia.indiatimes.com/india/Onion-prices-80-higher-than-last-year/articleshow/17774280.cms,5,traders nexus,no,0
2012-12-23,2012-12-27,The Times of India,http://timesofindia.indiatimes.com/india/Onion-prices-80-higher-than-last-year/articleshow/17774280.cms,4,traders nexus,no,0
2012-12-24,2012-12-27,The Times of India,http://timesofindia.indiatimes.com/india/Onion-prices-80-higher-than-last-year/articleshow/17774280.cms,3,traders nexus,no,0
2012-12-25,2012-12-27,The Times of India,http://timesofindia.indiatimes.com/india/Onion-prices-80-higher-than-last-year/articleshow/17774280.cms,2,traders nexus,no,0
2012-12-26,2012-12-27,The Times of India,http://timesofindia.indiatimes.com/india/Onion-prices-80-higher-than-last-year/articleshow/17774280.cms,1,traders nexus,no,0
2012-12-27,2012-12-27,The Times of India,http://timesofindia.indiatimes.com/india/Onion-prices-80-higher-than-last-year/articleshow/17774280.cms,0,traders nexus,no,0
2012-12-28,2012-12-27,The Times of India,http://timesofindia.indiatimes.com/india/Onion-prices-80-higher-than-last-year/articleshow/17774280.cms,-1,traders nexus,no,0
2012-12-29,2012-12-27,The Times of India,http://timesofindia.indiatimes.com/india/Onion-prices-80-higher-than-last-year/articleshow/17774280.cms,-2,traders nexus,no,0
2012-12-30,2012-12-27,The Times of India,http://timesofindia.indiatimes.com/india/Onion-prices-80-higher-than-last-year/articleshow/17774280.cms,-3,traders nexus,no,0
2012-12-31,2012-12-27,The Times of India,http://timesofindia.indiatimes.com/india/Onion-prices-80-higher-than-last-year/articleshow/17774280.cms,-4,traders nexus,no,0
2013-01-01,2012-12-27,The Times of India,http://timesofindia.indiatimes.com/india/Onion-prices-80-higher-than-last-year/articleshow/17774280.cms,-5,traders nexus,no,0
2013-01-24,2013-01-22,Business Standard,http://www.business-standard.com/article/markets/onion-prices-up-sharply-on-transport-cost-113012200072_1.html,-2,traders nexus,,14
2013-01-25,2013-01-22,Business Standard,http://www.business-standard.com/article/markets/onion-prices-up-sharply-on-transport-cost-113012200072_1.html,-3,traders nexus,,14
2013-01-26,2013-01-22,Business Standard,http://www.business-standard.com/article/markets/onion-prices-up-sharply-on-transport-cost-113012200072_1.html,-4,traders nexus,,14
2013-01-27,2013-01-22,Business Standard,http://www.business-standard.com/article/markets/onion-prices-up-sharply-on-transport-cost-113012200072_1.html,-5,traders nexus,,14
2013-01-28,2013-01-30,First Post,http://www.firstpost.com/business/economy/rise-in-onion-prices-temporary-phenomenon-pawar-607494.html,2,low production,Low production bcz of drought and speculation of low production is leading to low supply,0
2013-01-29,2013-01-30,First Post,http://www.firstpost.com/business/economy/rise-in-onion-prices-temporary-phenomenon-pawar-607494.html,1,low production,Low production bcz of drought and speculation of low production is leading to low supply,0
2013-01-30,2013-01-30,First Post,http://www.firstpost.com/business/economy/rise-in-onion-prices-temporary-phenomenon-pawar-607494.html,0,low production,Low production bcz of drought and speculation of low production is leading to low supply,0
2013-01-31,2013-01-30,First Post,http://www.firstpost.com/business/economy/rise-in-onion-prices-temporary-phenomenon-pawar-607494.html,-1,low production,Low production bcz of drought and speculation of low production is leading to low supply,0
2013-02-01,2013-01-30,First Post,http://www.firstpost.com/business/economy/rise-in-onion-prices-temporary-phenomenon-pawar-607494.html,-2,low production,Low production bcz of drought and speculation of low production is leading to low supply,0
2013-02-02,2013-01-30,First Post,http://www.firstpost.com/business/economy/rise-in-onion-prices-temporary-phenomenon-pawar-607494.html,-3,low production,Low production bcz of drought and speculation of low production is leading to low supply,0
2013-02-03,2013-01-30,First Post,http://www.firstpost.com/business/economy/rise-in-onion-prices-temporary-phenomenon-pawar-607494.html,-4,low production,Low production bcz of drought and speculation of low production is leading to low supply,0
2013-02-04,2013-01-30,First Post,http://www.firstpost.com/business/economy/rise-in-onion-prices-temporary-phenomenon-pawar-607494.html,-5,low production,Low production bcz of drought and speculation of low production is leading to low supply,0
2013-02-05,2013-02-02,NDTV,http://www.ndtv.com/delhi-news/onions-rs-35-a-kg-govt-may-step-in-to-control-prices-512075,-3,poor monsoon,,30
2013-02-06,2013-02-02,NDTV,http://www.ndtv.com/delhi-news/onions-rs-35-a-kg-govt-may-step-in-to-control-prices-512075,-4,poor monsoon,,30
2013-02-07,2013-02-02,NDTV,http://www.ndtv.com/delhi-news/onions-rs-35-a-kg-govt-may-step-in-to-control-prices-512075,-5,poor monsoon,,30
2013-07-08,2013-07-03,Business Standard,http://www.business-standard.com/article/markets/heavy-crop-damage-in-hilly-states-lifts-onion-potato-prices-113070300796_1.html,-5,traders nexus,North India affected basically because of flood,15
2013-07-12,2013-07-17,The Times of India,http://timesofindia.indiatimes.com/business/india-business/Onion-prices-at-two-and-a-half-year-high/articleshow/21125776.cms,5,unseasonal rainfall,no,None
2013-07-13,2013-07-17,The Times of India,http://timesofindia.indiatimes.com/business/india-business/Onion-prices-at-two-and-a-half-year-high/articleshow/21125776.cms,4,unseasonal rainfall,no,None
2013-07-14,2013-07-17,The Times of India,http://timesofindia.indiatimes.com/business/india-business/Onion-prices-at-two-and-a-half-year-high/articleshow/21125776.cms,3,unseasonal rainfall,no,None
2013-07-15,2013-07-17,The Times of India,http://timesofindia.indiatimes.com/business/india-business/Onion-prices-at-two-and-a-half-year-high/articleshow/21125776.cms,2,unseasonal rainfall,no,None
2013-07-16,2013-07-17,The Times of India,http://timesofindia.indiatimes.com/business/india-business/Onion-prices-at-two-and-a-half-year-high/articleshow/21125776.cms,1,unseasonal rainfall,no,None
2013-07-17,2013-07-17,The Times of India,http://timesofindia.indiatimes.com/business/india-business/Onion-prices-at-two-and-a-half-year-high/articleshow/21125776.cms,0,unseasonal rainfall,no,None
2013-07-18,2013-07-17,The Times of India,http://timesofindia.indiatimes.com/business/india-business/Onion-prices-at-two-and-a-half-year-high/articleshow/21125776.cms,-1,unseasonal rainfall,no,None
2013-07-19,2013-07-17,The Times of India,http://timesofindia.indiatimes.com/business/india-business/Onion-prices-at-two-and-a-half-year-high/articleshow/21125776.cms,-2,unseasonal rainfall,no,None
2013-07-20,2013-07-17,The Times of India,http://timesofindia.indiatimes.com/business/india-business/Onion-prices-at-two-and-a-half-year-high/articleshow/21125776.cms,-3,unseasonal rainfall,no,None
2013-07-21,2013-07-17,The Times of India,http://timesofindia.indiatimes.com/business/india-business/Onion-prices-at-two-and-a-half-year-high/articleshow/21125776.cms,-4,unseasonal rainfall,no,None
2013-07-22,2013-07-17,The Times of India,http://timesofindia.indiatimes.com/business/india-business/Onion-prices-at-two-and-a-half-year-high/articleshow/21125776.cms,-5,unseasonal rainfall,no,None
Linear Regression Result:::
Date,Value
2010-12-04 00:00:00,16.203653288
2010-12-05 00:00:00,16.203653288
2010-12-06 00:00:00,16.203653288
2010-12-07 00:00:00,16.203653288
2010-12-08 00:00:00,16.203653288
2010-12-09 00:00:00,16.203653288
2010-12-10 00:00:00,16.203653288
2010-12-11 00:00:00,16.203653288
2010-12-12 00:00:00,16.203653288
2010-12-13 00:00:00,16.203653288
2010-12-14 00:00:00,16.203653288
2010-12-15 00:00:00,16.203653288
2010-12-16 00:00:00,16.203653288
2010-12-20 00:00:00,26.9015550194
2010-12-21 00:00:00,26.9015550194
2010-12-22 00:00:00,26.9015550194
2010-12-23 00:00:00,26.9015550194
2010-12-24 00:00:00,26.9015550194
2010-12-25 00:00:00,26.9015550194
2010-12-26 00:00:00,26.9015550194
2010-12-27 00:00:00,26.9015550194
2010-12-28 00:00:00,26.9015550194
2010-12-29 00:00:00,26.9015550194
2010-12-30 00:00:00,26.9015550194
2010-12-31 00:00:00,26.9015550194
2011-01-04 00:00:00,16.613666794
2011-01-05 00:00:00,16.613666794
2011-01-06 00:00:00,16.613666794
2011-01-07 00:00:00,16.613666794
2011-01-08 00:00:00,16.613666794
2011-01-09 00:00:00,16.613666794
2011-01-10 00:00:00,16.613666794
2011-01-11 00:00:00,16.613666794
2011-01-12 00:00:00,16.613666794
2011-01-13 00:00:00,16.613666794
2011-01-14 00:00:00,16.613666794
2011-01-15 00:00:00,16.613666794
2011-01-16 00:00:00,16.613666794
2011-01-17 00:00:00,16.613666794
2011-01-18 00:00:00,16.613666794
2011-01-30 00:00:00,17.4586651753
2011-01-31 00:00:00,17.4586651753
2011-02-01 00:00:00,17.4586651753
2011-11-20 00:00:00,18.4729934383
2011-11-21 00:00:00,18.4729934383
2011-11-22 00:00:00,18.4729934383
2011-11-23 00:00:00,18.4729934383
2011-11-24 00:00:00,18.4729934383
2011-11-25 00:00:00,18.4729934383
2011-11-26 00:00:00,18.4729934383
2011-11-27 00:00:00,18.4729934383
2011-11-28 00:00:00,18.4729934383
2011-11-29 00:00:00,18.4729934383
2011-11-30 00:00:00,18.4729934383
2011-12-04 00:00:00,13.9900379667
2013-11-30 00:00:00,22.0843784157
2013-12-01 00:00:00,22.0843784157
2013-12-02 00:00:00,22.0843784157
2013-12-03 00:00:00,22.0843784157
2013-12-04 00:00:00,22.0843784157
2013-12-05 00:00:00,22.0843784157
2013-12-06 00:00:00,22.0843784157
2013-12-07 00:00:00,22.0843784157
2013-12-08 00:00:00,22.0843784157
2013-12-09 00:00:00,22.0843784157
2013-12-10 00:00:00,22.0843784157
2013-12-11 00:00:00,22.0843784157
2013-12-12 00:00:00,22.0843784157
2013-12-13 00:00:00,22.0843784157
2013-12-14 00:00:00,22.0843784157
2013-12-15 00:00:00,22.0843784157
2013-12-16 00:00:00,22.0843784157
2013-12-17 00:00:00,22.0843784157
2013-12-18 00:00:00,22.0843784157
2013-12-19 00:00:00,22.0843784157
2013-12-21 00:00:00,25.9025598926
2013-12-22 00:00:00,25.9025598926
2013-12-23 00:00:00,25.9025598926
2013-12-24 00:00:00,25.9025598926
2013-12-25 00:00:00,25.9025598926
2013-12-26 00:00:00,25.9025598926
2013-12-27 00:00:00,25.9025598926
2013-12-28 00:00:00,25.9025598926
2013-12-29 00:00:00,25.9025598926
2013-12-30 00:00:00,25.9025598926
2013-12-31 00:00:00,25.9025598926
2014-01-01 00:00:00,25.9025598926
2014-01-02 00:00:00,25.9025598926
2014-01-03 00:00:00,25.9025598926
2014-01-04 00:00:00,25.9025598926
2014-01-05 00:00:00,25.9025598926
2014-01-06 00:00:00,25.9025598926
2014-01-07 00:00:00,25.9025598926
2014-01-08 00:00:00,25.9025598926
2014-01-09 00:00:00,25.9025598926
2014-01-10 00:00:00,25.9025598926
2014-01-11 00:00:00,25.9025598926
2014-01-12 00:00:00,25.9025598926
2014-01-13 00:00:00,25.9025598926
2014-01-14 00:00:00,25.9025598926
2014-01-15 00:00:00,25.9025598926
2014-01-16 00:00:00,25.9025598926
2014-01-17 00:00:00,25.9025598926
2014-01-18 00:00:00,25.9025598926
2014-01-19 00:00:00,25.9025598926
2014-01-20 00:00:00,25.9025598926
2014-01-21 00:00:00,25.9025598926
2014-02-04 00:00:00,22.6098687479
2014-02-05 00:00:00,22.6098687479
2014-02-06 00:00:00,22.6098687479
2014-02-07 00:00:00,22.6098687479
2014-02-08 00:00:00,22.6098687479
2014-02-09 00:00:00,22.6098687479
2014-02-10 00:00:00,22.6098687479
2014-02-11 00:00:00,22.6098687479
2014-02-12 00:00:00,22.6098687479
2014-02-13 00:00:00,22.6098687479
2014-02-14 00:00:00,22.6098687479
2014-02-15 00:00:00,22.6098687479
2014-02-16 00:00:00,22.6098687479
2014-02-17 00:00:00,22.6098687479
2014-02-18 00:00:00,22.6098687479
2014-02-19 00:00:00,22.6098687479
2014-02-20 00:00:00,22.6098687479
2014-02-21 00:00:00,22.6098687479
2014-02-22 00:00:00,22.6098687479
2014-02-23 00:00:00,22.6098687479
2014-02-24 00:00:00,22.6098687479
2014-02-25 00:00:00,22.6098687479
2014-02-26 00:00:00,22.6098687479
2014-02-27 00:00:00,22.6098687479
2014-02-28 00:00:00,22.6098687479
2014-03-01 00:00:00,22.6098687479
2014-03-02 00:00:00,22.6098687479
2014-03-03 00:00:00,22.6098687479
2014-03-04 00:00:00,22.6098687479
2014-03-05 00:00:00,22.6098687479
2014-03-06 00:00:00,22.6098687479
2014-03-07 00:00:00,22.6098687479
2014-03-08 00:00:00,22.6098687479
2014-03-09 00:00:00,22.6098687479
2014-05-09 00:00:00,24.5875018842
2014-05-10 00:00:00,24.5875018842
2014-05-11 00:00:00,24.5875018842
2014-05-12 00:00:00,24.5875018842
2014-05-13 00:00:00,24.5875018842
2014-05-14 00:00:00,24.5875018842
2014-05-15 00:00:00,24.5875018842
2014-05-16 00:00:00,24.5875018842
2014-05-17 00:00:00,24.5875018842
2014-05-18 00:00:00,24.5875018842
2014-05-19 00:00:00,24.5875018842
2014-05-20 00:00:00,24.5875018842
2014-05-21 00:00:00,24.5875018842
2014-05-22 00:00:00,24.5875018842
2014-05-23 00:00:00,24.5875018842
2014-05-24 00:00:00,24.5875018842
2014-05-25 00:00:00,24.5875018842
2014-05-26 00:00:00,24.5875018842
2014-05-27 00:00:00,24.5875018842
2014-05-28 00:00:00,24.5875018842
2014-05-29 00:00:00,24.5875018842
2014-05-30 00:00:00,24.5875018842
2014-05-31 00:00:00,24.5875018842
2014-06-01 00:00:00,24.5875018842
2014-06-02 00:00:00,24.5875018842
2014-06-03 00:00:00,24.5875018842
2014-06-04 00:00:00,24.5875018842
2014-06-05 00:00:00,24.5875018842
2014-06-06 00:00:00,24.5875018842
2014-06-07 00:00:00,24.5875018842
2014-06-08 00:00:00,24.5875018842
2014-06-09 00:00:00,24.5875018842
2014-06-18 00:00:00,16.0011333748
2014-06-19 00:00:00,16.0011333748
2014-06-20 00:00:00,16.0011333748
2014-06-21 00:00:00,16.0011333748
2014-06-22 00:00:00,16.0011333748
2014-06-23 00:00:00,16.0011333748
2014-10-20 00:00:00,17.4546756614
2014-10-21 00:00:00,17.4546756614
2014-10-22 00:00:00,17.4546756614
2014-10-23 00:00:00,17.4546756614
2014-10-24 00:00:00,17.4546756614
2014-10-25 00:00:00,17.4546756614
2014-10-26 00:00:00,17.4546756614
2014-10-27 00:00:00,17.4546756614
2014-10-28 00:00:00,17.4546756614
2014-11-12 00:00:00,30.5420943803
2014-11-13 00:00:00,30.5420943803
2014-11-14 00:00:00,30.5420943803
2014-11-15 00:00:00,30.5420943803
2014-11-16 00:00:00,30.5420943803
2014-11-17 00:00:00,30.5420943803
2014-11-18 00:00:00,30.5420943803
2014-11-19 00:00:00,30.5420943803
2014-11-20 00:00:00,30.5420943803
2014-11-21 00:00:00,30.5420943803
2014-11-22 00:00:00,30.5420943803
2014-11-23 00:00:00,30.5420943803
2014-11-24 00:00:00,30.5420943803
2014-11-25 00:00:00,30.5420943803
2014-11-26 00:00:00,30.5420943803
2014-11-27 00:00:00,30.5420943803
2014-11-28 00:00:00,30.5420943803
2014-11-29 00:00:00,30.5420943803
2014-11-30 00:00:00,30.5420943803
2014-12-01 00:00:00,30.5420943803
2014-12-02 00:00:00,30.5420943803
2014-12-03 00:00:00,30.5420943803
2014-12-04 00:00:00,30.5420943803
2014-12-05 00:00:00,30.5420943803
2014-12-06 00:00:00,30.5420943803
2014-12-07 00:00:00,30.5420943803
2014-12-08 00:00:00,30.5420943803
2014-12-09 00:00:00,30.5420943803
2014-12-10 00:00:00,30.5420943803
2014-12-11 00:00:00,30.5420943803
2014-12-12 00:00:00,30.5420943803
2014-12-13 00:00:00,30.5420943803
2014-12-14 00:00:00,30.5420943803
2014-12-15 00:00:00,30.5420943803
2014-12-16 00:00:00,30.5420943803
2014-12-17 00:00:00,30.5420943803
2014-12-18 00:00:00,30.5420943803
2014-12-19 00:00:00,30.5420943803
2014-12-20 00:00:00,30.5420943803
2014-12-21 00:00:00,30.5420943803
2014-12-22 00:00:00,30.5420943803
2014-12-23 00:00:00,30.5420943803
2014-12-24 00:00:00,30.5420943803
2014-12-25 00:00:00,30.5420943803
2014-12-26 00:00:00,30.5420943803
2014-12-27 00:00:00,30.5420943803
2014-12-28 00:00:00,30.5420943803
2014-12-29 00:00:00,30.5420943803
2014-12-30 00:00:00,30.5420943803
2014-12-31 00:00:00,30.5420943803
2015-01-01 00:00:00,30.5420943803
2015-01-02 00:00:00,30.5420943803
2015-01-03 00:00:00,30.5420943803
2015-01-04 00:00:00,30.5420943803
2015-01-05 00:00:00,30.5420943803
2015-01-06 00:00:00,30.5420943803
2015-01-07 00:00:00,30.5420943803
2015-01-08 00:00:00,30.5420943803
2015-01-09 00:00:00,30.5420943803
2015-01-10 00:00:00,30.5420943803
2015-01-11 00:00:00,30.5420943803
2015-01-12 00:00:00,30.5420943803
2015-01-13 00:00:00,30.5420943803
2015-01-14 00:00:00,30.5420943803
2015-01-15 00:00:00,30.5420943803
2015-01-16 00:00:00,30.5420943803
2015-01-17 00:00:00,30.5420943803
2015-01-18 00:00:00,30.5420943803
2015-01-19 00:00:00,30.5420943803
2015-01-20 00:00:00,30.5420943803
2015-01-21 00:00:00,30.5420943803
2015-01-22 00:00:00,30.5420943803
2015-01-23 00:00:00,30.5420943803
2015-01-24 00:00:00,30.5420943803
2015-01-25 00:00:00,30.5420943803
2015-01-26 00:00:00,30.5420943803
2015-01-27 00:00:00,30.5420943803
2015-01-28 00:00:00,30.5420943803
2015-01-29 00:00:00,30.5420943803
2015-01-30 00:00:00,30.5420943803
2015-01-31 00:00:00,30.5420943803
2015-02-01 00:00:00,30.5420943803
2015-02-02 00:00:00,30.5420943803
2015-02-03 00:00:00,30.5420943803
2015-02-04 00:00:00,30.5420943803
2015-02-05 00:00:00,30.5420943803
2015-02-06 00:00:00,30.5420943803
2015-02-07 00:00:00,30.5420943803
2015-02-08 00:00:00,30.5420943803
2015-02-09 00:00:00,30.5420943803
2015-02-10 00:00:00,30.5420943803
2015-02-11 00:00:00,30.5420943803
2015-02-12 00:00:00,30.5420943803
2015-02-13 00:00:00,30.5420943803
2015-02-14 00:00:00,30.5420943803
2015-02-15 00:00:00,30.5420943803
2015-02-16 00:00:00,30.5420943803
2015-02-17 00:00:00,30.5420943803
2015-02-18 00:00:00,30.5420943803
2015-02-19 00:00:00,30.5420943803
2015-02-20 00:00:00,30.5420943803
2015-02-21 00:00:00,30.5420943803
2015-02-22 00:00:00,30.5420943803
2015-02-23 00:00:00,30.5420943803
2015-02-24 00:00:00,30.5420943803
2015-02-25 00:00:00,30.5420943803
2015-02-26 00:00:00,30.5420943803
2015-02-27 00:00:00,30.5420943803
2015-02-28 00:00:00,30.5420943803
2015-03-01 00:00:00,30.5420943803
2015-03-02 00:00:00,30.5420943803
2015-03-03 00:00:00,30.5420943803
2015-03-04 00:00:00,30.5420943803
2015-03-05 00:00:00,30.5420943803
2015-03-06 00:00:00,30.5420943803
2015-03-07 00:00:00,30.5420943803
2015-03-08 00:00:00,30.5420943803
2015-03-09 00:00:00,30.5420943803
2015-03-10 00:00:00,30.5420943803
2015-03-11 00:00:00,30.5420943803
2015-03-12 00:00:00,30.5420943803
2015-03-13 00:00:00,30.5420943803
2015-03-14 00:00:00,30.5420943803
2015-03-15 00:00:00,30.5420943803
2015-03-16 00:00:00,30.5420943803
2015-03-17 00:00:00,30.5420943803
2015-03-18 00:00:00,30.5420943803
2015-03-19 00:00:00,30.5420943803
2015-03-20 00:00:00,30.5420943803
2015-03-21 00:00:00,30.5420943803
2015-03-22 00:00:00,30.5420943803
2015-03-23 00:00:00,30.5420943803
2015-03-24 00:00:00,30.5420943803
2015-03-25 00:00:00,30.5420943803
2015-03-26 00:00:00,30.5420943803
2015-03-27 00:00:00,30.5420943803
2015-03-28 00:00:00,30.5420943803
2015-03-29 00:00:00,30.5420943803
2015-03-30 00:00:00,30.5420943803
2015-03-31 00:00:00,30.5420943803
2015-04-01 00:00:00,30.5420943803
2015-04-02 00:00:00,30.5420943803
2015-04-03 00:00:00,30.5420943803
2015-04-04 00:00:00,30.5420943803
2015-04-05 00:00:00,30.5420943803
2015-04-06 00:00:00,30.5420943803
2015-04-07 00:00:00,30.5420943803
2015-04-08 00:00:00,30.5420943803
2015-04-09 00:00:00,30.5420943803
2015-04-10 00:00:00,30.5420943803
2015-04-11 00:00:00,30.5420943803
2015-04-12 00:00:00,30.5420943803
2015-04-13 00:00:00,30.5420943803
2015-04-14 00:00:00,30.5420943803
2015-04-15 00:00:00,30.5420943803
2015-04-16 00:00:00,30.5420943803
2015-04-17 00:00:00,30.5420943803
2015-04-18 00:00:00,30.5420943803
2015-04-19 00:00:00,30.5420943803
2015-04-20 00:00:00,30.5420943803
2015-04-21 00:00:00,30.5420943803
2015-04-22 00:00:00,30.5420943803
2015-04-23 00:00:00,30.5420943803
2015-04-24 00:00:00,30.5420943803
2015-04-25 00:00:00,30.5420943803
2015-04-26 00:00:00,30.5420943803
2015-04-27 00:00:00,30.5420943803
2015-04-28 00:00:00,30.5420943803
2015-04-29 00:00:00,30.5420943803
2015-04-30 00:00:00,30.5420943803
2015-05-01 00:00:00,30.5420943803
2015-05-02 00:00:00,30.5420943803
2015-05-03 00:00:00,30.5420943803
2015-05-04 00:00:00,30.5420943803
2015-05-05 00:00:00,30.5420943803
2015-05-06 00:00:00,30.5420943803
2015-05-07 00:00:00,30.5420943803
2015-05-08 00:00:00,30.5420943803
2015-05-09 00:00:00,30.5420943803
2015-05-10 00:00:00,30.5420943803
2015-05-11 00:00:00,30.5420943803
2015-05-12 00:00:00,30.5420943803
2015-05-13 00:00:00,30.5420943803
2015-05-14 00:00:00,30.5420943803
2015-05-15 00:00:00,30.5420943803
2015-05-16 00:00:00,30.5420943803
2015-05-17 00:00:00,30.5420943803
2015-05-18 00:00:00,30.5420943803
2015-05-19 00:00:00,30.5420943803
2015-05-20 00:00:00,30.5420943803
2015-05-21 00:00:00,30.5420943803
2015-05-22 00:00:00,30.5420943803
2015-05-23 00:00:00,30.5420943803
2015-05-24 00:00:00,30.5420943803
2015-05-25 00:00:00,30.5420943803
2015-05-26 00:00:00,30.5420943803
2015-05-27 00:00:00,30.5420943803
2015-05-28 00:00:00,30.5420943803
2015-05-29 00:00:00,30.5420943803
2015-05-30 00:00:00,30.5420943803
2015-05-31 00:00:00,30.5420943803
2015-06-01 00:00:00,30.5420943803
2015-06-02 00:00:00,30.5420943803
2015-06-03 00:00:00,30.5420943803
2015-06-04 00:00:00,30.5420943803
2015-06-05 00:00:00,30.5420943803
2015-06-06 00:00:00,30.5420943803
2015-06-07 00:00:00,30.5420943803
2015-06-08 00:00:00,30.5420943803
2015-06-09 00:00:00,30.5420943803
2015-06-10 00:00:00,30.5420943803
2015-06-11 00:00:00,30.5420943803
2015-06-12 00:00:00,30.5420943803
2015-06-13 00:00:00,30.5420943803
2015-06-14 00:00:00,30.5420943803
2015-06-15 00:00:00,30.5420943803
2015-06-16 00:00:00,30.5420943803
2015-06-17 00:00:00,30.5420943803
2015-06-18 00:00:00,30.5420943803
News Data
Start Date, End Date,News Source,Link,Days,Reason,Comment,Days Reported
2010-12-15,2010-12-20,The Hindu,http://www.thehindu.com/business/Economy/imported-onion-arrive-from-pakistan/article965607.ece,5,not stated,,0
2010-12-16,2010-12-20,The Hindu,http://www.thehindu.com/business/Economy/imported-onion-arrive-from-pakistan/article965607.ece,4,not stated,,0
2010-12-20,2010-12-20,The Hindu,http://www.thehindu.com/business/Economy/imported-onion-arrive-from-pakistan/article965607.ece,0,not stated,,0
2010-12-21,2010-12-20,The Hindu,http://www.thehindu.com/business/Economy/imported-onion-arrive-from-pakistan/article965607.ece,-1,not stated,,0
2010-12-22,2010-12-20,The Hindu,http://www.thehindu.com/business/Economy/imported-onion-arrive-from-pakistan/article965607.ece,-2,not stated,,0
2010-12-23,2010-12-20,The Hindu,http://www.thehindu.com/business/Economy/imported-onion-arrive-from-pakistan/article965607.ece,-3,not stated,,0
2010-12-24,2010-12-20,The Hindu,http://www.thehindu.com/business/Economy/imported-onion-arrive-from-pakistan/article965607.ece,-4,not stated,,0
2010-12-25,2010-12-20,The Hindu,http://www.thehindu.com/business/Economy/imported-onion-arrive-from-pakistan/article965607.ece,-5,not stated,,0
2010-12-26,2010-12-21,The Economic Times,http://articles.economictimes.indiatimes.com/2010-12-21/news/27586208_1_minimum-export-price-onion-prices-mep,-5,traders nexus,,0
2010-12-27,2010-12-23,NDTV,http://www.ndtv.com/india-news/food-inflation-spikes-govt-blames-the-onion-442821,-4,traders nexus,,0
2010-12-28,2010-12-23,NDTV,http://www.ndtv.com/india-news/food-inflation-spikes-govt-blames-the-onion-442821,-5,traders nexus,,0
2010-12-31,2011-01-05,NDTV,http://www.ndtv.com/india-news/bjp-slams-government-over-split-views-on-inflation-444119,5,not stated,BJP slams government over split views on inflation,365
2011-01-04,2011-01-05,NDTV,http://www.ndtv.com/india-news/bjp-slams-government-over-split-views-on-inflation-444119,1,not stated,BJP slams government over split views on inflation,365
2011-01-05,2011-01-05,NDTV,http://www.ndtv.com/india-news/bjp-slams-government-over-split-views-on-inflation-444119,0,not stated,BJP slams government over split views on inflation,365
2011-01-06,2011-01-05,NDTV,http://www.ndtv.com/india-news/bjp-slams-government-over-split-views-on-inflation-444119,-1,not stated,BJP slams government over split views on inflation,365
2011-01-07,2011-01-05,NDTV,http://www.ndtv.com/india-news/bjp-slams-government-over-split-views-on-inflation-444119,-2,not stated,BJP slams government over split views on inflation,365
2011-01-08,2011-01-05,NDTV,http://www.ndtv.com/india-news/bjp-slams-government-over-split-views-on-inflation-444119,-3,not stated,BJP slams government over split views on inflation,365
2011-01-09,2011-01-05,NDTV,http://www.ndtv.com/india-news/bjp-slams-government-over-split-views-on-inflation-444119,-4,not stated,BJP slams government over split views on inflation,365
2011-01-10,2011-01-05,NDTV,http://www.ndtv.com/india-news/bjp-slams-government-over-split-views-on-inflation-444119,-5,not stated,BJP slams government over split views on inflation,365
2011-01-11,2011-01-06,The Times of India,http://timesofindia.indiatimes.com/business/india-business/-Retail-onion-prices-up-by-Rs-5-10/kg-on-Pak-export-ban-reports/articleshow/7230895.cms,-5,Pak banned export,,0
2011-01-12,2011-01-07,The Hindu,http://www.thehindu.com/business/act-swiftly-against-hoarders-pranab/article1051003.ece,-5,traders nexus,main article on inflation, but it says due to hoarding onion prices are high.,0
2013-11-30,2013-12-02,First Post,http://www.firstpost.com/politics/the-onion-trackers-of-delhi-what-sheila-dikshit-should-have-been-watching-1261901.html,2,not stated,,10
2013-12-01,2013-12-02,First Post,http://www.firstpost.com/politics/the-onion-trackers-of-delhi-what-sheila-dikshit-should-have-been-watching-1261901.html,1,not stated,,10
2013-12-02,2013-12-02,First Post,http://www.firstpost.com/politics/the-onion-trackers-of-delhi-what-sheila-dikshit-should-have-been-watching-1261901.html,0,not stated,,10
2013-12-03,2013-12-02,First Post,http://www.firstpost.com/politics/the-onion-trackers-of-delhi-what-sheila-dikshit-should-have-been-watching-1261901.html,-1,not stated,,10
2013-12-04,2013-12-02,First Post,http://www.firstpost.com/politics/the-onion-trackers-of-delhi-what-sheila-dikshit-should-have-been-watching-1261901.html,-2,not stated,,10
2013-12-05,2013-12-02,First Post,http://www.firstpost.com/politics/the-onion-trackers-of-delhi-what-sheila-dikshit-should-have-been-watching-1261901.html,-3,not stated,,10
2013-12-06,2013-12-02,First Post,http://www.firstpost.com/politics/the-onion-trackers-of-delhi-what-sheila-dikshit-should-have-been-watching-1261901.html,-4,not stated,,10
2013-12-07,2013-12-02,First Post,http://www.firstpost.com/politics/the-onion-trackers-of-delhi-what-sheila-dikshit-should-have-been-watching-1261901.html,-5,not stated,,10
2013-12-08,2013-12-13,The Economic Times,http://articles.economictimes.indiatimes.com/2015-09-11/news/66434886_1_lasalgaon-apmc-onion-prices-onion-exporters-association,5,not stated,no,None
2013-12-09,2013-12-13,The Economic Times,http://articles.economictimes.indiatimes.com/2015-09-11/news/66434886_1_lasalgaon-apmc-onion-prices-onion-exporters-association,4,not stated,no,None
2013-12-10,2013-12-13,The Economic Times,http://articles.economictimes.indiatimes.com/2015-09-11/news/66434886_1_lasalgaon-apmc-onion-prices-onion-exporters-association,3,not stated,no,None
2013-12-11,2013-12-13,The Economic Times,http://articles.economictimes.indiatimes.com/2015-09-11/news/66434886_1_lasalgaon-apmc-onion-prices-onion-exporters-association,2,not stated,no,None
2013-12-12,2013-12-13,The Economic Times,http://articles.economictimes.indiatimes.com/2015-09-11/news/66434886_1_lasalgaon-apmc-onion-prices-onion-exporters-association,1,not stated,no,None
2013-12-13,2013-12-13,The Economic Times,http://articles.economictimes.indiatimes.com/2015-09-11/news/66434886_1_lasalgaon-apmc-onion-prices-onion-exporters-association,0,not stated,no,None
2013-12-14,2013-12-13,The Economic Times,http://articles.economictimes.indiatimes.com/2015-09-11/news/66434886_1_lasalgaon-apmc-onion-prices-onion-exporters-association,-1,not stated,no,None
2013-12-15,2013-12-13,The Economic Times,http://articles.economictimes.indiatimes.com/2015-09-11/news/66434886_1_lasalgaon-apmc-onion-prices-onion-exporters-association,-2,not stated,no,None
2013-12-16,2013-12-13,The Economic Times,http://articles.economictimes.indiatimes.com/2015-09-11/news/66434886_1_lasalgaon-apmc-onion-prices-onion-exporters-association,-3,not stated,no,None
2013-12-17,2013-12-13,The Economic Times,http://articles.economictimes.indiatimes.com/2015-09-11/news/66434886_1_lasalgaon-apmc-onion-prices-onion-exporters-association,-4,not stated,no,None
2013-12-18,2013-12-13,The Economic Times,http://articles.economictimes.indiatimes.com/2015-09-11/news/66434886_1_lasalgaon-apmc-onion-prices-onion-exporters-association,-5,not stated,no,None
2014-06-06,2014-06-11,The Times of India,http://timesofindia.indiatimes.com/business/india-business/Food-prices-soar-on-speculation-over-delayed-monsoon-rains/articleshow/36367024.cms,5,speculation of weak monsoon,,15
2014-06-07,2014-06-11,The Times of India,http://timesofindia.indiatimes.com/business/india-business/Food-prices-soar-on-speculation-over-delayed-monsoon-rains/articleshow/36367024.cms,4,speculation of weak monsoon,,15
2014-06-08,2014-06-11,The Times of India,http://timesofindia.indiatimes.com/business/india-business/Food-prices-soar-on-speculation-over-delayed-monsoon-rains/articleshow/36367024.cms,3,speculation of weak monsoon,,15
2014-06-09,2014-06-11,The Times of India,http://timesofindia.indiatimes.com/business/india-business/Food-prices-soar-on-speculation-over-delayed-monsoon-rains/articleshow/36367024.cms,2,speculation of weak monsoon,,15
2014-06-18,2014-06-13,Business Standard,http://www.business-standard.com/article/economy-policy/onion-prices-show-mixed-signals-114061301168_1.html,-5,not stated,normal trend,None
2014-06-19,2014-06-18,Telegraph,http://www.telegraphindia.com/1140618/jsp/frontpage/story_18524316.jsp,-1,not stated,,15
2014-06-20,2014-06-18,Telegraph,http://www.telegraphindia.com/1140618/jsp/frontpage/story_18524316.jsp,-2,not stated,,15
2014-06-21,2014-06-18,Telegraph,http://www.telegraphindia.com/1140618/jsp/frontpage/story_18524316.jsp,-3,not stated,,15
2014-06-22,2014-06-18,Telegraph,http://www.telegraphindia.com/1140618/jsp/frontpage/story_18524316.jsp,-4,not stated,,15
2014-06-23,2014-06-18,Telegraph,http://www.telegraphindia.com/1140618/jsp/frontpage/story_18524316.jsp,-5,not stated,,15
2015-01-01,2015-01-06,Zee News,http://zeenews.india.com/business/news/economy/vegetable-prices-again-spike-in-delhi-retailers-blame-bad-weather_115654.html,5,bad weather,,2
2015-01-02,2015-01-06,Zee News,http://zeenews.india.com/business/news/economy/vegetable-prices-again-spike-in-delhi-retailers-blame-bad-weather_115654.html,4,bad weather,,2
2015-01-03,2015-01-06,Zee News,http://zeenews.india.com/business/news/economy/vegetable-prices-again-spike-in-delhi-retailers-blame-bad-weather_115654.html,3,bad weather,,2
2015-01-04,2015-01-06,Zee News,http://zeenews.india.com/business/news/economy/vegetable-prices-again-spike-in-delhi-retailers-blame-bad-weather_115654.html,2,bad weather,,2
2015-01-05,2015-01-06,Zee News,http://zeenews.india.com/business/news/economy/vegetable-prices-again-spike-in-delhi-retailers-blame-bad-weather_115654.html,1,bad weather,,2
2015-01-06,2015-01-06,Zee News,http://zeenews.india.com/business/news/economy/vegetable-prices-again-spike-in-delhi-retailers-blame-bad-weather_115654.html,0,bad weather,,2
2015-01-07,2015-01-06,Zee News,http://zeenews.india.com/business/news/economy/vegetable-prices-again-spike-in-delhi-retailers-blame-bad-weather_115654.html,-1,bad weather,,2
2015-01-08,2015-01-06,Zee News,http://zeenews.india.com/business/news/economy/vegetable-prices-again-spike-in-delhi-retailers-blame-bad-weather_115654.html,-2,bad weather,,2
2015-01-09,2015-01-06,Zee News,http://zeenews.india.com/business/news/economy/vegetable-prices-again-spike-in-delhi-retailers-blame-bad-weather_115654.html,-3,bad weather,,2
2015-01-10,2015-01-06,Zee News,http://zeenews.india.com/business/news/economy/vegetable-prices-again-spike-in-delhi-retailers-blame-bad-weather_115654.html,-4,bad weather,,2
2015-01-11,2015-01-06,Zee News,http://zeenews.india.com/business/news/economy/vegetable-prices-again-spike-in-delhi-retailers-blame-bad-weather_115654.html,-5,bad weather,,2
2015-06-10,2015-06-15,NDTV,http://profit.ndtv.com/news/economy/article-headline-inflation-771716,5,not stated,20 percent rise as compared to last year,365
2015-06-11,2015-06-15,NDTV,http://profit.ndtv.com/news/economy/article-headline-inflation-771716,4,not stated,20 percent rise as compared to last year,365
2015-06-12,2015-06-15,NDTV,http://profit.ndtv.com/news/economy/article-headline-inflation-771716,3,not stated,20 percent rise as compared to last year,365
2015-06-13,2015-06-15,NDTV,http://profit.ndtv.com/news/economy/article-headline-inflation-771716,2,not stated,20 percent rise as compared to last year,365
2015-06-14,2015-06-15,NDTV,http://profit.ndtv.com/news/economy/article-headline-inflation-771716,1,not stated,20 percent rise as compared to last year,365
2015-06-15,2015-06-15,NDTV,http://profit.ndtv.com/news/economy/article-headline-inflation-771716,0,not stated,20 percent rise as compared to last year,365
2015-06-16,2015-06-15,NDTV,http://profit.ndtv.com/news/economy/article-headline-inflation-771716,-1,not stated,20 percent rise as compared to last year,365
2015-06-17,2015-06-15,NDTV,http://profit.ndtv.com/news/economy/article-headline-inflation-771716,-2,not stated,20 percent rise as compared to last year,365
2015-06-18,2015-06-15,NDTV,http://profit.ndtv.com/news/economy/article-headline-inflation-771716,-3,not stated,20 percent rise as compared to last year,365
Graph Based Result:::
Date,Value
News Data
Start Date, End Date,News Source,Link,Days,Reason,Comment,Days Reported
VAR Result:::
Date,Value
News Data
Start Date, End Date,News Source,Link,Days,Reason,Comment,Days Reported
(1U2U3) Result:::
Date
2006-01-01 00:00:00
2006-01-02 00:00:00
2006-01-03 00:00:00
2006-01-04 00:00:00
2006-01-05 00:00:00
2006-01-06 00:00:00
2006-01-07 00:00:00
2006-01-08 00:00:00
2006-01-09 00:00:00
2006-01-10 00:00:00
2006-01-11 00:00:00
2006-01-12 00:00:00
2006-01-13 00:00:00
2006-01-14 00:00:00
2006-03-02 00:00:00
2006-03-03 00:00:00
2006-03-04 00:00:00
2006-03-05 00:00:00
2006-03-06 00:00:00
2006-03-07 00:00:00
2006-03-08 00:00:00
2006-03-09 00:00:00
2006-03-10 00:00:00
2006-03-11 00:00:00
2006-03-12 00:00:00
2006-03-13 00:00:00
2006-03-14 00:00:00
2006-03-15 00:00:00
2006-03-16 00:00:00
2006-04-01 00:00:00
2006-04-02 00:00:00
2006-04-03 00:00:00
2006-04-04 00:00:00
2006-04-05 00:00:00
2006-04-06 00:00:00
2006-04-07 00:00:00
2006-04-08 00:00:00
2006-04-09 00:00:00
2006-04-10 00:00:00
2006-04-11 00:00:00
2006-04-12 00:00:00
2006-04-13 00:00:00
2006-04-14 00:00:00
2006-04-15 00:00:00
2006-04-16 00:00:00
2006-04-17 00:00:00
2006-04-18 00:00:00
2006-04-19 00:00:00
2006-04-20 00:00:00
2006-04-21 00:00:00
2006-04-22 00:00:00
2006-04-23 00:00:00
2006-04-24 00:00:00
2006-04-25 00:00:00
2006-04-26 00:00:00
2006-04-27 00:00:00
2006-04-28 00:00:00
2006-04-29 00:00:00
2006-04-30 00:00:00
2006-05-01 00:00:00
2006-05-02 00:00:00
2006-05-03 00:00:00
2006-05-04 00:00:00
2006-05-05 00:00:00
2006-05-06 00:00:00
2006-05-07 00:00:00
2006-05-08 00:00:00
2006-05-09 00:00:00
2006-05-10 00:00:00
2006-05-11 00:00:00
2006-05-12 00:00:00
2006-05-13 00:00:00
2006-05-14 00:00:00
2006-05-15 00:00:00
2006-06-11 00:00:00
2006-06-12 00:00:00
2006-06-13 00:00:00
2006-06-14 00:00:00
2006-06-15 00:00:00
2006-06-16 00:00:00
2006-06-17 00:00:00
2006-06-18 00:00:00
2006-06-19 00:00:00
2006-06-20 00:00:00
2006-06-21 00:00:00
2006-06-22 00:00:00
2006-06-23 00:00:00
2006-06-24 00:00:00
2006-06-25 00:00:00
2006-06-26 00:00:00
2006-06-27 00:00:00
2006-06-28 00:00:00
2006-06-29 00:00:00
2006-06-30 00:00:00
2006-07-01 00:00:00
2006-07-02 00:00:00
2006-07-03 00:00:00
2006-07-04 00:00:00
2006-07-05 00:00:00
2006-07-06 00:00:00
2006-07-07 00:00:00
2006-07-08 00:00:00
2006-07-09 00:00:00
2006-07-10 00:00:00
2006-07-11 00:00:00
2006-07-12 00:00:00
2006-07-13 00:00:00
2006-07-14 00:00:00
2006-07-30 00:00:00
2006-07-31 00:00:00
2006-08-01 00:00:00
2006-08-02 00:00:00
2006-08-03 00:00:00
2006-08-04 00:00:00
2006-08-05 00:00:00
2006-08-06 00:00:00
2006-08-07 00:00:00
2006-08-08 00:00:00
2006-08-09 00:00:00
2006-08-10 00:00:00
2006-08-11 00:00:00
2006-08-12 00:00:00
2006-08-13 00:00:00
2006-08-14 00:00:00
2006-08-15 00:00:00
2006-08-16 00:00:00
2006-08-17 00:00:00
2006-08-18 00:00:00
2006-08-19 00:00:00
2006-08-20 00:00:00
2006-08-21 00:00:00
2006-08-22 00:00:00
2006-08-23 00:00:00
2006-08-24 00:00:00
2006-08-25 00:00:00
2006-08-26 00:00:00
2006-08-27 00:00:00
2006-08-28 00:00:00
2006-08-29 00:00:00
2006-08-30 00:00:00
2006-08-31 00:00:00
2006-09-01 00:00:00
2006-09-02 00:00:00
2006-09-03 00:00:00
2006-09-04 00:00:00
2006-09-05 00:00:00
2006-09-06 00:00:00
2006-09-07 00:00:00
2006-09-08 00:00:00
2006-09-09 00:00:00
2006-09-10 00:00:00
2006-09-11 00:00:00
2006-09-12 00:00:00
2006-10-15 00:00:00
2006-10-16 00:00:00
2006-10-17 00:00:00
2006-10-18 00:00:00
2006-10-19 00:00:00
2006-10-20 00:00:00
2006-10-21 00:00:00
2006-10-29 00:00:00
2006-10-30 00:00:00
2006-10-31 00:00:00
2006-11-01 00:00:00
2006-11-02 00:00:00
2006-11-03 00:00:00
2006-11-04 00:00:00
2006-11-12 00:00:00
2006-11-13 00:00:00
2006-11-14 00:00:00
2006-11-15 00:00:00
2006-11-16 00:00:00
2006-11-17 00:00:00
2006-11-18 00:00:00
2006-11-19 00:00:00
2006-11-20 00:00:00
2006-11-21 00:00:00
2006-11-22 00:00:00
2006-11-23 00:00:00
2006-11-24 00:00:00
2006-11-25 00:00:00
2007-02-10 00:00:00
2007-02-11 00:00:00
2007-02-12 00:00:00
2007-02-13 00:00:00
2007-02-14 00:00:00
2007-02-15 00:00:00
2007-02-16 00:00:00
2007-02-17 00:00:00
2007-02-18 00:00:00
2007-02-19 00:00:00
2007-02-20 00:00:00
2007-02-21 00:00:00
2007-02-22 00:00:00
2007-02-23 00:00:00
2007-02-24 00:00:00
2007-02-25 00:00:00
2007-02-26 00:00:00
2007-02-27 00:00:00
2007-02-28 00:00:00
2007-03-01 00:00:00
2007-03-02 00:00:00
2007-03-03 00:00:00
2007-03-04 00:00:00
2007-03-05 00:00:00
2007-03-06 00:00:00
2007-03-07 00:00:00
2007-03-08 00:00:00
2007-03-09 00:00:00
2007-03-10 00:00:00
2007-03-11 00:00:00
2007-03-12 00:00:00
2007-03-13 00:00:00
2007-03-14 00:00:00
2007-03-15 00:00:00
2007-03-16 00:00:00
2007-03-17 00:00:00
2007-03-18 00:00:00
2007-03-19 00:00:00
2007-03-20 00:00:00
2007-03-21 00:00:00
2007-03-22 00:00:00
2007-03-23 00:00:00
2007-03-24 00:00:00
2007-03-27 00:00:00
2007-03-28 00:00:00
2007-03-29 00:00:00
2007-03-30 00:00:00
2007-03-31 00:00:00
2007-04-01 00:00:00
2007-04-02 00:00:00
2007-04-03 00:00:00
2007-04-04 00:00:00
2007-04-05 00:00:00
2007-04-06 00:00:00
2007-04-07 00:00:00
2007-04-08 00:00:00
2007-04-09 00:00:00
2007-04-10 00:00:00
2007-04-26 00:00:00
2007-04-27 00:00:00
2007-04-28 00:00:00
2007-04-29 00:00:00
2007-04-30 00:00:00
2007-05-01 00:00:00
2007-05-02 00:00:00
2007-05-03 00:00:00
2007-05-04 00:00:00
2007-05-05 00:00:00
2007-05-06 00:00:00
2007-05-07 00:00:00
2007-05-08 00:00:00
2007-05-09 00:00:00
2007-05-10 00:00:00
2007-05-11 00:00:00
2007-05-12 00:00:00
2007-06-17 00:00:00
2007-06-18 00:00:00
2007-06-19 00:00:00
2007-06-20 00:00:00
2007-06-21 00:00:00
2007-06-22 00:00:00
2007-06-23 00:00:00
2007-07-10 00:00:00
2007-07-11 00:00:00
2007-07-12 00:00:00
2007-07-13 00:00:00
2007-07-14 00:00:00
2007-07-15 00:00:00
2007-07-16 00:00:00
2007-07-17 00:00:00
2007-07-18 00:00:00
2007-07-19 00:00:00
2007-07-20 00:00:00
2007-07-21 00:00:00
2007-07-22 00:00:00
2007-07-23 00:00:00
2007-07-24 00:00:00
2007-07-25 00:00:00
2007-07-26 00:00:00
2007-07-27 00:00:00
2007-07-28 00:00:00
2007-07-29 00:00:00
2007-07-30 00:00:00
2007-07-31 00:00:00
2007-08-01 00:00:00
2007-08-02 00:00:00
2007-08-03 00:00:00
2007-08-04 00:00:00
2007-08-05 00:00:00
2007-08-06 00:00:00
2007-08-07 00:00:00
2007-08-08 00:00:00
2007-08-19 00:00:00
2007-08-20 00:00:00
2007-08-21 00:00:00
2007-08-22 00:00:00
2007-08-23 00:00:00
2007-08-24 00:00:00
2007-08-25 00:00:00
2007-10-14 00:00:00
2007-10-15 00:00:00
2007-10-16 00:00:00
2007-10-17 00:00:00
2007-10-18 00:00:00
2007-10-19 00:00:00
2007-10-20 00:00:00
2007-10-21 00:00:00
2007-10-22 00:00:00
2007-10-23 00:00:00
2007-10-24 00:00:00
2007-10-25 00:00:00
2007-10-26 00:00:00
2007-10-27 00:00:00
2008-02-17 00:00:00
2008-02-18 00:00:00
2008-02-19 00:00:00
2008-02-20 00:00:00
2008-02-21 00:00:00
2008-02-22 00:00:00
2008-02-23 00:00:00
2008-03-23 00:00:00
2008-03-24 00:00:00
2008-03-25 00:00:00
2008-03-26 00:00:00
2008-03-27 00:00:00
2008-03-28 00:00:00
2008-03-29 00:00:00
2008-04-20 00:00:00
2008-04-21 00:00:00
2008-04-22 00:00:00
2008-04-23 00:00:00
2008-04-24 00:00:00
2008-04-25 00:00:00
2008-04-26 00:00:00
2008-04-27 00:00:00
2008-04-28 00:00:00
2008-04-29 00:00:00
2008-04-30 00:00:00
2008-05-01 00:00:00
2008-05-02 00:00:00
2008-05-03 00:00:00
2008-05-04 00:00:00
2008-05-05 00:00:00
2008-05-06 00:00:00
2008-05-07 00:00:00
2008-05-08 00:00:00
2008-05-09 00:00:00
2008-05-10 00:00:00
2008-05-11 00:00:00
2008-05-12 00:00:00
2008-05-13 00:00:00
2008-05-14 00:00:00
2008-05-15 00:00:00
2008-05-16 00:00:00
2008-05-17 00:00:00
2008-05-18 00:00:00
2008-05-19 00:00:00
2008-05-20 00:00:00
2008-05-21 00:00:00
2008-05-22 00:00:00
2008-05-23 00:00:00
2008-05-24 00:00:00
2008-05-25 00:00:00
2008-05-26 00:00:00
2008-05-27 00:00:00
2008-05-28 00:00:00
2008-05-29 00:00:00
2008-05-30 00:00:00
2008-05-31 00:00:00
2008-06-15 00:00:00
2008-06-16 00:00:00
2008-06-17 00:00:00
2008-06-18 00:00:00
2008-06-19 00:00:00
2008-06-20 00:00:00
2008-06-21 00:00:00
2008-06-22 00:00:00
2008-06-23 00:00:00
2008-06-24 00:00:00
2008-06-25 00:00:00
2008-06-26 00:00:00
2008-06-27 00:00:00
2008-06-28 00:00:00
2008-06-29 00:00:00
2008-06-30 00:00:00
2008-07-01 00:00:00
2008-07-02 00:00:00
2008-07-03 00:00:00
2008-07-04 00:00:00
2008-07-05 00:00:00
2008-08-31 00:00:00
2008-09-01 00:00:00
2008-09-02 00:00:00
2008-09-03 00:00:00
2008-09-04 00:00:00
2008-09-05 00:00:00
2008-09-06 00:00:00
2008-10-12 00:00:00
2008-10-13 00:00:00
2008-10-14 00:00:00
2008-10-15 00:00:00
2008-10-16 00:00:00
2008-10-17 00:00:00
2008-10-18 00:00:00
2008-10-19 00:00:00
2008-10-20 00:00:00
2008-10-21 00:00:00
2008-10-22 00:00:00
2008-10-23 00:00:00
2008-10-24 00:00:00
2008-10-25 00:00:00
2008-10-26 00:00:00
2008-10-27 00:00:00
2008-10-28 00:00:00
2008-10-29 00:00:00
2008-10-30 00:00:00
2008-10-31 00:00:00
2008-11-01 00:00:00
2008-11-16 00:00:00
2008-11-17 00:00:00
2008-11-18 00:00:00
2008-11-19 00:00:00
2008-11-20 00:00:00
2008-11-21 00:00:00
2008-11-22 00:00:00
2008-11-23 00:00:00
2008-11-24 00:00:00
2008-11-25 00:00:00
2008-11-26 00:00:00
2008-11-27 00:00:00
2008-11-28 00:00:00
2008-11-29 00:00:00
2008-11-30 00:00:00
2008-12-01 00:00:00
2008-12-02 00:00:00
2008-12-03 00:00:00
2008-12-04 00:00:00
2008-12-05 00:00:00
2008-12-06 00:00:00
2008-12-07 00:00:00
2008-12-08 00:00:00
2008-12-09 00:00:00
2008-12-10 00:00:00
2008-12-11 00:00:00
2008-12-12 00:00:00
2008-12-13 00:00:00
2008-12-14 00:00:00
2008-12-15 00:00:00
2008-12-16 00:00:00
2008-12-17 00:00:00
2008-12-18 00:00:00
2008-12-19 00:00:00
2008-12-20 00:00:00
2008-12-21 00:00:00
2008-12-22 00:00:00
2008-12-23 00:00:00
2008-12-24 00:00:00
2008-12-25 00:00:00
2008-12-26 00:00:00
2008-12-27 00:00:00
2008-12-28 00:00:00
2008-12-29 00:00:00
2008-12-30 00:00:00
2009-01-15 00:00:00
2009-01-16 00:00:00
2009-01-17 00:00:00
2009-01-18 00:00:00
2009-01-19 00:00:00
2009-01-20 00:00:00
2009-01-21 00:00:00
2009-01-22 00:00:00
2009-01-23 00:00:00
2009-01-24 00:00:00
2009-01-25 00:00:00
2009-01-26 00:00:00
2009-01-27 00:00:00
2009-01-28 00:00:00
2009-01-29 00:00:00
2009-01-30 00:00:00
2009-01-31 00:00:00
2009-02-01 00:00:00
2009-02-02 00:00:00
2009-02-03 00:00:00
2009-02-04 00:00:00
2009-02-05 00:00:00
2009-02-06 00:00:00
2009-02-07 00:00:00
2009-02-08 00:00:00
2009-02-09 00:00:00
2009-02-10 00:00:00
2009-02-11 00:00:00
2009-02-12 00:00:00
2009-02-13 00:00:00
2009-02-22 00:00:00
2009-02-23 00:00:00
2009-02-24 00:00:00
2009-02-25 00:00:00
2009-02-26 00:00:00
2009-02-27 00:00:00
2009-02-28 00:00:00
2009-03-16 00:00:00
2009-03-17 00:00:00
2009-03-18 00:00:00
2009-03-19 00:00:00
2009-03-20 00:00:00
2009-03-21 00:00:00
2009-03-22 00:00:00
2009-03-23 00:00:00
2009-03-24 00:00:00
2009-03-25 00:00:00
2009-03-26 00:00:00
2009-03-27 00:00:00
2009-03-28 00:00:00
2009-03-29 00:00:00
2009-03-30 00:00:00
2009-03-31 00:00:00
2009-04-01 00:00:00
2009-04-02 00:00:00
2009-04-03 00:00:00
2009-04-04 00:00:00
2009-04-05 00:00:00
2009-04-06 00:00:00
2009-04-07 00:00:00
2009-04-08 00:00:00
2009-04-09 00:00:00
2009-04-10 00:00:00
2009-04-11 00:00:00
2009-04-12 00:00:00
2009-04-13 00:00:00
2009-04-14 00:00:00
2009-04-15 00:00:00
2009-04-16 00:00:00
2009-04-17 00:00:00
2009-04-18 00:00:00
2009-04-19 00:00:00
2009-04-20 00:00:00
2009-04-21 00:00:00
2009-04-22 00:00:00
2009-04-23 00:00:00
2009-04-24 00:00:00
2009-04-25 00:00:00
2009-04-26 00:00:00
2009-04-27 00:00:00
2009-04-28 00:00:00
2009-04-29 00:00:00
2009-04-30 00:00:00
2009-05-01 00:00:00
2009-05-02 00:00:00
2009-05-03 00:00:00
2009-05-04 00:00:00
2009-05-05 00:00:00
2009-05-06 00:00:00
2009-05-07 00:00:00
2009-05-08 00:00:00
2009-05-09 00:00:00
2009-05-10 00:00:00
2009-05-11 00:00:00
2009-05-12 00:00:00
2009-05-13 00:00:00
2009-05-14 00:00:00
2009-05-30 00:00:00
2009-05-31 00:00:00
2009-06-01 00:00:00
2009-06-02 00:00:00
2009-06-03 00:00:00
2009-06-04 00:00:00
2009-06-05 00:00:00
2009-06-06 00:00:00
2009-06-07 00:00:00
2009-06-08 00:00:00
2009-06-09 00:00:00
2009-06-10 00:00:00
2009-06-11 00:00:00
2009-06-12 00:00:00
2009-06-13 00:00:00
2009-06-14 00:00:00
2009-06-15 00:00:00
2009-06-16 00:00:00
2009-06-17 00:00:00
2009-06-18 00:00:00
2009-06-19 00:00:00
2009-06-20 00:00:00
2009-06-21 00:00:00
2009-06-22 00:00:00
2009-06-23 00:00:00
2009-06-24 00:00:00
2009-06-25 00:00:00
2009-06-26 00:00:00
2009-06-27 00:00:00
2009-06-28 00:00:00
2009-06-29 00:00:00
2009-06-30 00:00:00
2009-07-01 00:00:00
2009-07-02 00:00:00
2009-07-03 00:00:00
2009-07-04 00:00:00
2009-08-02 00:00:00
2009-08-03 00:00:00
2009-08-04 00:00:00
2009-08-05 00:00:00
2009-08-06 00:00:00
2009-08-07 00:00:00
2009-08-08 00:00:00
2009-08-30 00:00:00
2009-08-31 00:00:00
2009-09-01 00:00:00
2009-09-02 00:00:00
2009-09-03 00:00:00
2009-09-04 00:00:00
2009-09-05 00:00:00
2009-09-13 00:00:00
2009-09-14 00:00:00
2009-09-15 00:00:00
2009-09-16 00:00:00
2009-09-17 00:00:00
2009-09-18 00:00:00
2009-09-19 00:00:00
2009-09-20 00:00:00
2009-09-21 00:00:00
2009-09-22 00:00:00
2009-09-23 00:00:00
2009-09-24 00:00:00
2009-09-25 00:00:00
2009-09-26 00:00:00
2009-11-15 00:00:00
2009-11-16 00:00:00
2009-11-17 00:00:00
2009-11-18 00:00:00
2009-11-19 00:00:00
2009-11-20 00:00:00
2009-11-21 00:00:00
2009-12-06 00:00:00
2009-12-07 00:00:00
2009-12-08 00:00:00
2009-12-09 00:00:00
2009-12-10 00:00:00
2009-12-11 00:00:00
2009-12-12 00:00:00
2009-12-13 00:00:00
2009-12-14 00:00:00
2009-12-15 00:00:00
2009-12-16 00:00:00
2009-12-17 00:00:00
2009-12-18 00:00:00
2009-12-19 00:00:00
2010-01-10 00:00:00
2010-01-11 00:00:00
2010-01-12 00:00:00
2010-01-13 00:00:00
2010-01-14 00:00:00
2010-01-15 00:00:00
2010-01-16 00:00:00
2010-01-24 00:00:00
2010-01-25 00:00:00
2010-01-26 00:00:00
2010-01-27 00:00:00
2010-01-28 00:00:00
2010-01-29 00:00:00
2010-01-30 00:00:00
2010-01-31 00:00:00
2010-02-01 00:00:00
2010-02-02 00:00:00
2010-02-03 00:00:00
2010-02-04 00:00:00
2010-02-05 00:00:00
2010-02-06 00:00:00
2010-02-07 00:00:00
2010-02-08 00:00:00
2010-02-21 00:00:00
2010-02-22 00:00:00
2010-02-23 00:00:00
2010-02-24 00:00:00
2010-02-25 00:00:00
2010-02-26 00:00:00
2010-02-27 00:00:00
2010-02-28 00:00:00
2010-03-01 00:00:00
2010-03-02 00:00:00
2010-03-03 00:00:00
2010-03-04 00:00:00
2010-03-05 00:00:00
2010-03-06 00:00:00
2010-03-07 00:00:00
2010-03-08 00:00:00
2010-03-09 00:00:00
2010-03-10 00:00:00
2010-05-09 00:00:00
2010-05-10 00:00:00
2010-05-11 00:00:00
2010-05-12 00:00:00
2010-05-13 00:00:00
2010-05-14 00:00:00
2010-05-15 00:00:00
2010-05-16 00:00:00
2010-05-17 00:00:00
2010-05-18 00:00:00
2010-05-19 00:00:00
2010-05-20 00:00:00
2010-05-21 00:00:00
2010-05-22 00:00:00
2010-05-23 00:00:00
2010-05-24 00:00:00
2010-05-25 00:00:00
2010-05-26 00:00:00
2010-05-27 00:00:00
2010-05-28 00:00:00
2010-05-29 00:00:00
2010-07-04 00:00:00
2010-07-05 00:00:00
2010-07-06 00:00:00
2010-07-07 00:00:00
2010-07-08 00:00:00
2010-07-09 00:00:00
2010-07-10 00:00:00
2010-07-11 00:00:00
2010-07-12 00:00:00
2010-07-13 00:00:00
2010-07-14 00:00:00
2010-07-15 00:00:00
2010-07-16 00:00:00
2010-07-17 00:00:00
2010-07-18 00:00:00
2010-07-19 00:00:00
2010-07-20 00:00:00
2010-07-21 00:00:00
2010-07-22 00:00:00
2010-07-23 00:00:00
2010-07-24 00:00:00
2010-07-25 00:00:00
2010-07-26 00:00:00
2010-07-27 00:00:00
2010-07-28 00:00:00
2010-07-29 00:00:00
2010-07-30 00:00:00
2010-07-31 00:00:00
2010-08-01 00:00:00
2010-08-02 00:00:00
2010-08-03 00:00:00
2010-08-04 00:00:00
2010-08-05 00:00:00
2010-08-06 00:00:00
2010-08-07 00:00:00
2010-10-22 00:00:00
2010-10-23 00:00:00
2010-10-24 00:00:00
2010-10-25 00:00:00
2010-10-26 00:00:00
2010-10-27 00:00:00
2010-10-28 00:00:00
2010-10-29 00:00:00
2010-10-30 00:00:00
2010-10-31 00:00:00
2010-11-01 00:00:00
2010-11-02 00:00:00
2010-11-03 00:00:00
2010-11-04 00:00:00
2010-11-05 00:00:00
2010-11-06 00:00:00
2010-11-07 00:00:00
2010-11-08 00:00:00
2010-11-09 00:00:00
2010-11-10 00:00:00
2010-11-11 00:00:00
2010-11-12 00:00:00
2010-11-13 00:00:00
2010-11-14 00:00:00
2010-11-15 00:00:00
2010-11-16 00:00:00
2010-11-17 00:00:00
2010-11-18 00:00:00
2010-11-19 00:00:00
2010-11-20 00:00:00
2010-11-21 00:00:00
2010-11-22 00:00:00
2010-11-23 00:00:00
2010-11-24 00:00:00
2010-11-25 00:00:00
2010-11-26 00:00:00
2010-11-27 00:00:00
2010-11-28 00:00:00
2010-11-29 00:00:00
2010-11-30 00:00:00
2010-12-01 00:00:00
2010-12-02 00:00:00
2010-12-03 00:00:00
2010-12-04 00:00:00
2010-12-05 00:00:00
2010-12-06 00:00:00
2010-12-07 00:00:00
2010-12-08 00:00:00
2010-12-09 00:00:00
2010-12-10 00:00:00
2010-12-11 00:00:00
2010-12-12 00:00:00
2010-12-13 00:00:00
2010-12-14 00:00:00
2010-12-15 00:00:00
2010-12-16 00:00:00
2010-12-17 00:00:00
2010-12-18 00:00:00
2010-12-19 00:00:00
2010-12-20 00:00:00
2010-12-21 00:00:00
2010-12-22 00:00:00
2010-12-23 00:00:00
2010-12-24 00:00:00
2010-12-25 00:00:00
2010-12-26 00:00:00
2010-12-27 00:00:00
2010-12-28 00:00:00
2010-12-29 00:00:00
2010-12-30 00:00:00
2010-12-31 00:00:00
2011-01-04 00:00:00
2011-01-05 00:00:00
2011-01-06 00:00:00
2011-01-07 00:00:00
2011-01-08 00:00:00
2011-01-09 00:00:00
2011-01-10 00:00:00
2011-01-11 00:00:00
2011-01-12 00:00:00
2011-01-13 00:00:00
2011-01-14 00:00:00
2011-01-15 00:00:00
2011-01-16 00:00:00
2011-01-17 00:00:00
2011-01-18 00:00:00
2011-01-30 00:00:00
2011-01-31 00:00:00
2011-02-01 00:00:00
2011-02-04 00:00:00
2011-02-05 00:00:00
2011-02-06 00:00:00
2011-02-07 00:00:00
2011-02-08 00:00:00
2011-02-09 00:00:00
2011-02-10 00:00:00
2011-02-11 00:00:00
2011-02-12 00:00:00
2011-02-13 00:00:00
2011-02-14 00:00:00
2011-02-15 00:00:00
2011-02-16 00:00:00
2011-02-17 00:00:00
2011-02-18 00:00:00
2011-03-06 00:00:00
2011-03-07 00:00:00
2011-03-08 00:00:00
2011-03-09 00:00:00
2011-03-10 00:00:00
2011-03-11 00:00:00
2011-03-12 00:00:00
2011-03-13 00:00:00
2011-03-14 00:00:00
2011-03-15 00:00:00
2011-03-16 00:00:00
2011-03-17 00:00:00
2011-03-18 00:00:00
2011-03-19 00:00:00
2011-03-20 00:00:00
2011-03-21 00:00:00
2011-03-22 00:00:00
2011-03-23 00:00:00
2011-03-24 00:00:00
2011-03-25 00:00:00
2011-03-26 00:00:00
2011-03-27 00:00:00
2011-03-28 00:00:00
2011-03-29 00:00:00
2011-03-30 00:00:00
2011-03-31 00:00:00
2011-04-01 00:00:00
2011-04-02 00:00:00
2011-04-03 00:00:00
2011-04-04 00:00:00
2011-04-05 00:00:00
2011-04-06 00:00:00
2011-04-07 00:00:00
2011-04-08 00:00:00
2011-04-09 00:00:00
2011-04-10 00:00:00
2011-04-11 00:00:00
2011-04-12 00:00:00
2011-04-13 00:00:00
2011-04-14 00:00:00
2011-04-15 00:00:00
2011-04-16 00:00:00
2011-04-17 00:00:00
2011-04-18 00:00:00
2011-04-19 00:00:00
2011-04-20 00:00:00
2011-04-21 00:00:00
2011-04-22 00:00:00
2011-04-23 00:00:00
2011-04-24 00:00:00
2011-04-25 00:00:00
2011-04-26 00:00:00
2011-04-27 00:00:00
2011-04-28 00:00:00
2011-04-29 00:00:00
2011-04-30 00:00:00
2011-05-01 00:00:00
2011-05-02 00:00:00
2011-05-03 00:00:00
2011-05-04 00:00:00
2011-05-15 00:00:00
2011-05-16 00:00:00
2011-05-17 00:00:00
2011-05-18 00:00:00
2011-05-19 00:00:00
2011-05-20 00:00:00
2011-05-21 00:00:00
2011-05-22 00:00:00
2011-05-23 00:00:00
2011-05-24 00:00:00
2011-05-25 00:00:00
2011-05-26 00:00:00
2011-05-27 00:00:00
2011-05-28 00:00:00
2011-06-12 00:00:00
2011-06-13 00:00:00
2011-06-14 00:00:00
2011-06-15 00:00:00
2011-06-16 00:00:00
2011-06-17 00:00:00
2011-06-18 00:00:00
2011-06-19 00:00:00
2011-06-20 00:00:00
2011-06-21 00:00:00
2011-06-22 00:00:00
2011-06-23 00:00:00
2011-06-24 00:00:00
2011-06-25 00:00:00
2011-06-26 00:00:00
2011-06-27 00:00:00
2011-06-28 00:00:00
2011-06-29 00:00:00
2011-06-30 00:00:00
2011-07-01 00:00:00
2011-07-02 00:00:00
2011-07-03 00:00:00
2011-07-04 00:00:00
2011-07-05 00:00:00
2011-07-06 00:00:00
2011-07-07 00:00:00
2011-07-08 00:00:00
2011-07-09 00:00:00
2011-07-10 00:00:00
2011-07-11 00:00:00
2011-07-12 00:00:00
2011-07-13 00:00:00
2011-07-14 00:00:00
2011-07-15 00:00:00
2011-07-16 00:00:00
2011-07-17 00:00:00
2011-07-18 00:00:00
2011-07-19 00:00:00
2011-07-20 00:00:00
2011-07-21 00:00:00
2011-07-22 00:00:00
2011-07-23 00:00:00
2011-07-24 00:00:00
2011-07-25 00:00:00
2011-07-26 00:00:00
2011-07-27 00:00:00
2011-07-28 00:00:00
2011-07-29 00:00:00
2011-07-30 00:00:00
2011-07-31 00:00:00
2011-08-01 00:00:00
2011-08-02 00:00:00
2011-08-03 00:00:00
2011-08-04 00:00:00
2011-08-05 00:00:00
2011-08-06 00:00:00
2011-08-07 00:00:00
2011-08-08 00:00:00
2011-08-09 00:00:00
2011-08-10 00:00:00
2011-08-11 00:00:00
2011-08-12 00:00:00
2011-08-13 00:00:00
2011-08-14 00:00:00
2011-08-15 00:00:00
2011-08-16 00:00:00
2011-08-17 00:00:00
2011-08-18 00:00:00
2011-08-19 00:00:00
2011-08-20 00:00:00
2011-08-21 00:00:00
2011-08-22 00:00:00
2011-08-23 00:00:00
2011-08-24 00:00:00
2011-08-25 00:00:00
2011-08-26 00:00:00
2011-08-27 00:00:00
2011-08-28 00:00:00
2011-08-29 00:00:00
2011-08-30 00:00:00
2011-08-31 00:00:00
2011-09-01 00:00:00
2011-09-02 00:00:00
2011-09-03 00:00:00
2011-09-04 00:00:00
2011-09-05 00:00:00
2011-09-06 00:00:00
2011-09-07 00:00:00
2011-09-08 00:00:00
2011-09-09 00:00:00
2011-09-10 00:00:00
2011-09-11 00:00:00
2011-09-12 00:00:00
2011-09-13 00:00:00
2011-09-14 00:00:00
2011-09-15 00:00:00
2011-09-16 00:00:00
2011-09-17 00:00:00
2011-09-18 00:00:00
2011-09-19 00:00:00
2011-09-20 00:00:00
2011-09-21 00:00:00
2011-09-22 00:00:00
2011-09-23 00:00:00
2011-09-24 00:00:00
2011-09-25 00:00:00
2011-09-26 00:00:00
2011-09-27 00:00:00
2011-09-28 00:00:00
2011-09-29 00:00:00
2011-09-30 00:00:00
2011-10-01 00:00:00
2011-10-02 00:00:00
2011-10-03 00:00:00
2011-10-04 00:00:00
2011-10-05 00:00:00
2011-10-06 00:00:00
2011-10-07 00:00:00
2011-10-08 00:00:00
2011-10-09 00:00:00
2011-10-10 00:00:00
2011-10-11 00:00:00
2011-10-12 00:00:00
2011-10-13 00:00:00
2011-10-14 00:00:00
2011-10-15 00:00:00
2011-10-16 00:00:00
2011-10-30 00:00:00
2011-10-31 00:00:00
2011-11-01 00:00:00
2011-11-02 00:00:00
2011-11-03 00:00:00
2011-11-04 00:00:00
2011-11-05 00:00:00
2011-11-06 00:00:00
2011-11-07 00:00:00
2011-11-08 00:00:00
2011-11-09 00:00:00
2011-11-10 00:00:00
2011-11-11 00:00:00
2011-11-12 00:00:00
2011-11-20 00:00:00
2011-11-21 00:00:00
2011-11-22 00:00:00
2011-11-23 00:00:00
2011-11-24 00:00:00
2011-11-25 00:00:00
2011-11-26 00:00:00
2011-11-27 00:00:00
2011-11-28 00:00:00
2011-11-29 00:00:00
2011-11-30 00:00:00
2011-12-04 00:00:00
2012-02-14 00:00:00
2012-02-15 00:00:00
2012-02-16 00:00:00
2012-02-17 00:00:00
2012-02-18 00:00:00
2012-02-19 00:00:00
2012-02-20 00:00:00
2012-02-21 00:00:00
2012-02-22 00:00:00
2012-02-23 00:00:00
2012-02-24 00:00:00
2012-02-25 00:00:00
2012-02-26 00:00:00
2012-02-27 00:00:00
2012-02-28 00:00:00
2012-02-29 00:00:00
2012-03-01 00:00:00
2012-03-02 00:00:00
2012-03-03 00:00:00
2012-03-04 00:00:00
2012-03-05 00:00:00
2012-03-06 00:00:00
2012-03-07 00:00:00
2012-03-08 00:00:00
2012-03-09 00:00:00
2012-03-10 00:00:00
2012-03-11 00:00:00
2012-03-12 00:00:00
2012-03-13 00:00:00
2012-03-14 00:00:00
2012-03-18 00:00:00
2012-03-19 00:00:00
2012-03-20 00:00:00
2012-03-21 00:00:00
2012-03-22 00:00:00
2012-03-23 00:00:00
2012-03-24 00:00:00
2012-04-08 00:00:00
2012-04-09 00:00:00
2012-04-10 00:00:00
2012-04-11 00:00:00
2012-04-12 00:00:00
2012-04-13 00:00:00
2012-04-14 00:00:00
2012-04-15 00:00:00
2012-04-16 00:00:00
2012-04-17 00:00:00
2012-04-18 00:00:00
2012-04-19 00:00:00
2012-04-20 00:00:00
2012-04-21 00:00:00
2012-05-27 00:00:00
2012-05-28 00:00:00
2012-05-29 00:00:00
2012-05-30 00:00:00
2012-05-31 00:00:00
2012-06-01 00:00:00
2012-06-02 00:00:00
2012-06-24 00:00:00
2012-06-25 00:00:00
2012-06-26 00:00:00
2012-06-27 00:00:00
2012-06-28 00:00:00
2012-06-29 00:00:00
2012-06-30 00:00:00
2012-07-01 00:00:00
2012-07-02 00:00:00
2012-07-03 00:00:00
2012-07-04 00:00:00
2012-07-05 00:00:00
2012-07-06 00:00:00
2012-07-07 00:00:00
2012-07-08 00:00:00
2012-07-09 00:00:00
2012-07-10 00:00:00
2012-07-11 00:00:00
2012-07-12 00:00:00
2012-08-05 00:00:00
2012-08-06 00:00:00
2012-08-07 00:00:00
2012-08-08 00:00:00
2012-08-09 00:00:00
2012-08-10 00:00:00
2012-08-11 00:00:00
2012-09-16 00:00:00
2012-09-17 00:00:00
2012-09-18 00:00:00
2012-09-19 00:00:00
2012-09-20 00:00:00
2012-09-21 00:00:00
2012-09-22 00:00:00
2012-09-23 00:00:00
2012-09-24 00:00:00
2012-09-25 00:00:00
2012-09-26 00:00:00
2012-09-27 00:00:00
2012-09-28 00:00:00
2012-09-29 00:00:00
2012-09-30 00:00:00
2012-10-01 00:00:00
2012-10-02 00:00:00
2012-10-03 00:00:00
2012-10-04 00:00:00
2012-10-05 00:00:00
2012-10-06 00:00:00
2012-10-07 00:00:00
2012-10-08 00:00:00
2012-10-09 00:00:00
2012-10-10 00:00:00
2012-10-11 00:00:00
2012-10-12 00:00:00
2012-10-13 00:00:00
2012-10-14 00:00:00
2012-10-15 00:00:00
2012-10-16 00:00:00
2012-10-17 00:00:00
2012-10-18 00:00:00
2012-10-19 00:00:00
2012-10-20 00:00:00
2012-10-21 00:00:00
2012-10-22 00:00:00
2012-10-23 00:00:00
2012-10-24 00:00:00
2012-10-25 00:00:00
2012-11-04 00:00:00
2012-11-05 00:00:00
2012-11-06 00:00:00
2012-11-07 00:00:00
2012-11-08 00:00:00
2012-11-09 00:00:00
2012-11-10 00:00:00
2012-11-11 00:00:00
2012-11-12 00:00:00
2012-11-13 00:00:00
2012-11-14 00:00:00
2012-11-15 00:00:00
2012-11-16 00:00:00
2012-11-17 00:00:00
2012-11-18 00:00:00
2012-11-19 00:00:00
2012-11-20 00:00:00
2012-11-21 00:00:00
2012-11-22 00:00:00
2012-11-23 00:00:00
2012-11-24 00:00:00
2012-11-25 00:00:00
2012-11-26 00:00:00
2012-11-27 00:00:00
2012-11-28 00:00:00
2012-11-29 00:00:00
2012-11-30 00:00:00
2012-12-01 00:00:00
2012-12-02 00:00:00
2012-12-03 00:00:00
2012-12-04 00:00:00
2012-12-05 00:00:00
2012-12-06 00:00:00
2012-12-07 00:00:00
2012-12-08 00:00:00
2012-12-09 00:00:00
2012-12-10 00:00:00
2012-12-11 00:00:00
2012-12-12 00:00:00
2012-12-13 00:00:00
2012-12-14 00:00:00
2012-12-15 00:00:00
2012-12-16 00:00:00
2012-12-17 00:00:00
2012-12-18 00:00:00
2012-12-19 00:00:00
2012-12-20 00:00:00
2012-12-21 00:00:00
2012-12-22 00:00:00
2012-12-23 00:00:00
2012-12-24 00:00:00
2012-12-25 00:00:00
2012-12-26 00:00:00
2012-12-27 00:00:00
2012-12-28 00:00:00
2012-12-29 00:00:00
2012-12-30 00:00:00
2012-12-31 00:00:00
2013-01-01 00:00:00
2013-01-02 00:00:00
2013-01-03 00:00:00
2013-01-04 00:00:00
2013-01-05 00:00:00
2013-01-06 00:00:00
2013-01-07 00:00:00
2013-01-08 00:00:00
2013-01-09 00:00:00
2013-01-10 00:00:00
2013-01-11 00:00:00
2013-01-12 00:00:00
2013-01-24 00:00:00
2013-01-25 00:00:00
2013-01-26 00:00:00
2013-01-27 00:00:00
2013-01-28 00:00:00
2013-01-29 00:00:00
2013-01-30 00:00:00
2013-01-31 00:00:00
2013-02-01 00:00:00
2013-02-02 00:00:00
2013-02-03 00:00:00
2013-02-04 00:00:00
2013-02-05 00:00:00
2013-02-06 00:00:00
2013-02-07 00:00:00
2013-03-10 00:00:00
2013-03-11 00:00:00
2013-03-12 00:00:00
2013-03-13 00:00:00
2013-03-14 00:00:00
2013-03-15 00:00:00
2013-03-16 00:00:00
2013-03-17 00:00:00
2013-03-18 00:00:00
2013-03-19 00:00:00
2013-03-20 00:00:00
2013-03-21 00:00:00
2013-03-22 00:00:00
2013-03-23 00:00:00
2013-03-24 00:00:00
2013-03-25 00:00:00
2013-03-26 00:00:00
2013-03-27 00:00:00
2013-03-28 00:00:00
2013-03-29 00:00:00
2013-03-30 00:00:00
2013-03-31 00:00:00
2013-04-01 00:00:00
2013-04-02 00:00:00
2013-04-03 00:00:00
2013-04-04 00:00:00
2013-04-05 00:00:00
2013-04-06 00:00:00
2013-04-07 00:00:00
2013-04-08 00:00:00
2013-05-05 00:00:00
2013-05-06 00:00:00
2013-05-07 00:00:00
2013-05-08 00:00:00
2013-05-09 00:00:00
2013-05-10 00:00:00
2013-05-11 00:00:00
2013-05-12 00:00:00
2013-05-13 00:00:00
2013-05-14 00:00:00
2013-05-15 00:00:00
2013-05-16 00:00:00
2013-05-17 00:00:00
2013-05-18 00:00:00
2013-06-08 00:00:00
2013-06-09 00:00:00
2013-06-10 00:00:00
2013-06-11 00:00:00
2013-06-12 00:00:00
2013-06-13 00:00:00
2013-06-14 00:00:00
2013-06-15 00:00:00
2013-06-16 00:00:00
2013-06-17 00:00:00
2013-06-18 00:00:00
2013-06-19 00:00:00
2013-06-20 00:00:00
2013-06-21 00:00:00
2013-06-22 00:00:00
2013-07-08 00:00:00
2013-07-09 00:00:00
2013-07-10 00:00:00
2013-07-11 00:00:00
2013-07-12 00:00:00
2013-07-13 00:00:00
2013-07-14 00:00:00
2013-07-15 00:00:00
2013-07-16 00:00:00
2013-07-17 00:00:00
2013-07-18 00:00:00
2013-07-19 00:00:00
2013-07-20 00:00:00
2013-07-21 00:00:00
2013-07-22 00:00:00
2013-08-25 00:00:00
2013-08-26 00:00:00
2013-08-27 00:00:00
2013-08-28 00:00:00
2013-08-29 00:00:00
2013-08-30 00:00:00
2013-08-31 00:00:00
2013-09-01 00:00:00
2013-09-02 00:00:00
2013-09-03 00:00:00
2013-09-04 00:00:00
2013-09-05 00:00:00
2013-09-06 00:00:00
2013-09-07 00:00:00
2013-09-08 00:00:00
2013-09-09 00:00:00
2013-09-10 00:00:00
2013-09-11 00:00:00
2013-09-12 00:00:00
2013-09-13 00:00:00
2013-09-14 00:00:00
2013-10-27 00:00:00
2013-10-28 00:00:00
2013-10-29 00:00:00
2013-10-30 00:00:00
2013-10-31 00:00:00
2013-11-01 00:00:00
2013-11-02 00:00:00
2013-11-30 00:00:00
2013-12-01 00:00:00
2013-12-02 00:00:00
2013-12-03 00:00:00
2013-12-04 00:00:00
2013-12-05 00:00:00
2013-12-06 00:00:00
2013-12-07 00:00:00
2013-12-08 00:00:00
2013-12-09 00:00:00
2013-12-10 00:00:00
2013-12-11 00:00:00
2013-12-12 00:00:00
2013-12-13 00:00:00
2013-12-14 00:00:00
2013-12-15 00:00:00
2013-12-16 00:00:00
2013-12-17 00:00:00
2013-12-18 00:00:00
2013-12-19 00:00:00
2013-12-21 00:00:00
2013-12-22 00:00:00
2013-12-23 00:00:00
2013-12-24 00:00:00
2013-12-25 00:00:00
2013-12-26 00:00:00
2013-12-27 00:00:00
2013-12-28 00:00:00
2013-12-29 00:00:00
2013-12-30 00:00:00
2013-12-31 00:00:00
2014-01-01 00:00:00
2014-01-02 00:00:00
2014-01-03 00:00:00
2014-01-04 00:00:00
2014-01-05 00:00:00
2014-01-06 00:00:00
2014-01-07 00:00:00
2014-01-08 00:00:00
2014-01-09 00:00:00
2014-01-10 00:00:00
2014-01-11 00:00:00
2014-01-12 00:00:00
2014-01-13 00:00:00
2014-01-14 00:00:00
2014-01-15 00:00:00
2014-01-16 00:00:00
2014-01-17 00:00:00
2014-01-18 00:00:00
2014-01-19 00:00:00
2014-01-20 00:00:00
2014-01-21 00:00:00
2014-01-22 00:00:00
2014-01-23 00:00:00
2014-01-24 00:00:00
2014-01-25 00:00:00
2014-02-04 00:00:00
2014-02-05 00:00:00
2014-02-06 00:00:00
2014-02-07 00:00:00
2014-02-08 00:00:00
2014-02-09 00:00:00
2014-02-10 00:00:00
2014-02-11 00:00:00
2014-02-12 00:00:00
2014-02-13 00:00:00
2014-02-14 00:00:00
2014-02-15 00:00:00
2014-02-16 00:00:00
2014-02-17 00:00:00
2014-02-18 00:00:00
2014-02-19 00:00:00
2014-02-20 00:00:00
2014-02-21 00:00:00
2014-02-22 00:00:00
2014-02-23 00:00:00
2014-02-24 00:00:00
2014-02-25 00:00:00
2014-02-26 00:00:00
2014-02-27 00:00:00
2014-02-28 00:00:00
2014-03-01 00:00:00
2014-03-02 00:00:00
2014-03-03 00:00:00
2014-03-04 00:00:00
2014-03-05 00:00:00
2014-03-06 00:00:00
2014-03-07 00:00:00
2014-03-08 00:00:00
2014-03-09 00:00:00
2014-05-09 00:00:00
2014-05-10 00:00:00
2014-05-11 00:00:00
2014-05-12 00:00:00
2014-05-13 00:00:00
2014-05-14 00:00:00
2014-05-15 00:00:00
2014-05-16 00:00:00
2014-05-17 00:00:00
2014-05-18 00:00:00
2014-05-19 00:00:00
2014-05-20 00:00:00
2014-05-21 00:00:00
2014-05-22 00:00:00
2014-05-23 00:00:00
2014-05-24 00:00:00
2014-05-25 00:00:00
2014-05-26 00:00:00
2014-05-27 00:00:00
2014-05-28 00:00:00
2014-05-29 00:00:00
2014-05-30 00:00:00
2014-05-31 00:00:00
2014-06-01 00:00:00
2014-06-02 00:00:00
2014-06-03 00:00:00
2014-06-04 00:00:00
2014-06-05 00:00:00
2014-06-06 00:00:00
2014-06-07 00:00:00
2014-06-08 00:00:00
2014-06-09 00:00:00
2014-06-18 00:00:00
2014-06-19 00:00:00
2014-06-20 00:00:00
2014-06-21 00:00:00
2014-06-22 00:00:00
2014-06-23 00:00:00
2014-10-05 00:00:00
2014-10-06 00:00:00
2014-10-07 00:00:00
2014-10-08 00:00:00
2014-10-09 00:00:00
2014-10-10 00:00:00
2014-10-11 00:00:00
2014-10-19 00:00:00
2014-10-20 00:00:00
2014-10-21 00:00:00
2014-10-22 00:00:00
2014-10-23 00:00:00
2014-10-24 00:00:00
2014-10-25 00:00:00
2014-10-26 00:00:00
2014-10-27 00:00:00
2014-10-28 00:00:00
2014-10-29 00:00:00
2014-10-30 00:00:00
2014-10-31 00:00:00
2014-11-01 00:00:00
2014-11-02 00:00:00
2014-11-03 00:00:00
2014-11-04 00:00:00
2014-11-05 00:00:00
2014-11-06 00:00:00
2014-11-07 00:00:00
2014-11-08 00:00:00
2014-11-12 00:00:00
2014-11-13 00:00:00
2014-11-14 00:00:00
2014-11-15 00:00:00
2014-11-16 00:00:00
2014-11-17 00:00:00
2014-11-18 00:00:00
2014-11-19 00:00:00
2014-11-20 00:00:00
2014-11-21 00:00:00
2014-11-22 00:00:00
2014-11-23 00:00:00
2014-11-24 00:00:00
2014-11-25 00:00:00
2014-11-26 00:00:00
2014-11-27 00:00:00
2014-11-28 00:00:00
2014-11-29 00:00:00
2014-11-30 00:00:00
2014-12-01 00:00:00
2014-12-02 00:00:00
2014-12-03 00:00:00
2014-12-04 00:00:00
2014-12-05 00:00:00
2014-12-06 00:00:00
2014-12-07 00:00:00
2014-12-08 00:00:00
2014-12-09 00:00:00
2014-12-10 00:00:00
2014-12-11 00:00:00
2014-12-12 00:00:00
2014-12-13 00:00:00
2014-12-14 00:00:00
2014-12-15 00:00:00
2014-12-16 00:00:00
2014-12-17 00:00:00
2014-12-18 00:00:00
2014-12-19 00:00:00
2014-12-20 00:00:00
2014-12-21 00:00:00
2014-12-22 00:00:00
2014-12-23 00:00:00
2014-12-24 00:00:00
2014-12-25 00:00:00
2014-12-26 00:00:00
2014-12-27 00:00:00
2014-12-28 00:00:00
2014-12-29 00:00:00
2014-12-30 00:00:00
2014-12-31 00:00:00
2015-01-01 00:00:00
2015-01-02 00:00:00
2015-01-03 00:00:00
2015-01-04 00:00:00
2015-01-05 00:00:00
2015-01-06 00:00:00
2015-01-07 00:00:00
2015-01-08 00:00:00
2015-01-09 00:00:00
2015-01-10 00:00:00
2015-01-11 00:00:00
2015-01-12 00:00:00
2015-01-13 00:00:00
2015-01-14 00:00:00
2015-01-15 00:00:00
2015-01-16 00:00:00
2015-01-17 00:00:00
2015-01-18 00:00:00
2015-01-19 00:00:00
2015-01-20 00:00:00
2015-01-21 00:00:00
2015-01-22 00:00:00
2015-01-23 00:00:00
2015-01-24 00:00:00
2015-01-25 00:00:00
2015-01-26 00:00:00
2015-01-27 00:00:00
2015-01-28 00:00:00
2015-01-29 00:00:00
2015-01-30 00:00:00
2015-01-31 00:00:00
2015-02-01 00:00:00
2015-02-02 00:00:00
2015-02-03 00:00:00
2015-02-04 00:00:00
2015-02-05 00:00:00
2015-02-06 00:00:00
2015-02-07 00:00:00
2015-02-08 00:00:00
2015-02-09 00:00:00
2015-02-10 00:00:00
2015-02-11 00:00:00
2015-02-12 00:00:00
2015-02-13 00:00:00
2015-02-14 00:00:00
2015-02-15 00:00:00
2015-02-16 00:00:00
2015-02-17 00:00:00
2015-02-18 00:00:00
2015-02-19 00:00:00
2015-02-20 00:00:00
2015-02-21 00:00:00
2015-02-22 00:00:00
2015-02-23 00:00:00
2015-02-24 00:00:00
2015-02-25 00:00:00
2015-02-26 00:00:00
2015-02-27 00:00:00
2015-02-28 00:00:00
2015-03-01 00:00:00
2015-03-02 00:00:00
2015-03-03 00:00:00
2015-03-04 00:00:00
2015-03-05 00:00:00
2015-03-06 00:00:00
2015-03-07 00:00:00
2015-03-08 00:00:00
2015-03-09 00:00:00
2015-03-10 00:00:00
2015-03-11 00:00:00
2015-03-12 00:00:00
2015-03-13 00:00:00
2015-03-14 00:00:00
2015-03-15 00:00:00
2015-03-16 00:00:00
2015-03-17 00:00:00
2015-03-18 00:00:00
2015-03-19 00:00:00
2015-03-20 00:00:00
2015-03-21 00:00:00
2015-03-22 00:00:00
2015-03-23 00:00:00
2015-03-24 00:00:00
2015-03-25 00:00:00
2015-03-26 00:00:00
2015-03-27 00:00:00
2015-03-28 00:00:00
2015-03-29 00:00:00
2015-03-30 00:00:00
2015-03-31 00:00:00
2015-04-01 00:00:00
2015-04-02 00:00:00
2015-04-03 00:00:00
2015-04-04 00:00:00
2015-04-05 00:00:00
2015-04-06 00:00:00
2015-04-07 00:00:00
2015-04-08 00:00:00
2015-04-09 00:00:00
2015-04-10 00:00:00
2015-04-11 00:00:00
2015-04-12 00:00:00
2015-04-13 00:00:00
2015-04-14 00:00:00
2015-04-15 00:00:00
2015-04-16 00:00:00
2015-04-17 00:00:00
2015-04-18 00:00:00
2015-04-19 00:00:00
2015-04-20 00:00:00
2015-04-21 00:00:00
2015-04-22 00:00:00
2015-04-23 00:00:00
2015-04-24 00:00:00
2015-04-25 00:00:00
2015-04-26 00:00:00
2015-04-27 00:00:00
2015-04-28 00:00:00
2015-04-29 00:00:00
2015-04-30 00:00:00
2015-05-01 00:00:00
2015-05-02 00:00:00
2015-05-03 00:00:00
2015-05-04 00:00:00
2015-05-05 00:00:00
2015-05-06 00:00:00
2015-05-07 00:00:00
2015-05-08 00:00:00
2015-05-09 00:00:00
2015-05-10 00:00:00
2015-05-11 00:00:00
2015-05-12 00:00:00
2015-05-13 00:00:00
2015-05-14 00:00:00
2015-05-15 00:00:00
2015-05-16 00:00:00
2015-05-17 00:00:00
2015-05-18 00:00:00
2015-05-19 00:00:00
2015-05-20 00:00:00
2015-05-21 00:00:00
2015-05-22 00:00:00
2015-05-23 00:00:00
2015-05-24 00:00:00
2015-05-25 00:00:00
2015-05-26 00:00:00
2015-05-27 00:00:00
2015-05-28 00:00:00
2015-05-29 00:00:00
2015-05-30 00:00:00
2015-05-31 00:00:00
2015-06-01 00:00:00
2015-06-02 00:00:00
2015-06-03 00:00:00
2015-06-04 00:00:00
2015-06-05 00:00:00
2015-06-06 00:00:00
2015-06-07 00:00:00
2015-06-08 00:00:00
2015-06-09 00:00:00
2015-06-10 00:00:00
2015-06-11 00:00:00
2015-06-12 00:00:00
2015-06-13 00:00:00
2015-06-14 00:00:00
2015-06-15 00:00:00
2015-06-16 00:00:00
2015-06-17 00:00:00
2015-06-18 00:00:00
News Data
Start Date, End Date,News Source,Link,Days,Reason,Comment,Days Reported
2010-12-15,2010-12-20,The Hindu,http://www.thehindu.com/business/Economy/imported-onion-arrive-from-pakistan/article965607.ece,5,not stated,,0
2010-12-16,2010-12-20,The Hindu,http://www.thehindu.com/business/Economy/imported-onion-arrive-from-pakistan/article965607.ece,4,not stated,,0
2010-12-17,2010-12-20,The Hindu,http://www.thehindu.com/business/Economy/imported-onion-arrive-from-pakistan/article965607.ece,3,not stated,,0
2010-12-18,2010-12-20,The Hindu,http://www.thehindu.com/business/Economy/imported-onion-arrive-from-pakistan/article965607.ece,2,not stated,,0
2010-12-19,2010-12-20,The Hindu,http://www.thehindu.com/business/Economy/imported-onion-arrive-from-pakistan/article965607.ece,1,not stated,,0
2010-12-20,2010-12-20,The Hindu,http://www.thehindu.com/business/Economy/imported-onion-arrive-from-pakistan/article965607.ece,0,not stated,,0
2010-12-21,2010-12-20,The Hindu,http://www.thehindu.com/business/Economy/imported-onion-arrive-from-pakistan/article965607.ece,-1,not stated,,0
2010-12-22,2010-12-20,The Hindu,http://www.thehindu.com/business/Economy/imported-onion-arrive-from-pakistan/article965607.ece,-2,not stated,,0
2010-12-23,2010-12-20,The Hindu,http://www.thehindu.com/business/Economy/imported-onion-arrive-from-pakistan/article965607.ece,-3,not stated,,0
2010-12-24,2010-12-20,The Hindu,http://www.thehindu.com/business/Economy/imported-onion-arrive-from-pakistan/article965607.ece,-4,not stated,,0
2010-12-25,2010-12-20,The Hindu,http://www.thehindu.com/business/Economy/imported-onion-arrive-from-pakistan/article965607.ece,-5,not stated,,0
2010-12-26,2010-12-21,The Economic Times,http://articles.economictimes.indiatimes.com/2010-12-21/news/27586208_1_minimum-export-price-onion-prices-mep,-5,traders nexus,,0
2010-12-27,2010-12-23,NDTV,http://www.ndtv.com/india-news/food-inflation-spikes-govt-blames-the-onion-442821,-4,traders nexus,,0
2010-12-28,2010-12-23,NDTV,http://www.ndtv.com/india-news/food-inflation-spikes-govt-blames-the-onion-442821,-5,traders nexus,,0
2010-12-31,2011-01-05,NDTV,http://www.ndtv.com/india-news/bjp-slams-government-over-split-views-on-inflation-444119,5,not stated,BJP slams government over split views on inflation,365
2011-01-04,2011-01-05,NDTV,http://www.ndtv.com/india-news/bjp-slams-government-over-split-views-on-inflation-444119,1,not stated,BJP slams government over split views on inflation,365
2011-01-05,2011-01-05,NDTV,http://www.ndtv.com/india-news/bjp-slams-government-over-split-views-on-inflation-444119,0,not stated,BJP slams government over split views on inflation,365
2011-01-06,2011-01-05,NDTV,http://www.ndtv.com/india-news/bjp-slams-government-over-split-views-on-inflation-444119,-1,not stated,BJP slams government over split views on inflation,365
2011-01-07,2011-01-05,NDTV,http://www.ndtv.com/india-news/bjp-slams-government-over-split-views-on-inflation-444119,-2,not stated,BJP slams government over split views on inflation,365
2011-01-08,2011-01-05,NDTV,http://www.ndtv.com/india-news/bjp-slams-government-over-split-views-on-inflation-444119,-3,not stated,BJP slams government over split views on inflation,365
2011-01-09,2011-01-05,NDTV,http://www.ndtv.com/india-news/bjp-slams-government-over-split-views-on-inflation-444119,-4,not stated,BJP slams government over split views on inflation,365
2011-01-10,2011-01-05,NDTV,http://www.ndtv.com/india-news/bjp-slams-government-over-split-views-on-inflation-444119,-5,not stated,BJP slams government over split views on inflation,365
2011-01-11,2011-01-06,The Times of India,http://timesofindia.indiatimes.com/business/india-business/-Retail-onion-prices-up-by-Rs-5-10/kg-on-Pak-export-ban-reports/articleshow/7230895.cms,-5,Pak banned export,,0
2011-01-12,2011-01-07,The Hindu,http://www.thehindu.com/business/act-swiftly-against-hoarders-pranab/article1051003.ece,-5,traders nexus,main article on inflation, but it says due to hoarding onion prices are high.,0
2012-12-22,2012-12-27,The Times of India,http://timesofindia.indiatimes.com/india/Onion-prices-80-higher-than-last-year/articleshow/17774280.cms,5,traders nexus,no,0
2012-12-23,2012-12-27,The Times of India,http://timesofindia.indiatimes.com/india/Onion-prices-80-higher-than-last-year/articleshow/17774280.cms,4,traders nexus,no,0
2012-12-24,2012-12-27,The Times of India,http://timesofindia.indiatimes.com/india/Onion-prices-80-higher-than-last-year/articleshow/17774280.cms,3,traders nexus,no,0
2012-12-25,2012-12-27,The Times of India,http://timesofindia.indiatimes.com/india/Onion-prices-80-higher-than-last-year/articleshow/17774280.cms,2,traders nexus,no,0
2012-12-26,2012-12-27,The Times of India,http://timesofindia.indiatimes.com/india/Onion-prices-80-higher-than-last-year/articleshow/17774280.cms,1,traders nexus,no,0
2012-12-27,2012-12-27,The Times of India,http://timesofindia.indiatimes.com/india/Onion-prices-80-higher-than-last-year/articleshow/17774280.cms,0,traders nexus,no,0
2012-12-28,2012-12-27,The Times of India,http://timesofindia.indiatimes.com/india/Onion-prices-80-higher-than-last-year/articleshow/17774280.cms,-1,traders nexus,no,0
2012-12-29,2012-12-27,The Times of India,http://timesofindia.indiatimes.com/india/Onion-prices-80-higher-than-last-year/articleshow/17774280.cms,-2,traders nexus,no,0
2012-12-30,2012-12-27,The Times of India,http://timesofindia.indiatimes.com/india/Onion-prices-80-higher-than-last-year/articleshow/17774280.cms,-3,traders nexus,no,0
2012-12-31,2012-12-27,The Times of India,http://timesofindia.indiatimes.com/india/Onion-prices-80-higher-than-last-year/articleshow/17774280.cms,-4,traders nexus,no,0
2013-01-01,2012-12-27,The Times of India,http://timesofindia.indiatimes.com/india/Onion-prices-80-higher-than-last-year/articleshow/17774280.cms,-5,traders nexus,no,0
2013-01-24,2013-01-22,Business Standard,http://www.business-standard.com/article/markets/onion-prices-up-sharply-on-transport-cost-113012200072_1.html,-2,traders nexus,,14
2013-01-25,2013-01-22,Business Standard,http://www.business-standard.com/article/markets/onion-prices-up-sharply-on-transport-cost-113012200072_1.html,-3,traders nexus,,14
2013-01-26,2013-01-22,Business Standard,http://www.business-standard.com/article/markets/onion-prices-up-sharply-on-transport-cost-113012200072_1.html,-4,traders nexus,,14
2013-01-27,2013-01-22,Business Standard,http://www.business-standard.com/article/markets/onion-prices-up-sharply-on-transport-cost-113012200072_1.html,-5,traders nexus,,14
2013-01-28,2013-01-30,First Post,http://www.firstpost.com/business/economy/rise-in-onion-prices-temporary-phenomenon-pawar-607494.html,2,low production,Low production bcz of drought and speculation of low production is leading to low supply,0
2013-01-29,2013-01-30,First Post,http://www.firstpost.com/business/economy/rise-in-onion-prices-temporary-phenomenon-pawar-607494.html,1,low production,Low production bcz of drought and speculation of low production is leading to low supply,0
2013-01-30,2013-01-30,First Post,http://www.firstpost.com/business/economy/rise-in-onion-prices-temporary-phenomenon-pawar-607494.html,0,low production,Low production bcz of drought and speculation of low production is leading to low supply,0
2013-01-31,2013-01-30,First Post,http://www.firstpost.com/business/economy/rise-in-onion-prices-temporary-phenomenon-pawar-607494.html,-1,low production,Low production bcz of drought and speculation of low production is leading to low supply,0
2013-02-01,2013-01-30,First Post,http://www.firstpost.com/business/economy/rise-in-onion-prices-temporary-phenomenon-pawar-607494.html,-2,low production,Low production bcz of drought and speculation of low production is leading to low supply,0
2013-02-02,2013-01-30,First Post,http://www.firstpost.com/business/economy/rise-in-onion-prices-temporary-phenomenon-pawar-607494.html,-3,low production,Low production bcz of drought and speculation of low production is leading to low supply,0
2013-02-03,2013-01-30,First Post,http://www.firstpost.com/business/economy/rise-in-onion-prices-temporary-phenomenon-pawar-607494.html,-4,low production,Low production bcz of drought and speculation of low production is leading to low supply,0
2013-02-04,2013-01-30,First Post,http://www.firstpost.com/business/economy/rise-in-onion-prices-temporary-phenomenon-pawar-607494.html,-5,low production,Low production bcz of drought and speculation of low production is leading to low supply,0
2013-02-05,2013-02-02,NDTV,http://www.ndtv.com/delhi-news/onions-rs-35-a-kg-govt-may-step-in-to-control-prices-512075,-3,poor monsoon,,30
2013-02-06,2013-02-02,NDTV,http://www.ndtv.com/delhi-news/onions-rs-35-a-kg-govt-may-step-in-to-control-prices-512075,-4,poor monsoon,,30
2013-02-07,2013-02-02,NDTV,http://www.ndtv.com/delhi-news/onions-rs-35-a-kg-govt-may-step-in-to-control-prices-512075,-5,poor monsoon,,30
2013-07-08,2013-07-03,Business Standard,http://www.business-standard.com/article/markets/heavy-crop-damage-in-hilly-states-lifts-onion-potato-prices-113070300796_1.html,-5,traders nexus,North India affected basically because of flood,15
2013-07-12,2013-07-17,The Times of India,http://timesofindia.indiatimes.com/business/india-business/Onion-prices-at-two-and-a-half-year-high/articleshow/21125776.cms,5,unseasonal rainfall,no,None
2013-07-13,2013-07-17,The Times of India,http://timesofindia.indiatimes.com/business/india-business/Onion-prices-at-two-and-a-half-year-high/articleshow/21125776.cms,4,unseasonal rainfall,no,None
2013-07-14,2013-07-17,The Times of India,http://timesofindia.indiatimes.com/business/india-business/Onion-prices-at-two-and-a-half-year-high/articleshow/21125776.cms,3,unseasonal rainfall,no,None
2013-07-15,2013-07-17,The Times of India,http://timesofindia.indiatimes.com/business/india-business/Onion-prices-at-two-and-a-half-year-high/articleshow/21125776.cms,2,unseasonal rainfall,no,None
2013-07-16,2013-07-17,The Times of India,http://timesofindia.indiatimes.com/business/india-business/Onion-prices-at-two-and-a-half-year-high/articleshow/21125776.cms,1,unseasonal rainfall,no,None
2013-07-17,2013-07-17,The Times of India,http://timesofindia.indiatimes.com/business/india-business/Onion-prices-at-two-and-a-half-year-high/articleshow/21125776.cms,0,unseasonal rainfall,no,None
2013-07-18,2013-07-17,The Times of India,http://timesofindia.indiatimes.com/business/india-business/Onion-prices-at-two-and-a-half-year-high/articleshow/21125776.cms,-1,unseasonal rainfall,no,None
2013-07-19,2013-07-17,The Times of India,http://timesofindia.indiatimes.com/business/india-business/Onion-prices-at-two-and-a-half-year-high/articleshow/21125776.cms,-2,unseasonal rainfall,no,None
2013-07-20,2013-07-17,The Times of India,http://timesofindia.indiatimes.com/business/india-business/Onion-prices-at-two-and-a-half-year-high/articleshow/21125776.cms,-3,unseasonal rainfall,no,None
2013-07-21,2013-07-17,The Times of India,http://timesofindia.indiatimes.com/business/india-business/Onion-prices-at-two-and-a-half-year-high/articleshow/21125776.cms,-4,unseasonal rainfall,no,None
2013-07-22,2013-07-17,The Times of India,http://timesofindia.indiatimes.com/business/india-business/Onion-prices-at-two-and-a-half-year-high/articleshow/21125776.cms,-5,unseasonal rainfall,no,None
2013-08-25,2013-08-21,The Hindu,http://www.thehindu.com/business/Industry/onion-prices-jump-to-rs-80kg-again/article5044776.ece,-4,low supply,Prices hiked again,0
2013-08-26,2013-08-21,The Hindu,http://www.thehindu.com/business/Industry/onion-prices-jump-to-rs-80kg-again/article5044776.ece,-5,low supply,Prices hiked again,0
2013-08-27,2013-08-22,Money Control,http://www.moneycontrol.com/news/economy/onion-prices-shoot-back-to-rs-80kgmany-partsindia_939103.html,-5,not stated,,1
2013-08-29,2013-09-03,NDTV,http://www.ndtv.com/india-news/onion-prices-may-ease-when-south-india-crop-hits-market-government-533474,5,low supply,,0
2013-08-30,2013-09-03,NDTV,http://www.ndtv.com/india-news/onion-prices-may-ease-when-south-india-crop-hits-market-government-533474,4,low supply,,0
2013-08-31,2013-09-03,NDTV,http://www.ndtv.com/india-news/onion-prices-may-ease-when-south-india-crop-hits-market-government-533474,3,low supply,,0
2013-09-01,2013-09-03,NDTV,http://www.ndtv.com/india-news/onion-prices-may-ease-when-south-india-crop-hits-market-government-533474,2,low supply,,0
2013-09-02,2013-09-03,NDTV,http://www.ndtv.com/india-news/onion-prices-may-ease-when-south-india-crop-hits-market-government-533474,1,low supply,,0
2013-09-03,2013-09-03,NDTV,http://www.ndtv.com/india-news/onion-prices-may-ease-when-south-india-crop-hits-market-government-533474,0,low supply,,0
2013-09-04,2013-09-03,NDTV,http://www.ndtv.com/india-news/onion-prices-may-ease-when-south-india-crop-hits-market-government-533474,-1,low supply,,0
2013-09-05,2013-09-03,NDTV,http://www.ndtv.com/india-news/onion-prices-may-ease-when-south-india-crop-hits-market-government-533474,-2,low supply,,0
2013-09-06,2013-09-03,NDTV,http://www.ndtv.com/india-news/onion-prices-may-ease-when-south-india-crop-hits-market-government-533474,-3,low supply,,0
2013-09-07,2013-09-03,NDTV,http://www.ndtv.com/india-news/onion-prices-may-ease-when-south-india-crop-hits-market-government-533474,-4,low supply,,0
2013-09-08,2013-09-03,NDTV,http://www.ndtv.com/india-news/onion-prices-may-ease-when-south-india-crop-hits-market-government-533474,-5,low supply,,0
2013-09-13,2013-09-18,The Times of India,http://timesofindia.indiatimes.com/india/Onion-price-rise-may-be-due-to-hoarding-Centre/articleshow/22672225.cms,5,traders nexus,no,None
2013-09-14,2013-09-18,The Times of India,http://timesofindia.indiatimes.com/india/Onion-price-rise-may-be-due-to-hoarding-Centre/articleshow/22672225.cms,4,traders nexus,no,None
2013-10-27,2013-10-22,NDTV,http://profit.ndtv.com/news/cheat-sheet/article-why-onion-prices-are-inching-towards-rs-100-per-kg-370138,-5,low supply,,0
2013-10-28,2013-10-23,The Economic Times,http://articles.economictimes.indiatimes.com/2013-10-23/news/43326601_1_nafed-tender-onion-crop,-5,traders nexus,no,None
2013-10-29,2013-10-24,The Hindu,http://www.thehindu.com/business/Industry/india-floats-tender-for-import-of-onions/article5264970.ece,-5,traders nexus,,10
2013-10-30,2013-10-25,Money Control,http://www.moneycontrol.com/news/economy/onion-prices-remain-high-at-rs-100kg-crisis-to-continue_976318.html,-5,traders nexus,,7
2013-10-31,2013-10-26,NDTV,http://www.ndtv.com/india-news/chief-ministers-onion-mission-begins-in-assam-538929,-5,Not mentioned,,0
2013-11-01,2013-10-28,DNA,http://www.dnaindia.com/mumbai/report-dna-exclusive-traders-not-farmers-making-the-most-of-soaring-onion-price-1909850,-4,traders nexus,,0
2013-11-02,2013-10-28,DNA,http://www.dnaindia.com/mumbai/report-dna-exclusive-traders-not-farmers-making-the-most-of-soaring-onion-price-1909850,-5,traders nexus,,0
2013-11-30,2013-12-02,First Post,http://www.firstpost.com/politics/the-onion-trackers-of-delhi-what-sheila-dikshit-should-have-been-watching-1261901.html,2,not stated,,10
2013-12-01,2013-12-02,First Post,http://www.firstpost.com/politics/the-onion-trackers-of-delhi-what-sheila-dikshit-should-have-been-watching-1261901.html,1,not stated,,10
2013-12-02,2013-12-02,First Post,http://www.firstpost.com/politics/the-onion-trackers-of-delhi-what-sheila-dikshit-should-have-been-watching-1261901.html,0,not stated,,10
2013-12-03,2013-12-02,First Post,http://www.firstpost.com/politics/the-onion-trackers-of-delhi-what-sheila-dikshit-should-have-been-watching-1261901.html,-1,not stated,,10
2013-12-04,2013-12-02,First Post,http://www.firstpost.com/politics/the-onion-trackers-of-delhi-what-sheila-dikshit-should-have-been-watching-1261901.html,-2,not stated,,10
2013-12-05,2013-12-02,First Post,http://www.firstpost.com/politics/the-onion-trackers-of-delhi-what-sheila-dikshit-should-have-been-watching-1261901.html,-3,not stated,,10
2013-12-06,2013-12-02,First Post,http://www.firstpost.com/politics/the-onion-trackers-of-delhi-what-sheila-dikshit-should-have-been-watching-1261901.html,-4,not stated,,10
2013-12-07,2013-12-02,First Post,http://www.firstpost.com/politics/the-onion-trackers-of-delhi-what-sheila-dikshit-should-have-been-watching-1261901.html,-5,not stated,,10
2013-12-08,2013-12-13,The Economic Times,http://articles.economictimes.indiatimes.com/2015-09-11/news/66434886_1_lasalgaon-apmc-onion-prices-onion-exporters-association,5,not stated,no,None
2013-12-09,2013-12-13,The Economic Times,http://articles.economictimes.indiatimes.com/2015-09-11/news/66434886_1_lasalgaon-apmc-onion-prices-onion-exporters-association,4,not stated,no,None
2013-12-10,2013-12-13,The Economic Times,http://articles.economictimes.indiatimes.com/2015-09-11/news/66434886_1_lasalgaon-apmc-onion-prices-onion-exporters-association,3,not stated,no,None
2013-12-11,2013-12-13,The Economic Times,http://articles.economictimes.indiatimes.com/2015-09-11/news/66434886_1_lasalgaon-apmc-onion-prices-onion-exporters-association,2,not stated,no,None
2013-12-12,2013-12-13,The Economic Times,http://articles.economictimes.indiatimes.com/2015-09-11/news/66434886_1_lasalgaon-apmc-onion-prices-onion-exporters-association,1,not stated,no,None
2013-12-13,2013-12-13,The Economic Times,http://articles.economictimes.indiatimes.com/2015-09-11/news/66434886_1_lasalgaon-apmc-onion-prices-onion-exporters-association,0,not stated,no,None
2013-12-14,2013-12-13,The Economic Times,http://articles.economictimes.indiatimes.com/2015-09-11/news/66434886_1_lasalgaon-apmc-onion-prices-onion-exporters-association,-1,not stated,no,None
2013-12-15,2013-12-13,The Economic Times,http://articles.economictimes.indiatimes.com/2015-09-11/news/66434886_1_lasalgaon-apmc-onion-prices-onion-exporters-association,-2,not stated,no,None
2013-12-16,2013-12-13,The Economic Times,http://articles.economictimes.indiatimes.com/2015-09-11/news/66434886_1_lasalgaon-apmc-onion-prices-onion-exporters-association,-3,not stated,no,None
2013-12-17,2013-12-13,The Economic Times,http://articles.economictimes.indiatimes.com/2015-09-11/news/66434886_1_lasalgaon-apmc-onion-prices-onion-exporters-association,-4,not stated,no,None
2013-12-18,2013-12-13,The Economic Times,http://articles.economictimes.indiatimes.com/2015-09-11/news/66434886_1_lasalgaon-apmc-onion-prices-onion-exporters-association,-5,not stated,no,None
2014-06-06,2014-06-11,The Times of India,http://timesofindia.indiatimes.com/business/india-business/Food-prices-soar-on-speculation-over-delayed-monsoon-rains/articleshow/36367024.cms,5,speculation of weak monsoon,,15
2014-06-07,2014-06-11,The Times of India,http://timesofindia.indiatimes.com/business/india-business/Food-prices-soar-on-speculation-over-delayed-monsoon-rains/articleshow/36367024.cms,4,speculation of weak monsoon,,15
2014-06-08,2014-06-11,The Times of India,http://timesofindia.indiatimes.com/business/india-business/Food-prices-soar-on-speculation-over-delayed-monsoon-rains/articleshow/36367024.cms,3,speculation of weak monsoon,,15
2014-06-09,2014-06-11,The Times of India,http://timesofindia.indiatimes.com/business/india-business/Food-prices-soar-on-speculation-over-delayed-monsoon-rains/articleshow/36367024.cms,2,speculation of weak monsoon,,15
2014-06-18,2014-06-13,Business Standard,http://www.business-standard.com/article/economy-policy/onion-prices-show-mixed-signals-114061301168_1.html,-5,not stated,normal trend,None
2014-06-19,2014-06-18,Telegraph,http://www.telegraphindia.com/1140618/jsp/frontpage/story_18524316.jsp,-1,not stated,,15
2014-06-20,2014-06-18,Telegraph,http://www.telegraphindia.com/1140618/jsp/frontpage/story_18524316.jsp,-2,not stated,,15
2014-06-21,2014-06-18,Telegraph,http://www.telegraphindia.com/1140618/jsp/frontpage/story_18524316.jsp,-3,not stated,,15
2014-06-22,2014-06-18,Telegraph,http://www.telegraphindia.com/1140618/jsp/frontpage/story_18524316.jsp,-4,not stated,,15
2014-06-23,2014-06-18,Telegraph,http://www.telegraphindia.com/1140618/jsp/frontpage/story_18524316.jsp,-5,not stated,,15
2015-01-01,2015-01-06,Zee News,http://zeenews.india.com/business/news/economy/vegetable-prices-again-spike-in-delhi-retailers-blame-bad-weather_115654.html,5,bad weather,,2
2015-01-02,2015-01-06,Zee News,http://zeenews.india.com/business/news/economy/vegetable-prices-again-spike-in-delhi-retailers-blame-bad-weather_115654.html,4,bad weather,,2
2015-01-03,2015-01-06,Zee News,http://zeenews.india.com/business/news/economy/vegetable-prices-again-spike-in-delhi-retailers-blame-bad-weather_115654.html,3,bad weather,,2
2015-01-04,2015-01-06,Zee News,http://zeenews.india.com/business/news/economy/vegetable-prices-again-spike-in-delhi-retailers-blame-bad-weather_115654.html,2,bad weather,,2
2015-01-05,2015-01-06,Zee News,http://zeenews.india.com/business/news/economy/vegetable-prices-again-spike-in-delhi-retailers-blame-bad-weather_115654.html,1,bad weather,,2
2015-01-06,2015-01-06,Zee News,http://zeenews.india.com/business/news/economy/vegetable-prices-again-spike-in-delhi-retailers-blame-bad-weather_115654.html,0,bad weather,,2
2015-01-07,2015-01-06,Zee News,http://zeenews.india.com/business/news/economy/vegetable-prices-again-spike-in-delhi-retailers-blame-bad-weather_115654.html,-1,bad weather,,2
2015-01-08,2015-01-06,Zee News,http://zeenews.india.com/business/news/economy/vegetable-prices-again-spike-in-delhi-retailers-blame-bad-weather_115654.html,-2,bad weather,,2
2015-01-09,2015-01-06,Zee News,http://zeenews.india.com/business/news/economy/vegetable-prices-again-spike-in-delhi-retailers-blame-bad-weather_115654.html,-3,bad weather,,2
2015-01-10,2015-01-06,Zee News,http://zeenews.india.com/business/news/economy/vegetable-prices-again-spike-in-delhi-retailers-blame-bad-weather_115654.html,-4,bad weather,,2
2015-01-11,2015-01-06,Zee News,http://zeenews.india.com/business/news/economy/vegetable-prices-again-spike-in-delhi-retailers-blame-bad-weather_115654.html,-5,bad weather,,2
2015-06-10,2015-06-15,NDTV,http://profit.ndtv.com/news/economy/article-headline-inflation-771716,5,not stated,20 percent rise as compared to last year,365
2015-06-11,2015-06-15,NDTV,http://profit.ndtv.com/news/economy/article-headline-inflation-771716,4,not stated,20 percent rise as compared to last year,365
2015-06-12,2015-06-15,NDTV,http://profit.ndtv.com/news/economy/article-headline-inflation-771716,3,not stated,20 percent rise as compared to last year,365
2015-06-13,2015-06-15,NDTV,http://profit.ndtv.com/news/economy/article-headline-inflation-771716,2,not stated,20 percent rise as compared to last year,365
2015-06-14,2015-06-15,NDTV,http://profit.ndtv.com/news/economy/article-headline-inflation-771716,1,not stated,20 percent rise as compared to last year,365
2015-06-15,2015-06-15,NDTV,http://profit.ndtv.com/news/economy/article-headline-inflation-771716,0,not stated,20 percent rise as compared to last year,365
2015-06-16,2015-06-15,NDTV,http://profit.ndtv.com/news/economy/article-headline-inflation-771716,-1,not stated,20 percent rise as compared to last year,365
2015-06-17,2015-06-15,NDTV,http://profit.ndtv.com/news/economy/article-headline-inflation-771716,-2,not stated,20 percent rise as compared to last year,365
2015-06-18,2015-06-15,NDTV,http://profit.ndtv.com/news/economy/article-headline-inflation-771716,-3,not stated,20 percent rise as compared to last year,365
(4U5) Result:::
Date
News Data
Start Date, End Date,News Source,Link,Days,Reason,Comment,Days Reported
(1 U 2 U 3) ^ (4 U 5) Result:::
Date
News Data
Start Date, End Date,News Source,Link,Days,Reason,Comment,Days Reported
Wholesale vs Arrival data
Slope Result:::
Date,Value
2006-12-17 00:00:00,-2.15160658351
2006-12-18 00:00:00,-2.15160658351
2006-12-19 00:00:00,-2.15160658351
2006-12-20 00:00:00,-2.15160658351
2006-12-21 00:00:00,-2.15160658351
2006-12-22 00:00:00,-2.15160658351
2006-12-23 00:00:00,-2.15160658351
2006-12-24 00:00:00,-2.15160658351
2006-12-25 00:00:00,-2.15160658351
2006-12-26 00:00:00,-2.15160658351
2006-12-27 00:00:00,-2.15160658351
2006-12-28 00:00:00,-2.15160658351
2006-12-29 00:00:00,-2.15160658351
2006-12-30 00:00:00,-2.15160658351
2007-01-14 00:00:00,-1.11085489092
2007-01-15 00:00:00,-1.11085489092
2007-01-16 00:00:00,-1.11085489092
2007-01-17 00:00:00,-1.11085489092
2007-01-18 00:00:00,-1.11085489092
2007-01-19 00:00:00,-1.11085489092
2007-01-20 00:00:00,-1.11085489092
2007-01-28 00:00:00,-1.73665682269
2007-01-29 00:00:00,-1.73665682269
2007-01-30 00:00:00,-1.73665682269
2007-01-31 00:00:00,-1.73665682269
2007-02-01 00:00:00,-1.73665682269
2007-02-02 00:00:00,-1.73665682269
2007-02-03 00:00:00,-1.73665682269
2007-03-25 00:00:00,-1.93117555527
2007-03-26 00:00:00,-1.93117555527
2007-03-27 00:00:00,-1.93117555527
2007-03-28 00:00:00,-1.93117555527
2007-03-29 00:00:00,-1.93117555527
2007-03-30 00:00:00,-1.93117555527
2007-03-31 00:00:00,-1.93117555527
2007-04-29 00:00:00,-0.978759622214
2007-04-30 00:00:00,-0.978759622214
2007-05-01 00:00:00,-0.978759622214
2007-05-02 00:00:00,-0.978759622214
2007-05-03 00:00:00,-0.978759622214
2007-05-04 00:00:00,-0.978759622214
2007-05-05 00:00:00,-0.978759622214
2007-05-06 00:00:00,-0.978759622214
2007-05-07 00:00:00,-0.978759622214
2007-05-08 00:00:00,-0.978759622214
2007-05-09 00:00:00,-0.978759622214
2007-05-10 00:00:00,-0.978759622214
2007-05-11 00:00:00,-0.978759622214
2007-05-12 00:00:00,-0.978759622214
2007-05-20 00:00:00,-1.25409589892
2007-05-21 00:00:00,-1.25409589892
2007-05-22 00:00:00,-1.25409589892
2007-05-23 00:00:00,-1.25409589892
2007-05-24 00:00:00,-1.25409589892
2007-05-25 00:00:00,-1.25409589892
2007-05-26 00:00:00,-1.25409589892
2007-08-05 00:00:00,-1.92801340563
2007-08-06 00:00:00,-1.92801340563
2007-08-07 00:00:00,-1.92801340563
2007-08-08 00:00:00,-1.92801340563
2007-08-09 00:00:00,-1.92801340563
2007-08-10 00:00:00,-1.92801340563
2007-08-11 00:00:00,-1.92801340563
2007-08-26 00:00:00,-2.37552199555
2007-08-27 00:00:00,-2.37552199555
2007-08-28 00:00:00,-2.37552199555
2007-08-29 00:00:00,-2.37552199555
2007-08-30 00:00:00,-2.37552199555
2007-08-31 00:00:00,-2.37552199555
2007-09-01 00:00:00,-2.37552199555
2007-09-30 00:00:00,-0.945098670009
2007-10-01 00:00:00,-0.945098670009
2007-10-02 00:00:00,-0.945098670009
2007-10-03 00:00:00,-0.945098670009
2007-10-04 00:00:00,-0.945098670009
2007-10-05 00:00:00,-0.945098670009
2007-10-06 00:00:00,-0.945098670009
2007-10-28 00:00:00,-1.56376375279
2007-10-29 00:00:00,-1.56376375279
2007-10-30 00:00:00,-1.56376375279
2007-10-31 00:00:00,-1.56376375279
2007-11-01 00:00:00,-1.56376375279
2007-11-02 00:00:00,-1.56376375279
2007-11-03 00:00:00,-1.56376375279
2007-11-25 00:00:00,-0.980266340481
2007-11-26 00:00:00,-0.980266340481
2007-11-27 00:00:00,-0.980266340481
2007-11-28 00:00:00,-0.980266340481
2007-11-29 00:00:00,-0.980266340481
2007-11-30 00:00:00,-0.980266340481
2007-12-01 00:00:00,-0.980266340481
2008-02-10 00:00:00,-14.5364462283
2008-02-11 00:00:00,-14.5364462283
2008-02-12 00:00:00,-14.5364462283
2008-02-13 00:00:00,-14.5364462283
2008-02-14 00:00:00,-14.5364462283
2008-02-15 00:00:00,-14.5364462283
2008-02-16 00:00:00,-14.5364462283
2008-03-09 00:00:00,-5.13878149745
2008-03-10 00:00:00,-5.13878149745
2008-03-11 00:00:00,-5.13878149745
2008-03-12 00:00:00,-5.13878149745
2008-03-13 00:00:00,-5.13878149745
2008-03-14 00:00:00,-5.13878149745
2008-03-15 00:00:00,-5.13878149745
2008-03-23 00:00:00,-0.966473457128
2008-03-24 00:00:00,-0.966473457128
2008-03-25 00:00:00,-0.966473457128
2008-03-26 00:00:00,-0.966473457128
2008-03-27 00:00:00,-0.966473457128
2008-03-28 00:00:00,-0.966473457128
2008-03-29 00:00:00,-0.966473457128
2008-04-27 00:00:00,-1.41362645912
2008-04-28 00:00:00,-1.41362645912
2008-04-29 00:00:00,-1.41362645912
2008-04-30 00:00:00,-1.41362645912
2008-05-01 00:00:00,-1.41362645912
2008-05-02 00:00:00,-1.41362645912
2008-05-03 00:00:00,-1.41362645912
2008-06-15 00:00:00,-3.37556084687
2008-06-16 00:00:00,-3.37556084687
2008-06-17 00:00:00,-3.37556084687
2008-06-18 00:00:00,-3.37556084687
2008-06-19 00:00:00,-3.37556084687
2008-06-20 00:00:00,-3.37556084687
2008-06-21 00:00:00,-3.37556084687
2008-07-06 00:00:00,-1.2560104607
2008-07-07 00:00:00,-1.2560104607
2008-07-08 00:00:00,-1.2560104607
2008-07-09 00:00:00,-1.2560104607
2008-07-10 00:00:00,-1.2560104607
2008-07-11 00:00:00,-1.2560104607
2008-07-12 00:00:00,-1.2560104607
2008-07-27 00:00:00,-0.934127823033
2008-07-28 00:00:00,-0.934127823033
2008-07-29 00:00:00,-0.934127823033
2008-07-30 00:00:00,-0.934127823033
2008-07-31 00:00:00,-0.934127823033
2008-08-01 00:00:00,-0.934127823033
2008-08-02 00:00:00,-0.934127823033
2008-08-03 00:00:00,-0.934127823033
2008-08-04 00:00:00,-0.934127823033
2008-08-05 00:00:00,-0.934127823033
2008-08-06 00:00:00,-0.934127823033
2008-08-07 00:00:00,-0.934127823033
2008-08-08 00:00:00,-0.934127823033
2008-08-09 00:00:00,-0.934127823033
2008-08-10 00:00:00,-0.934127823033
2008-08-11 00:00:00,-0.934127823033
2008-08-12 00:00:00,-0.934127823033
2008-08-13 00:00:00,-0.934127823033
2008-08-14 00:00:00,-0.934127823033
2008-08-15 00:00:00,-0.934127823033
2008-08-16 00:00:00,-0.934127823033
2008-11-23 00:00:00,-1.64976336991
2008-11-24 00:00:00,-1.64976336991
2008-11-25 00:00:00,-1.64976336991
2008-11-26 00:00:00,-1.64976336991
2008-11-27 00:00:00,-1.64976336991
2008-11-28 00:00:00,-1.64976336991
2008-11-29 00:00:00,-1.64976336991
2008-12-28 00:00:00,-2.1276659912
2008-12-29 00:00:00,-2.1276659912
2008-12-30 00:00:00,-2.1276659912
2008-12-31 00:00:00,-2.1276659912
2009-01-01 00:00:00,-2.1276659912
2009-01-02 00:00:00,-2.1276659912
2009-01-03 00:00:00,-2.1276659912
2009-01-18 00:00:00,-1.56277298595
2009-01-19 00:00:00,-1.56277298595
2009-01-20 00:00:00,-1.56277298595
2009-01-21 00:00:00,-1.56277298595
2009-01-22 00:00:00,-1.56277298595
2009-01-23 00:00:00,-1.56277298595
2009-01-24 00:00:00,-1.56277298595
2009-02-08 00:00:00,-1.63887145092
2009-02-09 00:00:00,-1.63887145092
2009-02-10 00:00:00,-1.63887145092
2009-02-11 00:00:00,-1.63887145092
2009-02-12 00:00:00,-1.63887145092
2009-02-13 00:00:00,-1.63887145092
2009-02-14 00:00:00,-1.63887145092
2009-04-19 00:00:00,-2.04332761947
2009-04-20 00:00:00,-2.04332761947
2009-04-21 00:00:00,-2.04332761947
2009-04-22 00:00:00,-2.04332761947
2009-04-23 00:00:00,-2.04332761947
2009-04-24 00:00:00,-2.04332761947
2009-04-25 00:00:00,-2.04332761947
2009-05-17 00:00:00,-1.62225659501
2009-05-18 00:00:00,-1.62225659501
2009-05-19 00:00:00,-1.62225659501
2009-05-20 00:00:00,-1.62225659501
2009-05-21 00:00:00,-1.62225659501
2009-05-22 00:00:00,-1.62225659501
2009-05-23 00:00:00,-1.62225659501
2009-05-24 00:00:00,-1.62225659501
2009-05-25 00:00:00,-1.62225659501
2009-05-26 00:00:00,-1.62225659501
2009-05-27 00:00:00,-1.62225659501
2009-05-28 00:00:00,-1.62225659501
2009-05-29 00:00:00,-1.62225659501
2009-05-30 00:00:00,-1.62225659501
2009-06-28 00:00:00,-1.0386767119
2009-06-29 00:00:00,-1.0386767119
2009-06-30 00:00:00,-1.0386767119
2009-07-01 00:00:00,-1.0386767119
2009-07-02 00:00:00,-1.0386767119
2009-07-03 00:00:00,-1.0386767119
2009-07-04 00:00:00,-1.0386767119
2009-08-30 00:00:00,-1.41878410104
2009-08-31 00:00:00,-1.41878410104
2009-09-01 00:00:00,-1.41878410104
2009-09-02 00:00:00,-1.41878410104
2009-09-03 00:00:00,-1.41878410104
2009-09-04 00:00:00,-1.41878410104
2009-09-05 00:00:00,-1.41878410104
2009-10-25 00:00:00,-2.06521344089
2009-10-26 00:00:00,-2.06521344089
2009-10-27 00:00:00,-2.06521344089
2009-10-28 00:00:00,-2.06521344089
2009-10-29 00:00:00,-2.06521344089
2009-10-30 00:00:00,-2.06521344089
2009-10-31 00:00:00,-2.06521344089
2010-03-07 00:00:00,-0.975104800296
2010-03-08 00:00:00,-0.975104800296
2010-03-09 00:00:00,-0.975104800296
2010-03-10 00:00:00,-0.975104800296
2010-03-11 00:00:00,-0.975104800296
2010-03-12 00:00:00,-0.975104800296
2010-03-13 00:00:00,-0.975104800296
2010-04-04 00:00:00,-1.21180143567
2010-04-05 00:00:00,-1.21180143567
2010-04-06 00:00:00,-1.21180143567
2010-04-07 00:00:00,-1.21180143567
2010-04-08 00:00:00,-1.21180143567
2010-04-09 00:00:00,-1.21180143567
2010-04-10 00:00:00,-1.21180143567
2010-04-18 00:00:00,-7.41610646994
2010-04-19 00:00:00,-7.41610646994
2010-04-20 00:00:00,-7.41610646994
2010-04-21 00:00:00,-7.41610646994
2010-04-22 00:00:00,-7.41610646994
2010-04-23 00:00:00,-7.41610646994
2010-04-24 00:00:00,-7.41610646994
2010-05-23 00:00:00,-0.937843594915
2010-05-24 00:00:00,-0.937843594915
2010-05-25 00:00:00,-0.937843594915
2010-05-26 00:00:00,-0.937843594915
2010-05-27 00:00:00,-0.937843594915
2010-05-28 00:00:00,-0.937843594915
2010-05-29 00:00:00,-0.937843594915
2010-08-22 00:00:00,-2.10207043688
2010-08-23 00:00:00,-2.10207043688
2010-08-24 00:00:00,-2.10207043688
2010-08-25 00:00:00,-2.10207043688
2010-08-26 00:00:00,-2.10207043688
2010-08-27 00:00:00,-2.10207043688
2010-08-28 00:00:00,-2.10207043688
2010-09-05 00:00:00,-1.32350014343
2010-09-06 00:00:00,-1.32350014343
2010-09-07 00:00:00,-1.32350014343
2010-09-08 00:00:00,-1.32350014343
2010-09-09 00:00:00,-1.32350014343
2010-09-10 00:00:00,-1.32350014343
2010-09-11 00:00:00,-1.32350014343
2010-09-12 00:00:00,-1.32350014343
2010-09-13 00:00:00,-1.32350014343
2010-09-14 00:00:00,-1.32350014343
2010-09-15 00:00:00,-1.32350014343
2010-09-16 00:00:00,-1.32350014343
2010-09-17 00:00:00,-1.32350014343
2010-09-18 00:00:00,-1.32350014343
2010-09-26 00:00:00,-11.4413763095
2010-09-27 00:00:00,-11.4413763095
2010-09-28 00:00:00,-11.4413763095
2010-09-29 00:00:00,-11.4413763095
2010-09-30 00:00:00,-11.4413763095
2010-10-01 00:00:00,-11.4413763095
2010-10-02 00:00:00,-11.4413763095
2010-12-19 00:00:00,-0.95732852238
2010-12-20 00:00:00,-0.95732852238
2010-12-21 00:00:00,-0.95732852238
2010-12-22 00:00:00,-0.95732852238
2010-12-23 00:00:00,-0.95732852238
2010-12-24 00:00:00,-0.95732852238
2010-12-25 00:00:00,-0.95732852238
2010-12-26 00:00:00,-0.95732852238
2010-12-27 00:00:00,-0.95732852238
2010-12-28 00:00:00,-0.95732852238
2010-12-29 00:00:00,-0.95732852238
2010-12-30 00:00:00,-0.95732852238
2010-12-31 00:00:00,-0.95732852238
2011-01-01 00:00:00,-0.95732852238
2011-01-02 00:00:00,-0.95732852238
2011-01-03 00:00:00,-0.95732852238
2011-01-04 00:00:00,-0.95732852238
2011-01-05 00:00:00,-0.95732852238
2011-01-06 00:00:00,-0.95732852238
2011-01-07 00:00:00,-0.95732852238
2011-01-08 00:00:00,-0.95732852238
2011-01-30 00:00:00,-1.70986965325
2011-01-31 00:00:00,-1.70986965325
2011-02-01 00:00:00,-1.70986965325
2011-02-02 00:00:00,-1.70986965325
2011-02-03 00:00:00,-1.70986965325
2011-02-04 00:00:00,-1.70986965325
2011-02-05 00:00:00,-1.70986965325
2011-02-06 00:00:00,-1.70986965325
2011-02-07 00:00:00,-1.70986965325
2011-02-08 00:00:00,-1.70986965325
2011-02-09 00:00:00,-1.70986965325
2011-02-10 00:00:00,-1.70986965325
2011-02-11 00:00:00,-1.70986965325
2011-02-12 00:00:00,-1.70986965325
2011-02-13 00:00:00,-1.70986965325
2011-02-14 00:00:00,-1.70986965325
2011-02-15 00:00:00,-1.70986965325
2011-02-16 00:00:00,-1.70986965325
2011-02-17 00:00:00,-1.70986965325
2011-02-18 00:00:00,-1.70986965325
2011-02-19 00:00:00,-1.70986965325
2011-02-20 00:00:00,-1.70986965325
2011-02-21 00:00:00,-1.70986965325
2011-02-22 00:00:00,-1.70986965325
2011-02-23 00:00:00,-1.70986965325
2011-02-24 00:00:00,-1.70986965325
2011-02-25 00:00:00,-1.70986965325
2011-02-26 00:00:00,-1.70986965325
2011-03-06 00:00:00,-1.5491755201
2011-03-07 00:00:00,-1.5491755201
2011-03-08 00:00:00,-1.5491755201
2011-03-09 00:00:00,-1.5491755201
2011-03-10 00:00:00,-1.5491755201
2011-03-11 00:00:00,-1.5491755201
2011-03-12 00:00:00,-1.5491755201
2011-03-13 00:00:00,-1.5491755201
2011-03-14 00:00:00,-1.5491755201
2011-03-15 00:00:00,-1.5491755201
2011-03-16 00:00:00,-1.5491755201
2011-03-17 00:00:00,-1.5491755201
2011-03-18 00:00:00,-1.5491755201
2011-03-19 00:00:00,-1.5491755201
2011-04-17 00:00:00,-1.862129255
2011-04-18 00:00:00,-1.862129255
2011-04-19 00:00:00,-1.862129255
2011-04-20 00:00:00,-1.862129255
2011-04-21 00:00:00,-1.862129255
2011-04-22 00:00:00,-1.862129255
2011-04-23 00:00:00,-1.862129255
2011-07-03 00:00:00,-1.33595497912
2011-07-04 00:00:00,-1.33595497912
2011-07-05 00:00:00,-1.33595497912
2011-07-06 00:00:00,-1.33595497912
2011-07-07 00:00:00,-1.33595497912
2011-07-08 00:00:00,-1.33595497912
2011-07-09 00:00:00,-1.33595497912
2011-07-17 00:00:00,-1.46054359399
2011-07-18 00:00:00,-1.46054359399
2011-07-19 00:00:00,-1.46054359399
2011-07-20 00:00:00,-1.46054359399
2011-07-21 00:00:00,-1.46054359399
2011-07-22 00:00:00,-1.46054359399
2011-07-23 00:00:00,-1.46054359399
2011-08-07 00:00:00,-0.986187219746
2011-08-08 00:00:00,-0.986187219746
2011-08-09 00:00:00,-0.986187219746
2011-08-10 00:00:00,-0.986187219746
2011-08-11 00:00:00,-0.986187219746
2011-08-12 00:00:00,-0.986187219746
2011-08-13 00:00:00,-0.986187219746
2011-08-14 00:00:00,-0.986187219746
2011-08-15 00:00:00,-0.986187219746
2011-08-16 00:00:00,-0.986187219746
2011-08-17 00:00:00,-0.986187219746
2011-08-18 00:00:00,-0.986187219746
2011-08-19 00:00:00,-0.986187219746
2011-08-20 00:00:00,-0.986187219746
2011-08-28 00:00:00,-1.35266305227
2011-08-29 00:00:00,-1.35266305227
2011-08-30 00:00:00,-1.35266305227
2011-08-31 00:00:00,-1.35266305227
2011-09-01 00:00:00,-1.35266305227
2011-09-02 00:00:00,-1.35266305227
2011-09-03 00:00:00,-1.35266305227
2011-11-20 00:00:00,-1.61953262098
2011-11-21 00:00:00,-1.61953262098
2011-11-22 00:00:00,-1.61953262098
2011-11-23 00:00:00,-1.61953262098
2011-11-24 00:00:00,-1.61953262098
2011-11-25 00:00:00,-1.61953262098
2011-11-26 00:00:00,-1.61953262098
2011-11-27 00:00:00,-1.61953262098
2011-11-28 00:00:00,-1.61953262098
2011-11-29 00:00:00,-1.61953262098
2011-11-30 00:00:00,-1.61953262098
2011-12-01 00:00:00,-1.61953262098
2011-12-02 00:00:00,-1.61953262098
2011-12-03 00:00:00,-1.61953262098
2011-12-11 00:00:00,-3.76587257019
2011-12-12 00:00:00,-3.76587257019
2011-12-13 00:00:00,-3.76587257019
2011-12-14 00:00:00,-3.76587257019
2011-12-15 00:00:00,-3.76587257019
2011-12-16 00:00:00,-3.76587257019
2011-12-17 00:00:00,-3.76587257019
2012-01-08 00:00:00,-1.38057109919
2012-01-09 00:00:00,-1.38057109919
2012-01-10 00:00:00,-1.38057109919
2012-01-11 00:00:00,-1.38057109919
2012-01-12 00:00:00,-1.38057109919
2012-01-13 00:00:00,-1.38057109919
2012-01-14 00:00:00,-1.38057109919
2012-07-08 00:00:00,-1.36586997319
2012-07-09 00:00:00,-1.36586997319
2012-07-10 00:00:00,-1.36586997319
2012-07-11 00:00:00,-1.36586997319
2012-07-12 00:00:00,-1.36586997319
2012-07-13 00:00:00,-1.36586997319
2012-07-14 00:00:00,-1.36586997319
2012-10-14 00:00:00,-1.29182963258
2012-10-15 00:00:00,-1.29182963258
2012-10-16 00:00:00,-1.29182963258
2012-10-17 00:00:00,-1.29182963258
2012-10-18 00:00:00,-1.29182963258
2012-10-19 00:00:00,-1.29182963258
2012-10-20 00:00:00,-1.29182963258
2012-10-21 00:00:00,-1.29182963258
2012-10-22 00:00:00,-1.29182963258
2012-10-23 00:00:00,-1.29182963258
2012-10-24 00:00:00,-1.29182963258
2012-10-25 00:00:00,-1.29182963258
2012-10-26 00:00:00,-1.29182963258
2012-10-27 00:00:00,-1.29182963258
2013-04-21 00:00:00,-1.20883167993
2013-04-22 00:00:00,-1.20883167993
2013-04-23 00:00:00,-1.20883167993
2013-04-24 00:00:00,-1.20883167993
2013-04-25 00:00:00,-1.20883167993
2013-04-26 00:00:00,-1.20883167993
2013-04-27 00:00:00,-1.20883167993
2013-04-28 00:00:00,-1.20883167993
2013-04-29 00:00:00,-1.20883167993
2013-04-30 00:00:00,-1.20883167993
2013-05-01 00:00:00,-1.20883167993
2013-05-02 00:00:00,-1.20883167993
2013-05-03 00:00:00,-1.20883167993
2013-05-04 00:00:00,-1.20883167993
2013-06-23 00:00:00,-1.1471023978
2013-06-24 00:00:00,-1.1471023978
2013-06-25 00:00:00,-1.1471023978
2013-06-26 00:00:00,-1.1471023978
2013-06-27 00:00:00,-1.1471023978
2013-06-28 00:00:00,-1.1471023978
2013-06-29 00:00:00,-1.1471023978
2013-06-30 00:00:00,-1.1471023978
2013-07-01 00:00:00,-1.1471023978
2013-07-02 00:00:00,-1.1471023978
2013-07-03 00:00:00,-1.1471023978
2013-07-04 00:00:00,-1.1471023978
2013-07-05 00:00:00,-1.1471023978
2013-07-06 00:00:00,-1.1471023978
2013-07-07 00:00:00,-1.1471023978
2013-07-08 00:00:00,-1.1471023978
2013-07-09 00:00:00,-1.1471023978
2013-07-10 00:00:00,-1.1471023978
2013-07-11 00:00:00,-1.1471023978
2013-07-12 00:00:00,-1.1471023978
2013-07-13 00:00:00,-1.1471023978
2013-07-14 00:00:00,-1.1471023978
2013-07-15 00:00:00,-1.1471023978
2013-07-16 00:00:00,-1.1471023978
2013-07-17 00:00:00,-1.1471023978
2013-07-18 00:00:00,-1.1471023978
2013-07-19 00:00:00,-1.1471023978
2013-07-20 00:00:00,-1.1471023978
2013-07-21 00:00:00,-1.1471023978
2013-07-22 00:00:00,-1.1471023978
2013-07-23 00:00:00,-1.1471023978
2013-07-24 00:00:00,-1.1471023978
2013-07-25 00:00:00,-1.1471023978
2013-07-26 00:00:00,-1.1471023978
2013-07-27 00:00:00,-1.1471023978
2013-07-28 00:00:00,-1.1471023978
2013-07-29 00:00:00,-1.1471023978
2013-07-30 00:00:00,-1.1471023978
2013-07-31 00:00:00,-1.1471023978
2013-08-01 00:00:00,-1.1471023978
2013-08-02 00:00:00,-1.1471023978
2013-08-03 00:00:00,-1.1471023978
2013-08-04 00:00:00,-1.1471023978
2013-08-05 00:00:00,-1.1471023978
2013-08-06 00:00:00,-1.1471023978
2013-08-07 00:00:00,-1.1471023978
2013-08-08 00:00:00,-1.1471023978
2013-08-09 00:00:00,-1.1471023978
2013-08-10 00:00:00,-1.1471023978
2013-08-11 00:00:00,-1.1471023978
2013-08-12 00:00:00,-1.1471023978
2013-08-13 00:00:00,-1.1471023978
2013-08-14 00:00:00,-1.1471023978
2013-08-15 00:00:00,-1.1471023978
2013-08-16 00:00:00,-1.1471023978
2013-08-17 00:00:00,-1.1471023978
2013-08-18 00:00:00,-1.1471023978
2013-08-19 00:00:00,-1.1471023978
2013-08-20 00:00:00,-1.1471023978
2013-08-21 00:00:00,-1.1471023978
2013-08-22 00:00:00,-1.1471023978
2013-08-23 00:00:00,-1.1471023978
2013-08-24 00:00:00,-1.1471023978
2013-09-01 00:00:00,-1.87327353601
2013-09-02 00:00:00,-1.87327353601
2013-09-03 00:00:00,-1.87327353601
2013-09-04 00:00:00,-1.87327353601
2013-09-05 00:00:00,-1.87327353601
2013-09-06 00:00:00,-1.87327353601
2013-09-07 00:00:00,-1.87327353601
2013-10-13 00:00:00,-8.73073714155
2013-10-14 00:00:00,-8.73073714155
2013-10-15 00:00:00,-8.73073714155
2013-10-16 00:00:00,-8.73073714155
2013-10-17 00:00:00,-8.73073714155
2013-10-18 00:00:00,-8.73073714155
2013-10-19 00:00:00,-8.73073714155
2013-12-22 00:00:00,-9.08017422746
2013-12-23 00:00:00,-9.08017422746
2013-12-24 00:00:00,-9.08017422746
2013-12-25 00:00:00,-9.08017422746
2013-12-26 00:00:00,-9.08017422746
2013-12-27 00:00:00,-9.08017422746
2013-12-28 00:00:00,-9.08017422746
2014-02-09 00:00:00,-1.50069506482
2014-02-10 00:00:00,-1.50069506482
2014-02-11 00:00:00,-1.50069506482
2014-02-12 00:00:00,-1.50069506482
2014-02-13 00:00:00,-1.50069506482
2014-02-14 00:00:00,-1.50069506482
2014-02-15 00:00:00,-1.50069506482
2014-06-29 00:00:00,-8.39009691072
2014-06-30 00:00:00,-8.39009691072
2014-07-01 00:00:00,-8.39009691072
2014-07-02 00:00:00,-8.39009691072
2014-07-03 00:00:00,-8.39009691072
2014-07-04 00:00:00,-8.39009691072
2014-07-05 00:00:00,-8.39009691072
2014-07-13 00:00:00,-3.8078744054
2014-07-14 00:00:00,-3.8078744054
2014-07-15 00:00:00,-3.8078744054
2014-07-16 00:00:00,-3.8078744054
2014-07-17 00:00:00,-3.8078744054
2014-07-18 00:00:00,-3.8078744054
2014-07-19 00:00:00,-3.8078744054
2014-11-30 00:00:00,-6.4607207705
2014-12-01 00:00:00,-6.4607207705
2014-12-02 00:00:00,-6.4607207705
2014-12-03 00:00:00,-6.4607207705
2014-12-04 00:00:00,-6.4607207705
2014-12-05 00:00:00,-6.4607207705
2014-12-06 00:00:00,-6.4607207705
2015-02-22 00:00:00,-1.34876098864
2015-02-23 00:00:00,-1.34876098864
2015-02-24 00:00:00,-1.34876098864
2015-02-25 00:00:00,-1.34876098864
2015-02-26 00:00:00,-1.34876098864
2015-02-27 00:00:00,-1.34876098864
2015-02-28 00:00:00,-1.34876098864
2015-03-01 00:00:00,-1.34876098864
2015-03-02 00:00:00,-1.34876098864
2015-03-03 00:00:00,-1.34876098864
2015-03-04 00:00:00,-1.34876098864
2015-03-05 00:00:00,-1.34876098864
2015-03-06 00:00:00,-1.34876098864
2015-03-07 00:00:00,-1.34876098864
2015-04-05 00:00:00,-1.29428223615
2015-04-06 00:00:00,-1.29428223615
2015-04-07 00:00:00,-1.29428223615
2015-04-08 00:00:00,-1.29428223615
2015-04-09 00:00:00,-1.29428223615
2015-04-10 00:00:00,-1.29428223615
2015-04-11 00:00:00,-1.29428223615
2015-06-07 00:00:00,-6.02506361693
2015-06-08 00:00:00,-6.02506361693
2015-06-09 00:00:00,-6.02506361693
2015-06-10 00:00:00,-6.02506361693
2015-06-11 00:00:00,-6.02506361693
2015-06-12 00:00:00,-6.02506361693
2015-06-13 00:00:00,-6.02506361693
2015-06-21 00:00:00,-3.43800455592
2015-06-22 00:00:00,-3.43800455592
2015-06-23 00:00:00,-3.43800455592
2015-06-24 00:00:00,-3.43800455592
2015-06-25 00:00:00,-3.43800455592
2015-06-26 00:00:00,-3.43800455592
2015-06-27 00:00:00,-3.43800455592
News Data
Start Date, End Date,News Source,Link,Days,Reason,Comment,Days Reported
2010-12-19,2010-12-20,The Hindu,http://www.thehindu.com/business/Economy/imported-onion-arrive-from-pakistan/article965607.ece,1,not stated,,0
2010-12-20,2010-12-20,The Hindu,http://www.thehindu.com/business/Economy/imported-onion-arrive-from-pakistan/article965607.ece,0,not stated,,0
2010-12-21,2010-12-20,The Hindu,http://www.thehindu.com/business/Economy/imported-onion-arrive-from-pakistan/article965607.ece,-1,not stated,,0
2010-12-22,2010-12-20,The Hindu,http://www.thehindu.com/business/Economy/imported-onion-arrive-from-pakistan/article965607.ece,-2,not stated,,0
2010-12-23,2010-12-20,The Hindu,http://www.thehindu.com/business/Economy/imported-onion-arrive-from-pakistan/article965607.ece,-3,not stated,,0
2010-12-24,2010-12-20,The Hindu,http://www.thehindu.com/business/Economy/imported-onion-arrive-from-pakistan/article965607.ece,-4,not stated,,0
2010-12-25,2010-12-20,The Hindu,http://www.thehindu.com/business/Economy/imported-onion-arrive-from-pakistan/article965607.ece,-5,not stated,,0
2010-12-26,2010-12-21,The Economic Times,http://articles.economictimes.indiatimes.com/2010-12-21/news/27586208_1_minimum-export-price-onion-prices-mep,-5,traders nexus,,0
2010-12-27,2010-12-23,NDTV,http://www.ndtv.com/india-news/food-inflation-spikes-govt-blames-the-onion-442821,-4,traders nexus,,0
2010-12-28,2010-12-23,NDTV,http://www.ndtv.com/india-news/food-inflation-spikes-govt-blames-the-onion-442821,-5,traders nexus,,0
2010-12-31,2011-01-05,NDTV,http://www.ndtv.com/india-news/bjp-slams-government-over-split-views-on-inflation-444119,5,not stated,BJP slams government over split views on inflation,365
2011-01-01,2011-01-05,NDTV,http://www.ndtv.com/india-news/bjp-slams-government-over-split-views-on-inflation-444119,4,not stated,BJP slams government over split views on inflation,365
2011-01-02,2011-01-05,NDTV,http://www.ndtv.com/india-news/bjp-slams-government-over-split-views-on-inflation-444119,3,not stated,BJP slams government over split views on inflation,365
2011-01-03,2011-01-05,NDTV,http://www.ndtv.com/india-news/bjp-slams-government-over-split-views-on-inflation-444119,2,not stated,BJP slams government over split views on inflation,365
2011-01-04,2011-01-05,NDTV,http://www.ndtv.com/india-news/bjp-slams-government-over-split-views-on-inflation-444119,1,not stated,BJP slams government over split views on inflation,365
2011-01-05,2011-01-05,NDTV,http://www.ndtv.com/india-news/bjp-slams-government-over-split-views-on-inflation-444119,0,not stated,BJP slams government over split views on inflation,365
2011-01-06,2011-01-05,NDTV,http://www.ndtv.com/india-news/bjp-slams-government-over-split-views-on-inflation-444119,-1,not stated,BJP slams government over split views on inflation,365
2011-01-07,2011-01-05,NDTV,http://www.ndtv.com/india-news/bjp-slams-government-over-split-views-on-inflation-444119,-2,not stated,BJP slams government over split views on inflation,365
2011-01-08,2011-01-05,NDTV,http://www.ndtv.com/india-news/bjp-slams-government-over-split-views-on-inflation-444119,-3,not stated,BJP slams government over split views on inflation,365
2013-06-28,2013-07-03,Business Standard,http://www.business-standard.com/article/markets/heavy-crop-damage-in-hilly-states-lifts-onion-potato-prices-113070300796_1.html,5,traders nexus,North India affected basically because of flood,15
2013-06-29,2013-07-03,Business Standard,http://www.business-standard.com/article/markets/heavy-crop-damage-in-hilly-states-lifts-onion-potato-prices-113070300796_1.html,4,traders nexus,North India affected basically because of flood,15
2013-06-30,2013-07-03,Business Standard,http://www.business-standard.com/article/markets/heavy-crop-damage-in-hilly-states-lifts-onion-potato-prices-113070300796_1.html,3,traders nexus,North India affected basically because of flood,15
2013-07-01,2013-07-03,Business Standard,http://www.business-standard.com/article/markets/heavy-crop-damage-in-hilly-states-lifts-onion-potato-prices-113070300796_1.html,2,traders nexus,North India affected basically because of flood,15
2013-07-02,2013-07-03,Business Standard,http://www.business-standard.com/article/markets/heavy-crop-damage-in-hilly-states-lifts-onion-potato-prices-113070300796_1.html,1,traders nexus,North India affected basically because of flood,15
2013-07-03,2013-07-03,Business Standard,http://www.business-standard.com/article/markets/heavy-crop-damage-in-hilly-states-lifts-onion-potato-prices-113070300796_1.html,0,traders nexus,North India affected basically because of flood,15
2013-07-04,2013-07-03,Business Standard,http://www.business-standard.com/article/markets/heavy-crop-damage-in-hilly-states-lifts-onion-potato-prices-113070300796_1.html,-1,traders nexus,North India affected basically because of flood,15
2013-07-05,2013-07-03,Business Standard,http://www.business-standard.com/article/markets/heavy-crop-damage-in-hilly-states-lifts-onion-potato-prices-113070300796_1.html,-2,traders nexus,North India affected basically because of flood,15
2013-07-06,2013-07-03,Business Standard,http://www.business-standard.com/article/markets/heavy-crop-damage-in-hilly-states-lifts-onion-potato-prices-113070300796_1.html,-3,traders nexus,North India affected basically because of flood,15
2013-07-07,2013-07-03,Business Standard,http://www.business-standard.com/article/markets/heavy-crop-damage-in-hilly-states-lifts-onion-potato-prices-113070300796_1.html,-4,traders nexus,North India affected basically because of flood,15
2013-07-08,2013-07-03,Business Standard,http://www.business-standard.com/article/markets/heavy-crop-damage-in-hilly-states-lifts-onion-potato-prices-113070300796_1.html,-5,traders nexus,North India affected basically because of flood,15
2013-07-12,2013-07-17,The Times of India,http://timesofindia.indiatimes.com/business/india-business/Onion-prices-at-two-and-a-half-year-high/articleshow/21125776.cms,5,unseasonal rainfall,no,None
2013-07-13,2013-07-17,The Times of India,http://timesofindia.indiatimes.com/business/india-business/Onion-prices-at-two-and-a-half-year-high/articleshow/21125776.cms,4,unseasonal rainfall,no,None
2013-07-14,2013-07-17,The Times of India,http://timesofindia.indiatimes.com/business/india-business/Onion-prices-at-two-and-a-half-year-high/articleshow/21125776.cms,3,unseasonal rainfall,no,None
2013-07-15,2013-07-17,The Times of India,http://timesofindia.indiatimes.com/business/india-business/Onion-prices-at-two-and-a-half-year-high/articleshow/21125776.cms,2,unseasonal rainfall,no,None
2013-07-16,2013-07-17,The Times of India,http://timesofindia.indiatimes.com/business/india-business/Onion-prices-at-two-and-a-half-year-high/articleshow/21125776.cms,1,unseasonal rainfall,no,None
2013-07-17,2013-07-17,The Times of India,http://timesofindia.indiatimes.com/business/india-business/Onion-prices-at-two-and-a-half-year-high/articleshow/21125776.cms,0,unseasonal rainfall,no,None
2013-07-18,2013-07-17,The Times of India,http://timesofindia.indiatimes.com/business/india-business/Onion-prices-at-two-and-a-half-year-high/articleshow/21125776.cms,-1,unseasonal rainfall,no,None
2013-07-19,2013-07-17,The Times of India,http://timesofindia.indiatimes.com/business/india-business/Onion-prices-at-two-and-a-half-year-high/articleshow/21125776.cms,-2,unseasonal rainfall,no,None
2013-07-20,2013-07-17,The Times of India,http://timesofindia.indiatimes.com/business/india-business/Onion-prices-at-two-and-a-half-year-high/articleshow/21125776.cms,-3,unseasonal rainfall,no,None
2013-07-21,2013-07-17,The Times of India,http://timesofindia.indiatimes.com/business/india-business/Onion-prices-at-two-and-a-half-year-high/articleshow/21125776.cms,-4,unseasonal rainfall,no,None
2013-07-22,2013-07-17,The Times of India,http://timesofindia.indiatimes.com/business/india-business/Onion-prices-at-two-and-a-half-year-high/articleshow/21125776.cms,-5,unseasonal rainfall,no,None
2013-07-23,2013-07-23,The Times of India,http://timesofindia.indiatimes.com/business/india-business/Onion-prices-more-than-double-to-Rs-36-40/kg-in-metros/articleshow/21272374.cms,0,low production,,0
2013-07-24,2013-07-23,The Times of India,http://timesofindia.indiatimes.com/business/india-business/Onion-prices-more-than-double-to-Rs-36-40/kg-in-metros/articleshow/21272374.cms,-1,low production,,0
2013-07-25,2013-07-23,The Times of India,http://timesofindia.indiatimes.com/business/india-business/Onion-prices-more-than-double-to-Rs-36-40/kg-in-metros/articleshow/21272374.cms,-2,low production,,0
2013-07-26,2013-07-23,The Times of India,http://timesofindia.indiatimes.com/business/india-business/Onion-prices-more-than-double-to-Rs-36-40/kg-in-metros/articleshow/21272374.cms,-3,low production,,0
2013-07-27,2013-07-23,The Times of India,http://timesofindia.indiatimes.com/business/india-business/Onion-prices-more-than-double-to-Rs-36-40/kg-in-metros/articleshow/21272374.cms,-4,low production,,0
2013-07-28,2013-07-23,The Times of India,http://timesofindia.indiatimes.com/business/india-business/Onion-prices-more-than-double-to-Rs-36-40/kg-in-metros/articleshow/21272374.cms,-5,low production,,0
2013-08-01,2013-08-06,The Hindu,http://www.thehindu.com/news/cities/Delhi/onion-prices-bring-tears-yet-again/article4995124.ece,5,low production,Even Hoaders are responsible to some extent,0
2013-08-02,2013-08-06,The Hindu,http://www.thehindu.com/news/cities/Delhi/onion-prices-bring-tears-yet-again/article4995124.ece,4,low production,Even Hoaders are responsible to some extent,0
2013-08-03,2013-08-06,The Hindu,http://www.thehindu.com/news/cities/Delhi/onion-prices-bring-tears-yet-again/article4995124.ece,3,low production,Even Hoaders are responsible to some extent,0
2013-08-04,2013-08-06,The Hindu,http://www.thehindu.com/news/cities/Delhi/onion-prices-bring-tears-yet-again/article4995124.ece,2,low production,Even Hoaders are responsible to some extent,0
2013-08-05,2013-08-06,The Hindu,http://www.thehindu.com/news/cities/Delhi/onion-prices-bring-tears-yet-again/article4995124.ece,1,low production,Even Hoaders are responsible to some extent,0
2013-08-06,2013-08-06,The Hindu,http://www.thehindu.com/news/cities/Delhi/onion-prices-bring-tears-yet-again/article4995124.ece,0,low production,Even Hoaders are responsible to some extent,0
2013-08-07,2013-08-06,The Hindu,http://www.thehindu.com/news/cities/Delhi/onion-prices-bring-tears-yet-again/article4995124.ece,-1,low production,Even Hoaders are responsible to some extent,0
2013-08-08,2013-08-06,The Hindu,http://www.thehindu.com/news/cities/Delhi/onion-prices-bring-tears-yet-again/article4995124.ece,-2,low production,Even Hoaders are responsible to some extent,0
2013-08-09,2013-08-06,The Hindu,http://www.thehindu.com/news/cities/Delhi/onion-prices-bring-tears-yet-again/article4995124.ece,-3,low production,Even Hoaders are responsible to some extent,0
2013-08-10,2013-08-06,The Hindu,http://www.thehindu.com/news/cities/Delhi/onion-prices-bring-tears-yet-again/article4995124.ece,-4,low production,Even Hoaders are responsible to some extent,0
2013-08-11,2013-08-06,The Hindu,http://www.thehindu.com/news/cities/Delhi/onion-prices-bring-tears-yet-again/article4995124.ece,-5,low production,Even Hoaders are responsible to some extent,0
2013-08-12,2013-08-11,DNA,http://www.dnaindia.com/india/report-onion-prices-rise-to-rs-55-60kg-hike-bring-tears-in-eyes-of-people-1873151,-1,low production,,10
2013-08-13,2013-08-11,DNA,http://www.dnaindia.com/india/report-onion-prices-rise-to-rs-55-60kg-hike-bring-tears-in-eyes-of-people-1873151,-2,low production,,10
2013-08-14,2013-08-11,DNA,http://www.dnaindia.com/india/report-onion-prices-rise-to-rs-55-60kg-hike-bring-tears-in-eyes-of-people-1873151,-3,low production,,10
2013-08-15,2013-08-11,DNA,http://www.dnaindia.com/india/report-onion-prices-rise-to-rs-55-60kg-hike-bring-tears-in-eyes-of-people-1873151,-4,low production,,10
2013-08-16,2013-08-11,DNA,http://www.dnaindia.com/india/report-onion-prices-rise-to-rs-55-60kg-hike-bring-tears-in-eyes-of-people-1873151,-5,low production,,10
2013-08-17,2013-08-13,Telegraph,http://www.telegraphindia.com/1130813/jsp/odisha/story_17226115.jsp,-4,low supply,,30
2013-08-18,2013-08-13,Telegraph,http://www.telegraphindia.com/1130813/jsp/odisha/story_17226115.jsp,-5,low supply,,30
2013-08-19,2013-08-14,The Hindu,http://www.thehindu.com/news/national/cos-meeting-to-wipe-onion-tears/article5019702.ece,-5,low supply,Possiblity of hoarding highlighted clearly,0
2013-08-20,2013-08-17,Zee News,http://zeenews.india.com/news/nation/will-give-onions-as-rakhi-gift-to-my-sisters-yashwant-sinha_869682.html,-3,traders nexus,BJP accuseed to traders, not stated by article author exactly,None
2013-08-21,2013-08-17,Zee News,http://zeenews.india.com/news/nation/will-give-onions-as-rakhi-gift-to-my-sisters-yashwant-sinha_869682.html,-4,traders nexus,BJP accuseed to traders, not stated by article author exactly,None
2013-08-22,2013-08-17,Zee News,http://zeenews.india.com/news/nation/will-give-onions-as-rakhi-gift-to-my-sisters-yashwant-sinha_869682.html,-5,traders nexus,BJP accuseed to traders, not stated by article author exactly,None
2013-08-23,2013-08-21,The Hindu,http://www.thehindu.com/business/Industry/onion-prices-jump-to-rs-80kg-again/article5044776.ece,-2,low supply,Prices hiked again,0
2013-08-24,2013-08-21,The Hindu,http://www.thehindu.com/business/Industry/onion-prices-jump-to-rs-80kg-again/article5044776.ece,-3,low supply,Prices hiked again,0
2013-09-01,2013-09-03,NDTV,http://www.ndtv.com/india-news/onion-prices-may-ease-when-south-india-crop-hits-market-government-533474,2,low supply,,0
2013-09-02,2013-09-03,NDTV,http://www.ndtv.com/india-news/onion-prices-may-ease-when-south-india-crop-hits-market-government-533474,1,low supply,,0
2013-09-03,2013-09-03,NDTV,http://www.ndtv.com/india-news/onion-prices-may-ease-when-south-india-crop-hits-market-government-533474,0,low supply,,0
2013-09-04,2013-09-03,NDTV,http://www.ndtv.com/india-news/onion-prices-may-ease-when-south-india-crop-hits-market-government-533474,-1,low supply,,0
2013-09-05,2013-09-03,NDTV,http://www.ndtv.com/india-news/onion-prices-may-ease-when-south-india-crop-hits-market-government-533474,-2,low supply,,0
2013-09-06,2013-09-03,NDTV,http://www.ndtv.com/india-news/onion-prices-may-ease-when-south-india-crop-hits-market-government-533474,-3,low supply,,0
2013-09-07,2013-09-03,NDTV,http://www.ndtv.com/india-news/onion-prices-may-ease-when-south-india-crop-hits-market-government-533474,-4,low supply,,0
2013-10-13,2013-10-10,The Economic Times,http://articles.economictimes.indiatimes.com/2013-10-10/news/42903314_1_export-price-price-rise-onion-prices,-3,traders nexus,,0
2013-10-14,2013-10-10,The Economic Times,http://articles.economictimes.indiatimes.com/2013-10-10/news/42903314_1_export-price-price-rise-onion-prices,-4,traders nexus,,0
2013-10-15,2013-10-10,The Economic Times,http://articles.economictimes.indiatimes.com/2013-10-10/news/42903314_1_export-price-price-rise-onion-prices,-5,traders nexus,,0
2013-10-17,2013-10-22,NDTV,http://profit.ndtv.com/news/cheat-sheet/article-why-onion-prices-are-inching-towards-rs-100-per-kg-370138,5,low supply,,0
2013-10-18,2013-10-22,NDTV,http://profit.ndtv.com/news/cheat-sheet/article-why-onion-prices-are-inching-towards-rs-100-per-kg-370138,4,low supply,,0
2013-10-19,2013-10-22,NDTV,http://profit.ndtv.com/news/cheat-sheet/article-why-onion-prices-are-inching-towards-rs-100-per-kg-370138,3,low supply,,0
2014-06-29,2014-06-30,Money Control,http://www.moneycontrol.com/news/economy/risefood-prices-centre-swings-into-action_1115868.html,1,not stated,no,None
2014-06-30,2014-06-30,Money Control,http://www.moneycontrol.com/news/economy/risefood-prices-centre-swings-into-action_1115868.html,0,not stated,no,None
2014-07-01,2014-06-30,Money Control,http://www.moneycontrol.com/news/economy/risefood-prices-centre-swings-into-action_1115868.html,-1,not stated,no,None
2014-07-02,2014-06-30,Money Control,http://www.moneycontrol.com/news/economy/risefood-prices-centre-swings-into-action_1115868.html,-2,not stated,no,None
2014-07-03,2014-06-30,Money Control,http://www.moneycontrol.com/news/economy/risefood-prices-centre-swings-into-action_1115868.html,-3,not stated,no,None
2014-07-04,2014-06-30,Money Control,http://www.moneycontrol.com/news/economy/risefood-prices-centre-swings-into-action_1115868.html,-4,not stated,no,None
2014-07-05,2014-06-30,Money Control,http://www.moneycontrol.com/news/economy/risefood-prices-centre-swings-into-action_1115868.html,-5,not stated,no,None
2014-07-13,2014-07-13,The Times of India,http://timesofindia.indiatimes.com/india/Govt-to-check-onion-prices-with-imports/articleshow/38282324.cms,0,low production,,30
2014-07-14,2014-07-13,The Times of India,http://timesofindia.indiatimes.com/india/Govt-to-check-onion-prices-with-imports/articleshow/38282324.cms,-1,low production,,30
2014-07-15,2014-07-13,The Times of India,http://timesofindia.indiatimes.com/india/Govt-to-check-onion-prices-with-imports/articleshow/38282324.cms,-2,low production,,30
2014-07-16,2014-07-13,The Times of India,http://timesofindia.indiatimes.com/india/Govt-to-check-onion-prices-with-imports/articleshow/38282324.cms,-3,low production,,30
2014-07-17,2014-07-13,The Times of India,http://timesofindia.indiatimes.com/india/Govt-to-check-onion-prices-with-imports/articleshow/38282324.cms,-4,low production,,30
2014-07-18,2014-07-13,The Times of India,http://timesofindia.indiatimes.com/india/Govt-to-check-onion-prices-with-imports/articleshow/38282324.cms,-5,low production,,30
2014-07-19,2014-07-15,First Post,http://www.firstpost.com/india/why-modi-sarkaar-should-ready-itself-for-another-fight-with-inflation-1619551.html,-4,not stated,Title : Why Modi sarkaar should ready itself for another fight with inflation , but stated that onion prices are high as compared to last year,30
2015-06-10,2015-06-15,NDTV,http://profit.ndtv.com/news/economy/article-headline-inflation-771716,5,not stated,20 percent rise as compared to last year,365
2015-06-11,2015-06-15,NDTV,http://profit.ndtv.com/news/economy/article-headline-inflation-771716,4,not stated,20 percent rise as compared to last year,365
2015-06-12,2015-06-15,NDTV,http://profit.ndtv.com/news/economy/article-headline-inflation-771716,3,not stated,20 percent rise as compared to last year,365
2015-06-13,2015-06-15,NDTV,http://profit.ndtv.com/news/economy/article-headline-inflation-771716,2,not stated,20 percent rise as compared to last year,365
2015-06-22,2015-06-27,The Times of India,http://timesofindia.indiatimes.com/business/india-business/Govt-raises-minimum-export-price-of-onion-by-175/articleshow/47837967.cms,5,low production,increased by 30 percent in last 3 months,90
2015-06-23,2015-06-27,The Times of India,http://timesofindia.indiatimes.com/business/india-business/Govt-raises-minimum-export-price-of-onion-by-175/articleshow/47837967.cms,4,low production,increased by 30 percent in last 3 months,90
2015-06-24,2015-06-27,The Times of India,http://timesofindia.indiatimes.com/business/india-business/Govt-raises-minimum-export-price-of-onion-by-175/articleshow/47837967.cms,3,low production,increased by 30 percent in last 3 months,90
2015-06-25,2015-06-27,The Times of India,http://timesofindia.indiatimes.com/business/india-business/Govt-raises-minimum-export-price-of-onion-by-175/articleshow/47837967.cms,2,low production,increased by 30 percent in last 3 months,90
2015-06-26,2015-06-27,The Times of India,http://timesofindia.indiatimes.com/business/india-business/Govt-raises-minimum-export-price-of-onion-by-175/articleshow/47837967.cms,1,low production,increased by 30 percent in last 3 months,90
2015-06-27,2015-06-27,The Times of India,http://timesofindia.indiatimes.com/business/india-business/Govt-raises-minimum-export-price-of-onion-by-175/articleshow/47837967.cms,0,low production,increased by 30 percent in last 3 months,90
Correlation Result:::
Date,Value
2006-01-01 00:00:00,0.783998824255
2006-01-02 00:00:00,0.783998824255
2006-01-03 00:00:00,0.783998824255
2006-01-04 00:00:00,0.783998824255
2006-01-05 00:00:00,0.783998824255
2006-01-06 00:00:00,0.783998824255
2006-01-07 00:00:00,0.783998824255
2006-01-08 00:00:00,0.783998824255
2006-01-09 00:00:00,0.783998824255
2006-01-10 00:00:00,0.783998824255
2006-01-11 00:00:00,0.783998824255
2006-01-12 00:00:00,0.783998824255
2006-01-13 00:00:00,0.783998824255
2006-01-14 00:00:00,0.783998824255
2006-01-15 00:00:00,0.783998824255
2006-01-31 00:00:00,0.697467117664
2006-02-01 00:00:00,0.697467117664
2006-02-02 00:00:00,0.697467117664
2006-02-03 00:00:00,0.697467117664
2006-02-04 00:00:00,0.697467117664
2006-02-05 00:00:00,0.697467117664
2006-02-06 00:00:00,0.697467117664
2006-02-07 00:00:00,0.697467117664
2006-02-08 00:00:00,0.697467117664
2006-02-09 00:00:00,0.697467117664
2006-02-10 00:00:00,0.697467117664
2006-02-11 00:00:00,0.697467117664
2006-02-12 00:00:00,0.697467117664
2006-02-13 00:00:00,0.697467117664
2006-02-14 00:00:00,0.697467117664
2006-03-17 00:00:00,0.907682968892
2006-03-18 00:00:00,0.907682968892
2006-03-19 00:00:00,0.907682968892
2006-03-20 00:00:00,0.907682968892
2006-03-21 00:00:00,0.907682968892
2006-03-22 00:00:00,0.907682968892
2006-03-23 00:00:00,0.907682968892
2006-03-24 00:00:00,0.907682968892
2006-03-25 00:00:00,0.907682968892
2006-03-26 00:00:00,0.907682968892
2006-03-27 00:00:00,0.907682968892
2006-03-28 00:00:00,0.907682968892
2006-03-29 00:00:00,0.907682968892
2006-03-30 00:00:00,0.907682968892
2006-03-31 00:00:00,0.907682968892
2006-04-01 00:00:00,0.907682968892
2006-04-02 00:00:00,0.907682968892
2006-04-03 00:00:00,0.907682968892
2006-04-04 00:00:00,0.907682968892
2006-04-05 00:00:00,0.907682968892
2006-04-06 00:00:00,0.907682968892
2006-04-07 00:00:00,0.907682968892
2006-04-08 00:00:00,0.907682968892
2006-04-09 00:00:00,0.907682968892
2006-04-10 00:00:00,0.907682968892
2006-04-11 00:00:00,0.907682968892
2006-04-12 00:00:00,0.907682968892
2006-04-13 00:00:00,0.907682968892
2006-04-14 00:00:00,0.907682968892
2006-04-15 00:00:00,0.907682968892
2006-04-16 00:00:00,0.907682968892
2006-04-17 00:00:00,0.907682968892
2006-04-18 00:00:00,0.907682968892
2006-04-19 00:00:00,0.907682968892
2006-04-20 00:00:00,0.907682968892
2006-04-21 00:00:00,0.907682968892
2006-04-22 00:00:00,0.907682968892
2006-04-23 00:00:00,0.907682968892
2006-04-24 00:00:00,0.907682968892
2006-04-25 00:00:00,0.907682968892
2006-04-26 00:00:00,0.907682968892
2006-04-27 00:00:00,0.907682968892
2006-04-28 00:00:00,0.907682968892
2006-04-29 00:00:00,0.907682968892
2006-04-30 00:00:00,0.907682968892
2006-05-16 00:00:00,0.904095296375
2006-05-17 00:00:00,0.904095296375
2006-05-18 00:00:00,0.904095296375
2006-05-19 00:00:00,0.904095296375
2006-05-20 00:00:00,0.904095296375
2006-05-21 00:00:00,0.904095296375
2006-05-22 00:00:00,0.904095296375
2006-05-23 00:00:00,0.904095296375
2006-05-24 00:00:00,0.904095296375
2006-05-25 00:00:00,0.904095296375
2006-05-26 00:00:00,0.904095296375
2006-05-27 00:00:00,0.904095296375
2006-05-28 00:00:00,0.904095296375
2006-05-29 00:00:00,0.904095296375
2006-05-30 00:00:00,0.904095296375
2006-05-31 00:00:00,0.904095296375
2006-06-01 00:00:00,0.904095296375
2006-06-02 00:00:00,0.904095296375
2006-06-03 00:00:00,0.904095296375
2006-06-04 00:00:00,0.904095296375
2006-06-05 00:00:00,0.904095296375
2006-06-06 00:00:00,0.904095296375
2006-06-07 00:00:00,0.904095296375
2006-06-08 00:00:00,0.904095296375
2006-06-09 00:00:00,0.904095296375
2006-06-10 00:00:00,0.904095296375
2006-06-11 00:00:00,0.904095296375
2006-06-12 00:00:00,0.904095296375
2006-06-13 00:00:00,0.904095296375
2006-06-14 00:00:00,0.904095296375
2006-06-30 00:00:00,0.978859273471
2006-07-01 00:00:00,0.978859273471
2006-07-02 00:00:00,0.978859273471
2006-07-03 00:00:00,0.978859273471
2006-07-04 00:00:00,0.978859273471
2006-07-05 00:00:00,0.978859273471
2006-07-06 00:00:00,0.978859273471
2006-07-07 00:00:00,0.978859273471
2006-07-08 00:00:00,0.978859273471
2006-07-09 00:00:00,0.978859273471
2006-07-10 00:00:00,0.978859273471
2006-07-11 00:00:00,0.978859273471
2006-07-12 00:00:00,0.978859273471
2006-07-13 00:00:00,0.978859273471
2006-07-14 00:00:00,0.978859273471
2006-08-14 00:00:00,0.663584648189
2006-08-15 00:00:00,0.663584648189
2006-08-16 00:00:00,0.663584648189
2006-08-17 00:00:00,0.663584648189
2006-08-18 00:00:00,0.663584648189
2006-08-19 00:00:00,0.663584648189
2006-08-20 00:00:00,0.663584648189
2006-08-21 00:00:00,0.663584648189
2006-08-22 00:00:00,0.663584648189
2006-08-23 00:00:00,0.663584648189
2006-08-24 00:00:00,0.663584648189
2006-08-25 00:00:00,0.663584648189
2006-08-26 00:00:00,0.663584648189
2006-08-27 00:00:00,0.663584648189
2006-08-28 00:00:00,0.663584648189
2006-09-13 00:00:00,0.698911661377
2006-09-14 00:00:00,0.698911661377
2006-09-15 00:00:00,0.698911661377
2006-09-16 00:00:00,0.698911661377
2006-09-17 00:00:00,0.698911661377
2006-09-18 00:00:00,0.698911661377
2006-09-19 00:00:00,0.698911661377
2006-09-20 00:00:00,0.698911661377
2006-09-21 00:00:00,0.698911661377
2006-09-22 00:00:00,0.698911661377
2006-09-23 00:00:00,0.698911661377
2006-09-24 00:00:00,0.698911661377
2006-09-25 00:00:00,0.698911661377
2006-09-26 00:00:00,0.698911661377
2006-09-27 00:00:00,0.698911661377
2006-10-13 00:00:00,0.905845342911
2006-10-14 00:00:00,0.905845342911
2006-10-15 00:00:00,0.905845342911
2006-10-16 00:00:00,0.905845342911
2006-10-17 00:00:00,0.905845342911
2006-10-18 00:00:00,0.905845342911
2006-10-19 00:00:00,0.905845342911
2006-10-20 00:00:00,0.905845342911
2006-10-21 00:00:00,0.905845342911
2006-10-22 00:00:00,0.905845342911
2006-10-23 00:00:00,0.905845342911
2006-10-24 00:00:00,0.905845342911
2006-10-25 00:00:00,0.905845342911
2006-10-26 00:00:00,0.905845342911
2006-10-27 00:00:00,0.905845342911
2006-10-28 00:00:00,0.905845342911
2006-10-29 00:00:00,0.905845342911
2006-10-30 00:00:00,0.905845342911
2006-10-31 00:00:00,0.905845342911
2006-11-01 00:00:00,0.905845342911
2006-11-02 00:00:00,0.905845342911
2006-11-03 00:00:00,0.905845342911
2006-11-04 00:00:00,0.905845342911
2006-11-05 00:00:00,0.905845342911
2006-11-06 00:00:00,0.905845342911
2006-11-07 00:00:00,0.905845342911
2006-11-08 00:00:00,0.905845342911
2006-11-09 00:00:00,0.905845342911
2006-11-10 00:00:00,0.905845342911
2006-11-11 00:00:00,0.905845342911
2006-11-27 00:00:00,0.803203933139
2006-11-28 00:00:00,0.803203933139
2006-11-29 00:00:00,0.803203933139
2006-11-30 00:00:00,0.803203933139
2006-12-01 00:00:00,0.803203933139
2006-12-02 00:00:00,0.803203933139
2006-12-03 00:00:00,0.803203933139
2006-12-04 00:00:00,0.803203933139
2006-12-05 00:00:00,0.803203933139
2006-12-06 00:00:00,0.803203933139
2006-12-07 00:00:00,0.803203933139
2006-12-08 00:00:00,0.803203933139
2006-12-09 00:00:00,0.803203933139
2006-12-10 00:00:00,0.803203933139
2006-12-11 00:00:00,0.803203933139
2006-12-12 00:00:00,0.803203933139
2006-12-13 00:00:00,0.803203933139
2006-12-14 00:00:00,0.803203933139
2006-12-15 00:00:00,0.803203933139
2006-12-16 00:00:00,0.803203933139
2006-12-17 00:00:00,0.803203933139
2006-12-18 00:00:00,0.803203933139
2006-12-19 00:00:00,0.803203933139
2006-12-20 00:00:00,0.803203933139
2006-12-21 00:00:00,0.803203933139
2006-12-22 00:00:00,0.803203933139
2006-12-23 00:00:00,0.803203933139
2006-12-24 00:00:00,0.803203933139
2006-12-25 00:00:00,0.803203933139
2006-12-26 00:00:00,0.803203933139
2007-02-10 00:00:00,0.76611613985
2007-02-11 00:00:00,0.76611613985
2007-02-12 00:00:00,0.76611613985
2007-02-13 00:00:00,0.76611613985
2007-02-14 00:00:00,0.76611613985
2007-02-15 00:00:00,0.76611613985
2007-02-16 00:00:00,0.76611613985
2007-02-17 00:00:00,0.76611613985
2007-02-18 00:00:00,0.76611613985
2007-02-19 00:00:00,0.76611613985
2007-02-20 00:00:00,0.76611613985
2007-02-21 00:00:00,0.76611613985
2007-02-22 00:00:00,0.76611613985
2007-02-23 00:00:00,0.76611613985
2007-02-24 00:00:00,0.76611613985
2007-02-25 00:00:00,0.76611613985
2007-02-26 00:00:00,0.76611613985
2007-02-27 00:00:00,0.76611613985
2007-02-28 00:00:00,0.76611613985
2007-03-01 00:00:00,0.76611613985
2007-03-02 00:00:00,0.76611613985
2007-03-03 00:00:00,0.76611613985
2007-03-04 00:00:00,0.76611613985
2007-03-05 00:00:00,0.76611613985
2007-03-06 00:00:00,0.76611613985
2007-03-07 00:00:00,0.76611613985
2007-03-08 00:00:00,0.76611613985
2007-03-09 00:00:00,0.76611613985
2007-03-10 00:00:00,0.76611613985
2007-03-11 00:00:00,0.76611613985
2007-06-25 00:00:00,0.647729366371
2007-06-26 00:00:00,0.647729366371
2007-06-27 00:00:00,0.647729366371
2007-06-28 00:00:00,0.647729366371
2007-06-29 00:00:00,0.647729366371
2007-06-30 00:00:00,0.647729366371
2007-07-01 00:00:00,0.647729366371
2007-07-02 00:00:00,0.647729366371
2007-07-03 00:00:00,0.647729366371
2007-07-04 00:00:00,0.647729366371
2007-07-05 00:00:00,0.647729366371
2007-07-06 00:00:00,0.647729366371
2007-07-07 00:00:00,0.647729366371
2007-07-08 00:00:00,0.647729366371
2007-07-09 00:00:00,0.647729366371
2007-07-10 00:00:00,0.647729366371
2007-07-11 00:00:00,0.647729366371
2007-07-12 00:00:00,0.647729366371
2007-07-13 00:00:00,0.647729366371
2007-07-14 00:00:00,0.647729366371
2007-07-15 00:00:00,0.647729366371
2007-07-16 00:00:00,0.647729366371
2007-07-17 00:00:00,0.647729366371
2007-07-18 00:00:00,0.647729366371
2007-07-19 00:00:00,0.647729366371
2007-07-20 00:00:00,0.647729366371
2007-07-21 00:00:00,0.647729366371
2007-07-22 00:00:00,0.647729366371
2007-07-23 00:00:00,0.647729366371
2007-07-24 00:00:00,0.647729366371
2007-07-25 00:00:00,0.647729366371
2007-07-26 00:00:00,0.647729366371
2007-07-27 00:00:00,0.647729366371
2007-07-28 00:00:00,0.647729366371
2007-07-29 00:00:00,0.647729366371
2007-07-30 00:00:00,0.647729366371
2007-07-31 00:00:00,0.647729366371
2007-08-01 00:00:00,0.647729366371
2007-08-02 00:00:00,0.647729366371
2007-08-03 00:00:00,0.647729366371
2007-08-04 00:00:00,0.647729366371
2007-08-05 00:00:00,0.647729366371
2007-08-06 00:00:00,0.647729366371
2007-08-07 00:00:00,0.647729366371
2007-08-08 00:00:00,0.647729366371
2007-10-08 00:00:00,0.883642944259
2007-10-09 00:00:00,0.883642944259
2007-10-10 00:00:00,0.883642944259
2007-10-11 00:00:00,0.883642944259
2007-10-12 00:00:00,0.883642944259
2007-10-13 00:00:00,0.883642944259
2007-10-14 00:00:00,0.883642944259
2007-10-15 00:00:00,0.883642944259
2007-10-16 00:00:00,0.883642944259
2007-10-17 00:00:00,0.883642944259
2007-10-18 00:00:00,0.883642944259
2007-10-19 00:00:00,0.883642944259
2007-10-20 00:00:00,0.883642944259
2007-10-21 00:00:00,0.883642944259
2007-10-22 00:00:00,0.883642944259
2007-10-23 00:00:00,0.883642944259
2007-10-24 00:00:00,0.883642944259
2007-10-25 00:00:00,0.883642944259
2007-10-26 00:00:00,0.883642944259
2007-10-27 00:00:00,0.883642944259
2007-10-28 00:00:00,0.883642944259
2007-10-29 00:00:00,0.883642944259
2007-10-30 00:00:00,0.883642944259
2007-10-31 00:00:00,0.883642944259
2007-11-01 00:00:00,0.883642944259
2007-11-02 00:00:00,0.883642944259
2007-11-03 00:00:00,0.883642944259
2007-11-04 00:00:00,0.883642944259
2007-11-05 00:00:00,0.883642944259
2007-11-06 00:00:00,0.883642944259
2007-11-07 00:00:00,0.883642944259
2007-11-08 00:00:00,0.883642944259
2007-11-09 00:00:00,0.883642944259
2007-11-10 00:00:00,0.883642944259
2007-11-11 00:00:00,0.883642944259
2007-11-12 00:00:00,0.883642944259
2007-11-13 00:00:00,0.883642944259
2007-11-14 00:00:00,0.883642944259
2007-11-15 00:00:00,0.883642944259
2007-11-16 00:00:00,0.883642944259
2007-11-17 00:00:00,0.883642944259
2007-11-18 00:00:00,0.883642944259
2007-11-19 00:00:00,0.883642944259
2007-11-20 00:00:00,0.883642944259
2007-11-21 00:00:00,0.883642944259
2007-12-22 00:00:00,0.727604239646
2007-12-23 00:00:00,0.727604239646
2007-12-24 00:00:00,0.727604239646
2007-12-25 00:00:00,0.727604239646
2007-12-26 00:00:00,0.727604239646
2007-12-27 00:00:00,0.727604239646
2007-12-28 00:00:00,0.727604239646
2007-12-29 00:00:00,0.727604239646
2007-12-30 00:00:00,0.727604239646
2007-12-31 00:00:00,0.727604239646
2008-01-01 00:00:00,0.727604239646
2008-01-02 00:00:00,0.727604239646
2008-01-03 00:00:00,0.727604239646
2008-01-04 00:00:00,0.727604239646
2008-01-05 00:00:00,0.727604239646
2008-02-05 00:00:00,0.589337587749
2008-02-06 00:00:00,0.589337587749
2008-02-07 00:00:00,0.589337587749
2008-02-08 00:00:00,0.589337587749
2008-02-09 00:00:00,0.589337587749
2008-02-10 00:00:00,0.589337587749
2008-02-11 00:00:00,0.589337587749
2008-02-12 00:00:00,0.589337587749
2008-02-13 00:00:00,0.589337587749
2008-02-14 00:00:00,0.589337587749
2008-02-15 00:00:00,0.589337587749
2008-02-16 00:00:00,0.589337587749
2008-02-17 00:00:00,0.589337587749
2008-02-18 00:00:00,0.589337587749
2008-02-19 00:00:00,0.589337587749
2008-03-21 00:00:00,0.658139612893
2008-03-22 00:00:00,0.658139612893
2008-03-23 00:00:00,0.658139612893
2008-03-24 00:00:00,0.658139612893
2008-03-25 00:00:00,0.658139612893
2008-03-26 00:00:00,0.658139612893
2008-03-27 00:00:00,0.658139612893
2008-03-28 00:00:00,0.658139612893
2008-03-29 00:00:00,0.658139612893
2008-03-30 00:00:00,0.658139612893
2008-03-31 00:00:00,0.658139612893
2008-04-01 00:00:00,0.658139612893
2008-04-02 00:00:00,0.658139612893
2008-04-03 00:00:00,0.658139612893
2008-04-04 00:00:00,0.658139612893
2008-05-20 00:00:00,0.860352467255
2008-05-21 00:00:00,0.860352467255
2008-05-22 00:00:00,0.860352467255
2008-05-23 00:00:00,0.860352467255
2008-05-24 00:00:00,0.860352467255
2008-05-25 00:00:00,0.860352467255
2008-05-26 00:00:00,0.860352467255
2008-05-27 00:00:00,0.860352467255
2008-05-28 00:00:00,0.860352467255
2008-05-29 00:00:00,0.860352467255
2008-05-30 00:00:00,0.860352467255
2008-05-31 00:00:00,0.860352467255
2008-06-01 00:00:00,0.860352467255
2008-06-02 00:00:00,0.860352467255
2008-06-03 00:00:00,0.860352467255
2008-06-04 00:00:00,0.860352467255
2008-06-05 00:00:00,0.860352467255
2008-06-06 00:00:00,0.860352467255
2008-06-07 00:00:00,0.860352467255
2008-06-08 00:00:00,0.860352467255
2008-06-09 00:00:00,0.860352467255
2008-06-10 00:00:00,0.860352467255
2008-06-11 00:00:00,0.860352467255
2008-06-12 00:00:00,0.860352467255
2008-06-13 00:00:00,0.860352467255
2008-06-14 00:00:00,0.860352467255
2008-06-15 00:00:00,0.860352467255
2008-06-16 00:00:00,0.860352467255
2008-06-17 00:00:00,0.860352467255
2008-06-18 00:00:00,0.860352467255
2008-06-19 00:00:00,0.860352467255
2008-06-20 00:00:00,0.860352467255
2008-06-21 00:00:00,0.860352467255
2008-06-22 00:00:00,0.860352467255
2008-06-23 00:00:00,0.860352467255
2008-06-24 00:00:00,0.860352467255
2008-06-25 00:00:00,0.860352467255
2008-06-26 00:00:00,0.860352467255
2008-06-27 00:00:00,0.860352467255
2008-06-28 00:00:00,0.860352467255
2008-06-29 00:00:00,0.860352467255
2008-06-30 00:00:00,0.860352467255
2008-07-01 00:00:00,0.860352467255
2008-07-02 00:00:00,0.860352467255
2008-07-03 00:00:00,0.860352467255
2008-07-04 00:00:00,0.860352467255
2008-07-05 00:00:00,0.860352467255
2008-07-06 00:00:00,0.860352467255
2008-07-07 00:00:00,0.860352467255
2008-07-08 00:00:00,0.860352467255
2008-07-09 00:00:00,0.860352467255
2008-07-10 00:00:00,0.860352467255
2008-07-11 00:00:00,0.860352467255
2008-07-12 00:00:00,0.860352467255
2008-07-13 00:00:00,0.860352467255
2008-07-14 00:00:00,0.860352467255
2008-07-15 00:00:00,0.860352467255
2008-07-16 00:00:00,0.860352467255
2008-07-17 00:00:00,0.860352467255
2008-07-18 00:00:00,0.860352467255
2008-08-03 00:00:00,0.696812462119
2008-08-04 00:00:00,0.696812462119
2008-08-05 00:00:00,0.696812462119
2008-08-06 00:00:00,0.696812462119
2008-08-07 00:00:00,0.696812462119
2008-08-08 00:00:00,0.696812462119
2008-08-09 00:00:00,0.696812462119
2008-08-10 00:00:00,0.696812462119
2008-08-11 00:00:00,0.696812462119
2008-08-12 00:00:00,0.696812462119
2008-08-13 00:00:00,0.696812462119
2008-08-14 00:00:00,0.696812462119
2008-08-15 00:00:00,0.696812462119
2008-08-16 00:00:00,0.696812462119
2008-08-17 00:00:00,0.696812462119
2008-09-02 00:00:00,0.635489258487
2008-09-03 00:00:00,0.635489258487
2008-09-04 00:00:00,0.635489258487
2008-09-05 00:00:00,0.635489258487
2008-09-06 00:00:00,0.635489258487
2008-09-07 00:00:00,0.635489258487
2008-09-08 00:00:00,0.635489258487
2008-09-09 00:00:00,0.635489258487
2008-09-10 00:00:00,0.635489258487
2008-09-11 00:00:00,0.635489258487
2008-09-12 00:00:00,0.635489258487
2008-09-13 00:00:00,0.635489258487
2008-09-14 00:00:00,0.635489258487
2008-09-15 00:00:00,0.635489258487
2008-09-16 00:00:00,0.635489258487
2008-12-01 00:00:00,0.788844017991
2008-12-02 00:00:00,0.788844017991
2008-12-03 00:00:00,0.788844017991
2008-12-04 00:00:00,0.788844017991
2008-12-05 00:00:00,0.788844017991
2008-12-06 00:00:00,0.788844017991
2008-12-07 00:00:00,0.788844017991
2008-12-08 00:00:00,0.788844017991
2008-12-09 00:00:00,0.788844017991
2008-12-10 00:00:00,0.788844017991
2008-12-11 00:00:00,0.788844017991
2008-12-12 00:00:00,0.788844017991
2008-12-13 00:00:00,0.788844017991
2008-12-14 00:00:00,0.788844017991
2008-12-15 00:00:00,0.788844017991
2008-12-31 00:00:00,0.573022620011
2009-01-01 00:00:00,0.573022620011
2009-01-02 00:00:00,0.573022620011
2009-01-03 00:00:00,0.573022620011
2009-01-04 00:00:00,0.573022620011
2009-01-05 00:00:00,0.573022620011
2009-01-06 00:00:00,0.573022620011
2009-01-07 00:00:00,0.573022620011
2009-01-08 00:00:00,0.573022620011
2009-01-09 00:00:00,0.573022620011
2009-01-10 00:00:00,0.573022620011
2009-01-11 00:00:00,0.573022620011
2009-01-12 00:00:00,0.573022620011
2009-01-13 00:00:00,0.573022620011
2009-01-14 00:00:00,0.573022620011
2009-02-14 00:00:00,0.775435625383
2009-02-15 00:00:00,0.775435625383
2009-02-16 00:00:00,0.775435625383
2009-02-17 00:00:00,0.775435625383
2009-02-18 00:00:00,0.775435625383
2009-02-19 00:00:00,0.775435625383
2009-02-20 00:00:00,0.775435625383
2009-02-21 00:00:00,0.775435625383
2009-02-22 00:00:00,0.775435625383
2009-02-23 00:00:00,0.775435625383
2009-02-24 00:00:00,0.775435625383
2009-02-25 00:00:00,0.775435625383
2009-02-26 00:00:00,0.775435625383
2009-02-27 00:00:00,0.775435625383
2009-02-28 00:00:00,0.775435625383
2009-03-16 00:00:00,0.56942219676
2009-03-17 00:00:00,0.56942219676
2009-03-18 00:00:00,0.56942219676
2009-03-19 00:00:00,0.56942219676
2009-03-20 00:00:00,0.56942219676
2009-03-21 00:00:00,0.56942219676
2009-03-22 00:00:00,0.56942219676
2009-03-23 00:00:00,0.56942219676
2009-03-24 00:00:00,0.56942219676
2009-03-25 00:00:00,0.56942219676
2009-03-26 00:00:00,0.56942219676
2009-03-27 00:00:00,0.56942219676
2009-03-28 00:00:00,0.56942219676
2009-03-29 00:00:00,0.56942219676
2009-03-30 00:00:00,0.56942219676
2009-04-30 00:00:00,0.528967822893
2009-05-01 00:00:00,0.528967822893
2009-05-02 00:00:00,0.528967822893
2009-05-03 00:00:00,0.528967822893
2009-05-04 00:00:00,0.528967822893
2009-05-05 00:00:00,0.528967822893
2009-05-06 00:00:00,0.528967822893
2009-05-07 00:00:00,0.528967822893
2009-05-08 00:00:00,0.528967822893
2009-05-09 00:00:00,0.528967822893
2009-05-10 00:00:00,0.528967822893
2009-05-11 00:00:00,0.528967822893
2009-05-12 00:00:00,0.528967822893
2009-05-13 00:00:00,0.528967822893
2009-05-14 00:00:00,0.528967822893
2009-05-30 00:00:00,0.82628259831
2009-05-31 00:00:00,0.82628259831
2009-06-01 00:00:00,0.82628259831
2009-06-02 00:00:00,0.82628259831
2009-06-03 00:00:00,0.82628259831
2009-06-04 00:00:00,0.82628259831
2009-06-05 00:00:00,0.82628259831
2009-06-06 00:00:00,0.82628259831
2009-06-07 00:00:00,0.82628259831
2009-06-08 00:00:00,0.82628259831
2009-06-09 00:00:00,0.82628259831
2009-06-10 00:00:00,0.82628259831
2009-06-11 00:00:00,0.82628259831
2009-06-12 00:00:00,0.82628259831
2009-06-13 00:00:00,0.82628259831
2009-06-14 00:00:00,0.82628259831
2009-06-15 00:00:00,0.82628259831
2009-06-16 00:00:00,0.82628259831
2009-06-17 00:00:00,0.82628259831
2009-06-18 00:00:00,0.82628259831
2009-06-19 00:00:00,0.82628259831
2009-06-20 00:00:00,0.82628259831
2009-06-21 00:00:00,0.82628259831
2009-06-22 00:00:00,0.82628259831
2009-06-23 00:00:00,0.82628259831
2009-06-24 00:00:00,0.82628259831
2009-06-25 00:00:00,0.82628259831
2009-06-26 00:00:00,0.82628259831
2009-06-27 00:00:00,0.82628259831
2009-06-28 00:00:00,0.82628259831
2009-08-13 00:00:00,0.626763764716
2009-08-14 00:00:00,0.626763764716
2009-08-15 00:00:00,0.626763764716
2009-08-16 00:00:00,0.626763764716
2009-08-17 00:00:00,0.626763764716
2009-08-18 00:00:00,0.626763764716
2009-08-19 00:00:00,0.626763764716
2009-08-20 00:00:00,0.626763764716
2009-08-21 00:00:00,0.626763764716
2009-08-22 00:00:00,0.626763764716
2009-08-23 00:00:00,0.626763764716
2009-08-24 00:00:00,0.626763764716
2009-08-25 00:00:00,0.626763764716
2009-08-26 00:00:00,0.626763764716
2009-08-27 00:00:00,0.626763764716
2009-11-26 00:00:00,0.605428896947
2009-11-27 00:00:00,0.605428896947
2009-11-28 00:00:00,0.605428896947
2009-11-29 00:00:00,0.605428896947
2009-11-30 00:00:00,0.605428896947
2009-12-01 00:00:00,0.605428896947
2009-12-02 00:00:00,0.605428896947
2009-12-03 00:00:00,0.605428896947
2009-12-04 00:00:00,0.605428896947
2009-12-05 00:00:00,0.605428896947
2009-12-06 00:00:00,0.605428896947
2009-12-07 00:00:00,0.605428896947
2009-12-08 00:00:00,0.605428896947
2009-12-09 00:00:00,0.605428896947
2009-12-10 00:00:00,0.605428896947
2009-12-26 00:00:00,0.580089065138
2009-12-27 00:00:00,0.580089065138
2009-12-28 00:00:00,0.580089065138
2009-12-29 00:00:00,0.580089065138
2009-12-30 00:00:00,0.580089065138
2009-12-31 00:00:00,0.580089065138
2010-01-01 00:00:00,0.580089065138
2010-01-02 00:00:00,0.580089065138
2010-01-03 00:00:00,0.580089065138
2010-01-04 00:00:00,0.580089065138
2010-01-05 00:00:00,0.580089065138
2010-01-06 00:00:00,0.580089065138
2010-01-07 00:00:00,0.580089065138
2010-01-08 00:00:00,0.580089065138
2010-01-09 00:00:00,0.580089065138
2010-01-25 00:00:00,0.822815606234
2010-01-26 00:00:00,0.822815606234
2010-01-27 00:00:00,0.822815606234
2010-01-28 00:00:00,0.822815606234
2010-01-29 00:00:00,0.822815606234
2010-01-30 00:00:00,0.822815606234
2010-01-31 00:00:00,0.822815606234
2010-02-01 00:00:00,0.822815606234
2010-02-02 00:00:00,0.822815606234
2010-02-03 00:00:00,0.822815606234
2010-02-04 00:00:00,0.822815606234
2010-02-05 00:00:00,0.822815606234
2010-02-06 00:00:00,0.822815606234
2010-02-07 00:00:00,0.822815606234
2010-02-08 00:00:00,0.822815606234
News Data
Start Date, End Date,News Source,Link,Days,Reason,Comment,Days Reported
Linear Regression Result:::
Date,Value
2007-10-04 00:00:00,81.8349245728
2007-10-05 00:00:00,81.8349245728
2007-10-06 00:00:00,81.8349245728
2007-10-07 00:00:00,81.8349245728
2007-10-08 00:00:00,81.8349245728
2007-10-09 00:00:00,81.8349245728
2007-10-10 00:00:00,81.8349245728
2007-10-11 00:00:00,81.8349245728
2007-10-12 00:00:00,81.8349245728
2007-10-13 00:00:00,81.8349245728
2007-10-14 00:00:00,81.8349245728
2007-10-15 00:00:00,81.8349245728
2007-10-16 00:00:00,81.8349245728
2007-10-17 00:00:00,81.8349245728
2007-10-18 00:00:00,81.8349245728
2007-10-19 00:00:00,81.8349245728
2007-10-20 00:00:00,81.8349245728
2007-10-21 00:00:00,81.8349245728
2007-10-22 00:00:00,81.8349245728
2007-10-23 00:00:00,81.8349245728
2007-10-24 00:00:00,81.8349245728
2007-10-25 00:00:00,81.8349245728
2007-10-26 00:00:00,81.8349245728
2007-10-27 00:00:00,81.8349245728
2007-10-28 00:00:00,81.8349245728
2007-10-29 00:00:00,81.8349245728
2010-12-19 00:00:00,233.192895918
2010-12-20 00:00:00,233.192895918
2010-12-21 00:00:00,233.192895918
2010-12-22 00:00:00,233.192895918
2010-12-23 00:00:00,233.192895918
2010-12-24 00:00:00,233.192895918
2010-12-25 00:00:00,233.192895918
2010-12-26 00:00:00,233.192895918
2010-12-27 00:00:00,233.192895918
2010-12-28 00:00:00,233.192895918
2010-12-29 00:00:00,233.192895918
2010-12-30 00:00:00,233.192895918
2010-12-31 00:00:00,233.192895918
2011-01-01 00:00:00,233.192895918
2011-01-02 00:00:00,233.192895918
2011-01-03 00:00:00,233.192895918
2011-01-04 00:00:00,233.192895918
2011-01-05 00:00:00,233.192895918
2011-01-06 00:00:00,233.192895918
2011-01-07 00:00:00,233.192895918
2011-01-08 00:00:00,233.192895918
2011-01-09 00:00:00,233.192895918
2011-01-10 00:00:00,233.192895918
2011-01-11 00:00:00,233.192895918
2011-01-12 00:00:00,233.192895918
2011-01-13 00:00:00,233.192895918
2011-01-14 00:00:00,233.192895918
2011-01-15 00:00:00,233.192895918
2011-01-16 00:00:00,233.192895918
2011-01-17 00:00:00,233.192895918
2011-01-18 00:00:00,233.192895918
2011-01-19 00:00:00,233.192895918
2011-01-20 00:00:00,233.192895918
2011-01-21 00:00:00,233.192895918
2011-01-22 00:00:00,233.192895918
2011-01-23 00:00:00,233.192895918
2011-01-24 00:00:00,233.192895918
2011-01-25 00:00:00,233.192895918
2011-01-26 00:00:00,233.192895918
2011-01-27 00:00:00,233.192895918
2011-01-28 00:00:00,233.192895918
2011-01-29 00:00:00,233.192895918
2011-01-30 00:00:00,233.192895918
2011-01-31 00:00:00,233.192895918
2011-02-01 00:00:00,233.192895918
2011-02-02 00:00:00,233.192895918
2011-02-03 00:00:00,233.192895918
2011-02-04 00:00:00,233.192895918
2011-02-05 00:00:00,233.192895918
2011-02-06 00:00:00,233.192895918
2011-02-07 00:00:00,233.192895918
2011-02-08 00:00:00,233.192895918
2011-02-09 00:00:00,233.192895918
2013-08-07 00:00:00,300.192819555
2013-08-08 00:00:00,300.192819555
2013-08-09 00:00:00,300.192819555
2013-08-10 00:00:00,300.192819555
2013-08-11 00:00:00,300.192819555
2013-08-12 00:00:00,300.192819555
2013-08-13 00:00:00,300.192819555
2013-08-14 00:00:00,300.192819555
2013-08-15 00:00:00,300.192819555
2013-08-16 00:00:00,300.192819555
2013-08-17 00:00:00,300.192819555
2013-08-18 00:00:00,300.192819555
2013-08-19 00:00:00,300.192819555
2013-08-20 00:00:00,300.192819555
2013-08-21 00:00:00,300.192819555
2013-08-22 00:00:00,300.192819555
2013-08-23 00:00:00,300.192819555
2013-08-24 00:00:00,300.192819555
2013-08-25 00:00:00,300.192819555
2013-08-26 00:00:00,300.192819555
2013-08-27 00:00:00,300.192819555
2013-08-28 00:00:00,300.192819555
2013-08-29 00:00:00,300.192819555
2013-08-30 00:00:00,300.192819555
2013-08-31 00:00:00,300.192819555
2013-09-01 00:00:00,300.192819555
2013-09-02 00:00:00,300.192819555
2013-09-03 00:00:00,300.192819555
2013-09-04 00:00:00,300.192819555
2013-09-05 00:00:00,300.192819555
2013-09-06 00:00:00,300.192819555
2013-09-07 00:00:00,300.192819555
2013-09-08 00:00:00,300.192819555
2013-09-09 00:00:00,300.192819555
2013-09-10 00:00:00,300.192819555
2013-09-11 00:00:00,300.192819555
2013-09-12 00:00:00,300.192819555
2013-09-13 00:00:00,300.192819555
2013-09-14 00:00:00,300.192819555
2013-09-15 00:00:00,300.192819555
2013-09-16 00:00:00,300.192819555
2013-09-17 00:00:00,300.192819555
2013-09-18 00:00:00,300.192819555
2013-09-19 00:00:00,300.192819555
2013-09-20 00:00:00,300.192819555
2013-09-21 00:00:00,300.192819555
2013-09-22 00:00:00,300.192819555
2013-09-23 00:00:00,300.192819555
2013-09-24 00:00:00,300.192819555
2013-09-25 00:00:00,300.192819555
2013-09-26 00:00:00,300.192819555
2013-09-27 00:00:00,300.192819555
2013-09-28 00:00:00,300.192819555
2013-09-29 00:00:00,300.192819555
2013-09-30 00:00:00,300.192819555
2013-10-01 00:00:00,300.192819555
2013-10-02 00:00:00,300.192819555
2013-10-03 00:00:00,300.192819555
2013-10-04 00:00:00,300.192819555
2013-10-05 00:00:00,300.192819555
2013-10-06 00:00:00,300.192819555
2013-10-07 00:00:00,300.192819555
2013-10-08 00:00:00,300.192819555
2013-10-09 00:00:00,300.192819555
2013-10-10 00:00:00,300.192819555
2013-10-11 00:00:00,300.192819555
2013-10-12 00:00:00,300.192819555
2013-10-13 00:00:00,300.192819555
2013-10-14 00:00:00,300.192819555
2013-10-15 00:00:00,300.192819555
2013-10-16 00:00:00,300.192819555
2013-10-17 00:00:00,300.192819555
2013-10-18 00:00:00,300.192819555
2013-10-19 00:00:00,300.192819555
2013-10-20 00:00:00,300.192819555
2013-10-21 00:00:00,300.192819555
2013-10-22 00:00:00,300.192819555
2013-10-23 00:00:00,300.192819555
2013-10-24 00:00:00,300.192819555
2013-10-25 00:00:00,300.192819555
2013-10-26 00:00:00,300.192819555
2013-10-27 00:00:00,300.192819555
2013-10-28 00:00:00,300.192819555
2013-10-29 00:00:00,300.192819555
2013-10-30 00:00:00,300.192819555
2013-10-31 00:00:00,300.192819555
2013-11-01 00:00:00,300.192819555
2013-11-02 00:00:00,300.192819555
2013-11-03 00:00:00,300.192819555
2013-11-04 00:00:00,300.192819555
2013-11-05 00:00:00,300.192819555
2013-11-06 00:00:00,300.192819555
2013-11-07 00:00:00,300.192819555
2013-11-08 00:00:00,300.192819555
2013-11-09 00:00:00,300.192819555
2013-11-10 00:00:00,300.192819555
2013-11-11 00:00:00,300.192819555
2013-11-12 00:00:00,300.192819555
2013-11-13 00:00:00,300.192819555
2013-11-14 00:00:00,300.192819555
2013-11-15 00:00:00,300.192819555
2013-11-16 00:00:00,300.192819555
2013-11-17 00:00:00,300.192819555
2013-11-18 00:00:00,300.192819555
2013-11-19 00:00:00,300.192819555
2013-11-20 00:00:00,300.192819555
2013-11-21 00:00:00,300.192819555
2013-11-22 00:00:00,300.192819555
2013-11-23 00:00:00,300.192819555
2013-11-24 00:00:00,300.192819555
2013-11-25 00:00:00,300.192819555
2013-11-26 00:00:00,300.192819555
2013-11-27 00:00:00,300.192819555
2013-11-28 00:00:00,300.192819555
2013-11-29 00:00:00,300.192819555
2013-11-30 00:00:00,300.192819555
2013-12-01 00:00:00,300.192819555
2013-12-02 00:00:00,300.192819555
2013-12-03 00:00:00,300.192819555
2013-12-04 00:00:00,300.192819555
2013-12-05 00:00:00,300.192819555
2013-12-06 00:00:00,300.192819555
2013-12-07 00:00:00,300.192819555
2013-12-08 00:00:00,300.192819555
2013-12-09 00:00:00,300.192819555
2013-12-10 00:00:00,300.192819555
2013-12-11 00:00:00,300.192819555
2013-12-12 00:00:00,300.192819555
2013-12-13 00:00:00,300.192819555
2013-12-14 00:00:00,300.192819555
2013-12-15 00:00:00,300.192819555
2013-12-16 00:00:00,300.192819555
2013-12-17 00:00:00,300.192819555
2013-12-18 00:00:00,300.192819555
2013-12-19 00:00:00,300.192819555
2013-12-20 00:00:00,300.192819555
2014-07-28 00:00:00,96.7176338221
2014-07-29 00:00:00,96.7176338221
2014-07-30 00:00:00,96.7176338221
2014-07-31 00:00:00,96.7176338221
2014-08-01 00:00:00,96.7176338221
2014-08-02 00:00:00,96.7176338221
2014-08-03 00:00:00,96.7176338221
2014-08-04 00:00:00,96.7176338221
2014-08-05 00:00:00,96.7176338221
2014-08-06 00:00:00,96.7176338221
2014-08-07 00:00:00,96.7176338221
2014-08-08 00:00:00,96.7176338221
2014-08-09 00:00:00,96.7176338221
2014-08-10 00:00:00,96.7176338221
2014-08-11 00:00:00,96.7176338221
2014-08-12 00:00:00,96.7176338221
2014-08-13 00:00:00,96.7176338221
2014-08-14 00:00:00,96.7176338221
2014-08-15 00:00:00,96.7176338221
2014-08-16 00:00:00,96.7176338221
2014-08-17 00:00:00,96.7176338221
2014-08-18 00:00:00,96.7176338221
2014-08-19 00:00:00,96.7176338221
2014-08-20 00:00:00,96.7176338221
2014-08-21 00:00:00,96.7176338221
2014-08-22 00:00:00,96.7176338221
2014-08-23 00:00:00,96.7176338221
2014-08-24 00:00:00,96.7176338221
2014-08-25 00:00:00,96.7176338221
2014-08-26 00:00:00,96.7176338221
2014-08-27 00:00:00,96.7176338221
2014-08-28 00:00:00,96.7176338221
2014-08-29 00:00:00,96.7176338221
2014-08-30 00:00:00,96.7176338221
2014-08-31 00:00:00,96.7176338221
2014-09-01 00:00:00,96.7176338221
2014-09-02 00:00:00,96.7176338221
2014-09-03 00:00:00,96.7176338221
2014-09-04 00:00:00,96.7176338221
2014-09-05 00:00:00,96.7176338221
2014-09-06 00:00:00,96.7176338221
2014-09-07 00:00:00,96.7176338221
2014-09-08 00:00:00,96.7176338221
2014-09-09 00:00:00,96.7176338221
2014-09-14 00:00:00,78.0631023946
2014-09-15 00:00:00,78.0631023946
2014-09-16 00:00:00,78.0631023946
2014-09-17 00:00:00,78.0631023946
2014-10-01 00:00:00,75.6151612893
2014-10-02 00:00:00,75.6151612893
2014-10-03 00:00:00,75.6151612893
2014-10-05 00:00:00,72.4366497104
2014-10-06 00:00:00,72.4366497104
2014-10-07 00:00:00,72.4366497104
2014-10-12 00:00:00,70.3380766739
2014-10-13 00:00:00,70.3380766739
2014-10-25 00:00:00,74.4987926164
2014-10-26 00:00:00,74.4987926164
2014-10-27 00:00:00,74.4987926164
2014-10-28 00:00:00,74.4987926164
2014-11-02 00:00:00,72.7098681979
2014-11-03 00:00:00,72.7098681979
2014-11-04 00:00:00,72.7098681979
News Data
Start Date, End Date,News Source,Link,Days,Reason,Comment,Days Reported
2010-12-19,2010-12-20,The Hindu,http://www.thehindu.com/business/Economy/imported-onion-arrive-from-pakistan/article965607.ece,1,not stated,,0
2010-12-20,2010-12-20,The Hindu,http://www.thehindu.com/business/Economy/imported-onion-arrive-from-pakistan/article965607.ece,0,not stated,,0
2010-12-21,2010-12-20,The Hindu,http://www.thehindu.com/business/Economy/imported-onion-arrive-from-pakistan/article965607.ece,-1,not stated,,0
2010-12-22,2010-12-20,The Hindu,http://www.thehindu.com/business/Economy/imported-onion-arrive-from-pakistan/article965607.ece,-2,not stated,,0
2010-12-23,2010-12-20,The Hindu,http://www.thehindu.com/business/Economy/imported-onion-arrive-from-pakistan/article965607.ece,-3,not stated,,0
2010-12-24,2010-12-20,The Hindu,http://www.thehindu.com/business/Economy/imported-onion-arrive-from-pakistan/article965607.ece,-4,not stated,,0
2010-12-25,2010-12-20,The Hindu,http://www.thehindu.com/business/Economy/imported-onion-arrive-from-pakistan/article965607.ece,-5,not stated,,0
2010-12-26,2010-12-21,The Economic Times,http://articles.economictimes.indiatimes.com/2010-12-21/news/27586208_1_minimum-export-price-onion-prices-mep,-5,traders nexus,,0
2010-12-27,2010-12-23,NDTV,http://www.ndtv.com/india-news/food-inflation-spikes-govt-blames-the-onion-442821,-4,traders nexus,,0
2010-12-28,2010-12-23,NDTV,http://www.ndtv.com/india-news/food-inflation-spikes-govt-blames-the-onion-442821,-5,traders nexus,,0
2010-12-31,2011-01-05,NDTV,http://www.ndtv.com/india-news/bjp-slams-government-over-split-views-on-inflation-444119,5,not stated,BJP slams government over split views on inflation,365
2011-01-01,2011-01-05,NDTV,http://www.ndtv.com/india-news/bjp-slams-government-over-split-views-on-inflation-444119,4,not stated,BJP slams government over split views on inflation,365
2011-01-02,2011-01-05,NDTV,http://www.ndtv.com/india-news/bjp-slams-government-over-split-views-on-inflation-444119,3,not stated,BJP slams government over split views on inflation,365
2011-01-03,2011-01-05,NDTV,http://www.ndtv.com/india-news/bjp-slams-government-over-split-views-on-inflation-444119,2,not stated,BJP slams government over split views on inflation,365
2011-01-04,2011-01-05,NDTV,http://www.ndtv.com/india-news/bjp-slams-government-over-split-views-on-inflation-444119,1,not stated,BJP slams government over split views on inflation,365
2011-01-05,2011-01-05,NDTV,http://www.ndtv.com/india-news/bjp-slams-government-over-split-views-on-inflation-444119,0,not stated,BJP slams government over split views on inflation,365
2011-01-06,2011-01-05,NDTV,http://www.ndtv.com/india-news/bjp-slams-government-over-split-views-on-inflation-444119,-1,not stated,BJP slams government over split views on inflation,365
2011-01-07,2011-01-05,NDTV,http://www.ndtv.com/india-news/bjp-slams-government-over-split-views-on-inflation-444119,-2,not stated,BJP slams government over split views on inflation,365
2011-01-08,2011-01-05,NDTV,http://www.ndtv.com/india-news/bjp-slams-government-over-split-views-on-inflation-444119,-3,not stated,BJP slams government over split views on inflation,365
2011-01-09,2011-01-05,NDTV,http://www.ndtv.com/india-news/bjp-slams-government-over-split-views-on-inflation-444119,-4,not stated,BJP slams government over split views on inflation,365
2011-01-10,2011-01-05,NDTV,http://www.ndtv.com/india-news/bjp-slams-government-over-split-views-on-inflation-444119,-5,not stated,BJP slams government over split views on inflation,365
2011-01-11,2011-01-06,The Times of India,http://timesofindia.indiatimes.com/business/india-business/-Retail-onion-prices-up-by-Rs-5-10/kg-on-Pak-export-ban-reports/articleshow/7230895.cms,-5,Pak banned export,,0
2011-01-12,2011-01-07,The Hindu,http://www.thehindu.com/business/act-swiftly-against-hoarders-pranab/article1051003.ece,-5,traders nexus,main article on inflation, but it says due to hoarding onion prices are high.,0
2013-08-07,2013-08-06,The Hindu,http://www.thehindu.com/news/cities/Delhi/onion-prices-bring-tears-yet-again/article4995124.ece,-1,low production,Even Hoaders are responsible to some extent,0
2013-08-08,2013-08-06,The Hindu,http://www.thehindu.com/news/cities/Delhi/onion-prices-bring-tears-yet-again/article4995124.ece,-2,low production,Even Hoaders are responsible to some extent,0
2013-08-09,2013-08-06,The Hindu,http://www.thehindu.com/news/cities/Delhi/onion-prices-bring-tears-yet-again/article4995124.ece,-3,low production,Even Hoaders are responsible to some extent,0
2013-08-10,2013-08-06,The Hindu,http://www.thehindu.com/news/cities/Delhi/onion-prices-bring-tears-yet-again/article4995124.ece,-4,low production,Even Hoaders are responsible to some extent,0
2013-08-11,2013-08-06,The Hindu,http://www.thehindu.com/news/cities/Delhi/onion-prices-bring-tears-yet-again/article4995124.ece,-5,low production,Even Hoaders are responsible to some extent,0
2013-08-12,2013-08-11,DNA,http://www.dnaindia.com/india/report-onion-prices-rise-to-rs-55-60kg-hike-bring-tears-in-eyes-of-people-1873151,-1,low production,,10
2013-08-13,2013-08-11,DNA,http://www.dnaindia.com/india/report-onion-prices-rise-to-rs-55-60kg-hike-bring-tears-in-eyes-of-people-1873151,-2,low production,,10
2013-08-14,2013-08-11,DNA,http://www.dnaindia.com/india/report-onion-prices-rise-to-rs-55-60kg-hike-bring-tears-in-eyes-of-people-1873151,-3,low production,,10
2013-08-15,2013-08-11,DNA,http://www.dnaindia.com/india/report-onion-prices-rise-to-rs-55-60kg-hike-bring-tears-in-eyes-of-people-1873151,-4,low production,,10
2013-08-16,2013-08-11,DNA,http://www.dnaindia.com/india/report-onion-prices-rise-to-rs-55-60kg-hike-bring-tears-in-eyes-of-people-1873151,-5,low production,,10
2013-08-17,2013-08-13,Telegraph,http://www.telegraphindia.com/1130813/jsp/odisha/story_17226115.jsp,-4,low supply,,30
2013-08-18,2013-08-13,Telegraph,http://www.telegraphindia.com/1130813/jsp/odisha/story_17226115.jsp,-5,low supply,,30
2013-08-19,2013-08-14,The Hindu,http://www.thehindu.com/news/national/cos-meeting-to-wipe-onion-tears/article5019702.ece,-5,low supply,Possiblity of hoarding highlighted clearly,0
2013-08-20,2013-08-17,Zee News,http://zeenews.india.com/news/nation/will-give-onions-as-rakhi-gift-to-my-sisters-yashwant-sinha_869682.html,-3,traders nexus,BJP accuseed to traders, not stated by article author exactly,None
2013-08-21,2013-08-17,Zee News,http://zeenews.india.com/news/nation/will-give-onions-as-rakhi-gift-to-my-sisters-yashwant-sinha_869682.html,-4,traders nexus,BJP accuseed to traders, not stated by article author exactly,None
2013-08-22,2013-08-17,Zee News,http://zeenews.india.com/news/nation/will-give-onions-as-rakhi-gift-to-my-sisters-yashwant-sinha_869682.html,-5,traders nexus,BJP accuseed to traders, not stated by article author exactly,None
2013-08-23,2013-08-21,The Hindu,http://www.thehindu.com/business/Industry/onion-prices-jump-to-rs-80kg-again/article5044776.ece,-2,low supply,Prices hiked again,0
2013-08-24,2013-08-21,The Hindu,http://www.thehindu.com/business/Industry/onion-prices-jump-to-rs-80kg-again/article5044776.ece,-3,low supply,Prices hiked again,0
2013-08-25,2013-08-21,The Hindu,http://www.thehindu.com/business/Industry/onion-prices-jump-to-rs-80kg-again/article5044776.ece,-4,low supply,Prices hiked again,0
2013-08-26,2013-08-21,The Hindu,http://www.thehindu.com/business/Industry/onion-prices-jump-to-rs-80kg-again/article5044776.ece,-5,low supply,Prices hiked again,0
2013-08-27,2013-08-22,Money Control,http://www.moneycontrol.com/news/economy/onion-prices-shoot-back-to-rs-80kgmany-partsindia_939103.html,-5,not stated,,1
2013-08-29,2013-09-03,NDTV,http://www.ndtv.com/india-news/onion-prices-may-ease-when-south-india-crop-hits-market-government-533474,5,low supply,,0
2013-08-30,2013-09-03,NDTV,http://www.ndtv.com/india-news/onion-prices-may-ease-when-south-india-crop-hits-market-government-533474,4,low supply,,0
2013-08-31,2013-09-03,NDTV,http://www.ndtv.com/india-news/onion-prices-may-ease-when-south-india-crop-hits-market-government-533474,3,low supply,,0
2013-09-01,2013-09-03,NDTV,http://www.ndtv.com/india-news/onion-prices-may-ease-when-south-india-crop-hits-market-government-533474,2,low supply,,0
2013-09-02,2013-09-03,NDTV,http://www.ndtv.com/india-news/onion-prices-may-ease-when-south-india-crop-hits-market-government-533474,1,low supply,,0
2013-09-03,2013-09-03,NDTV,http://www.ndtv.com/india-news/onion-prices-may-ease-when-south-india-crop-hits-market-government-533474,0,low supply,,0
2013-09-04,2013-09-03,NDTV,http://www.ndtv.com/india-news/onion-prices-may-ease-when-south-india-crop-hits-market-government-533474,-1,low supply,,0
2013-09-05,2013-09-03,NDTV,http://www.ndtv.com/india-news/onion-prices-may-ease-when-south-india-crop-hits-market-government-533474,-2,low supply,,0
2013-09-06,2013-09-03,NDTV,http://www.ndtv.com/india-news/onion-prices-may-ease-when-south-india-crop-hits-market-government-533474,-3,low supply,,0
2013-09-07,2013-09-03,NDTV,http://www.ndtv.com/india-news/onion-prices-may-ease-when-south-india-crop-hits-market-government-533474,-4,low supply,,0
2013-09-08,2013-09-03,NDTV,http://www.ndtv.com/india-news/onion-prices-may-ease-when-south-india-crop-hits-market-government-533474,-5,low supply,,0
2013-09-13,2013-09-18,The Times of India,http://timesofindia.indiatimes.com/india/Onion-price-rise-may-be-due-to-hoarding-Centre/articleshow/22672225.cms,5,traders nexus,no,None
2013-09-14,2013-09-18,The Times of India,http://timesofindia.indiatimes.com/india/Onion-price-rise-may-be-due-to-hoarding-Centre/articleshow/22672225.cms,4,traders nexus,no,None
2013-09-15,2013-09-18,The Times of India,http://timesofindia.indiatimes.com/india/Onion-price-rise-may-be-due-to-hoarding-Centre/articleshow/22672225.cms,3,traders nexus,no,None
2013-09-16,2013-09-18,The Times of India,http://timesofindia.indiatimes.com/india/Onion-price-rise-may-be-due-to-hoarding-Centre/articleshow/22672225.cms,2,traders nexus,no,None
2013-09-17,2013-09-18,The Times of India,http://timesofindia.indiatimes.com/india/Onion-price-rise-may-be-due-to-hoarding-Centre/articleshow/22672225.cms,1,traders nexus,no,None
2013-09-18,2013-09-18,The Times of India,http://timesofindia.indiatimes.com/india/Onion-price-rise-may-be-due-to-hoarding-Centre/articleshow/22672225.cms,0,traders nexus,no,None
2013-09-19,2013-09-18,The Times of India,http://timesofindia.indiatimes.com/india/Onion-price-rise-may-be-due-to-hoarding-Centre/articleshow/22672225.cms,-1,traders nexus,no,None
2013-09-20,2013-09-18,The Times of India,http://timesofindia.indiatimes.com/india/Onion-price-rise-may-be-due-to-hoarding-Centre/articleshow/22672225.cms,-2,traders nexus,no,None
2013-09-21,2013-09-18,The Times of India,http://timesofindia.indiatimes.com/india/Onion-price-rise-may-be-due-to-hoarding-Centre/articleshow/22672225.cms,-3,traders nexus,no,None
2013-09-22,2013-09-18,The Times of India,http://timesofindia.indiatimes.com/india/Onion-price-rise-may-be-due-to-hoarding-Centre/articleshow/22672225.cms,-4,traders nexus,no,None
2013-09-23,2013-09-18,The Times of India,http://timesofindia.indiatimes.com/india/Onion-price-rise-may-be-due-to-hoarding-Centre/articleshow/22672225.cms,-5,traders nexus,no,None
2013-10-05,2013-10-10,The Economic Times,http://articles.economictimes.indiatimes.com/2013-10-10/news/42903314_1_export-price-price-rise-onion-prices,5,traders nexus,,0
2013-10-06,2013-10-10,The Economic Times,http://articles.economictimes.indiatimes.com/2013-10-10/news/42903314_1_export-price-price-rise-onion-prices,4,traders nexus,,0
2013-10-07,2013-10-10,The Economic Times,http://articles.economictimes.indiatimes.com/2013-10-10/news/42903314_1_export-price-price-rise-onion-prices,3,traders nexus,,0
2013-10-08,2013-10-10,The Economic Times,http://articles.economictimes.indiatimes.com/2013-10-10/news/42903314_1_export-price-price-rise-onion-prices,2,traders nexus,,0
2013-10-09,2013-10-10,The Economic Times,http://articles.economictimes.indiatimes.com/2013-10-10/news/42903314_1_export-price-price-rise-onion-prices,1,traders nexus,,0
2013-10-10,2013-10-10,The Economic Times,http://articles.economictimes.indiatimes.com/2013-10-10/news/42903314_1_export-price-price-rise-onion-prices,0,traders nexus,,0
2013-10-11,2013-10-10,The Economic Times,http://articles.economictimes.indiatimes.com/2013-10-10/news/42903314_1_export-price-price-rise-onion-prices,-1,traders nexus,,0
2013-10-12,2013-10-10,The Economic Times,http://articles.economictimes.indiatimes.com/2013-10-10/news/42903314_1_export-price-price-rise-onion-prices,-2,traders nexus,,0
2013-10-13,2013-10-10,The Economic Times,http://articles.economictimes.indiatimes.com/2013-10-10/news/42903314_1_export-price-price-rise-onion-prices,-3,traders nexus,,0
2013-10-14,2013-10-10,The Economic Times,http://articles.economictimes.indiatimes.com/2013-10-10/news/42903314_1_export-price-price-rise-onion-prices,-4,traders nexus,,0
2013-10-15,2013-10-10,The Economic Times,http://articles.economictimes.indiatimes.com/2013-10-10/news/42903314_1_export-price-price-rise-onion-prices,-5,traders nexus,,0
2013-10-17,2013-10-22,NDTV,http://profit.ndtv.com/news/cheat-sheet/article-why-onion-prices-are-inching-towards-rs-100-per-kg-370138,5,low supply,,0
2013-10-18,2013-10-22,NDTV,http://profit.ndtv.com/news/cheat-sheet/article-why-onion-prices-are-inching-towards-rs-100-per-kg-370138,4,low supply,,0
2013-10-19,2013-10-22,NDTV,http://profit.ndtv.com/news/cheat-sheet/article-why-onion-prices-are-inching-towards-rs-100-per-kg-370138,3,low supply,,0
2013-10-20,2013-10-22,NDTV,http://profit.ndtv.com/news/cheat-sheet/article-why-onion-prices-are-inching-towards-rs-100-per-kg-370138,2,low supply,,0
2013-10-21,2013-10-22,NDTV,http://profit.ndtv.com/news/cheat-sheet/article-why-onion-prices-are-inching-towards-rs-100-per-kg-370138,1,low supply,,0
2013-10-22,2013-10-22,NDTV,http://profit.ndtv.com/news/cheat-sheet/article-why-onion-prices-are-inching-towards-rs-100-per-kg-370138,0,low supply,,0
2013-10-23,2013-10-22,NDTV,http://profit.ndtv.com/news/cheat-sheet/article-why-onion-prices-are-inching-towards-rs-100-per-kg-370138,-1,low supply,,0
2013-10-24,2013-10-22,NDTV,http://profit.ndtv.com/news/cheat-sheet/article-why-onion-prices-are-inching-towards-rs-100-per-kg-370138,-2,low supply,,0
2013-10-25,2013-10-22,NDTV,http://profit.ndtv.com/news/cheat-sheet/article-why-onion-prices-are-inching-towards-rs-100-per-kg-370138,-3,low supply,,0
2013-10-26,2013-10-22,NDTV,http://profit.ndtv.com/news/cheat-sheet/article-why-onion-prices-are-inching-towards-rs-100-per-kg-370138,-4,low supply,,0
2013-10-27,2013-10-22,NDTV,http://profit.ndtv.com/news/cheat-sheet/article-why-onion-prices-are-inching-towards-rs-100-per-kg-370138,-5,low supply,,0
2013-10-28,2013-10-23,The Economic Times,http://articles.economictimes.indiatimes.com/2013-10-23/news/43326601_1_nafed-tender-onion-crop,-5,traders nexus,no,None
2013-10-29,2013-10-24,The Hindu,http://www.thehindu.com/business/Industry/india-floats-tender-for-import-of-onions/article5264970.ece,-5,traders nexus,,10
2013-10-30,2013-10-25,Money Control,http://www.moneycontrol.com/news/economy/onion-prices-remain-high-at-rs-100kg-crisis-to-continue_976318.html,-5,traders nexus,,7
2013-10-31,2013-10-26,NDTV,http://www.ndtv.com/india-news/chief-ministers-onion-mission-begins-in-assam-538929,-5,Not mentioned,,0
2013-11-01,2013-10-28,DNA,http://www.dnaindia.com/mumbai/report-dna-exclusive-traders-not-farmers-making-the-most-of-soaring-onion-price-1909850,-4,traders nexus,,0
2013-11-02,2013-10-28,DNA,http://www.dnaindia.com/mumbai/report-dna-exclusive-traders-not-farmers-making-the-most-of-soaring-onion-price-1909850,-5,traders nexus,,0
2013-11-03,2013-11-04,The Hindu,http://www.thehindu.com/business/markets/govt-hikes-onion-mep-to-1150-per-tonne-to-check-prices/article5313950.ece,1,low supply,,30
2013-11-04,2013-11-04,The Hindu,http://www.thehindu.com/business/markets/govt-hikes-onion-mep-to-1150-per-tonne-to-check-prices/article5313950.ece,0,low supply,,30
2013-11-05,2013-11-04,The Hindu,http://www.thehindu.com/business/markets/govt-hikes-onion-mep-to-1150-per-tonne-to-check-prices/article5313950.ece,-1,low supply,,30
2013-11-06,2013-11-04,The Hindu,http://www.thehindu.com/business/markets/govt-hikes-onion-mep-to-1150-per-tonne-to-check-prices/article5313950.ece,-2,low supply,,30
2013-11-07,2013-11-04,The Hindu,http://www.thehindu.com/business/markets/govt-hikes-onion-mep-to-1150-per-tonne-to-check-prices/article5313950.ece,-3,low supply,,30
2013-11-08,2013-11-04,The Hindu,http://www.thehindu.com/business/markets/govt-hikes-onion-mep-to-1150-per-tonne-to-check-prices/article5313950.ece,-4,low supply,,30
2013-11-09,2013-11-04,The Hindu,http://www.thehindu.com/business/markets/govt-hikes-onion-mep-to-1150-per-tonne-to-check-prices/article5313950.ece,-5,low supply,,30
2013-11-10,2013-11-06,The Hindu,http://www.thehindu.com/business/Industry/after-onions-tomato-prices-soar/article5317582.ece,-4,Increased prices of onion,,0
2013-11-11,2013-11-06,The Hindu,http://www.thehindu.com/business/Industry/after-onions-tomato-prices-soar/article5317582.ece,-5,Increased prices of onion,,0
2013-11-12,2013-11-13,The Times of India,http://timesofindia.indiatimes.com/india/No-let-up-in-prices-of-onion-potato-tomato/articleshow/25664320.cms,1,traders nexus,,12
2013-11-13,2013-11-13,The Times of India,http://timesofindia.indiatimes.com/india/No-let-up-in-prices-of-onion-potato-tomato/articleshow/25664320.cms,0,traders nexus,,12
2013-11-14,2013-11-13,The Times of India,http://timesofindia.indiatimes.com/india/No-let-up-in-prices-of-onion-potato-tomato/articleshow/25664320.cms,-1,traders nexus,,12
2013-11-15,2013-11-13,The Times of India,http://timesofindia.indiatimes.com/india/No-let-up-in-prices-of-onion-potato-tomato/articleshow/25664320.cms,-2,traders nexus,,12
2013-11-16,2013-11-13,The Times of India,http://timesofindia.indiatimes.com/india/No-let-up-in-prices-of-onion-potato-tomato/articleshow/25664320.cms,-3,traders nexus,,12
2013-11-17,2013-11-13,The Times of India,http://timesofindia.indiatimes.com/india/No-let-up-in-prices-of-onion-potato-tomato/articleshow/25664320.cms,-4,traders nexus,,12
2013-11-18,2013-11-13,The Times of India,http://timesofindia.indiatimes.com/india/No-let-up-in-prices-of-onion-potato-tomato/articleshow/25664320.cms,-5,traders nexus,,12
2013-11-19,2013-11-15,The Times of India,http://timesofindia.indiatimes.com/business/india-business/Onion-prices-up-278-tomato-122-in-one-year/articleshow/25780005.cms,-4,not stated,,365
2013-11-20,2013-11-15,The Times of India,http://timesofindia.indiatimes.com/business/india-business/Onion-prices-up-278-tomato-122-in-one-year/articleshow/25780005.cms,-5,not stated,,365
2013-11-21,2013-11-19,First Post,http://www.firstpost.com/politics/onion-tomato-price-hoardings-to-malign-party-cong-writes-to-ec-1238589.html,-2,traders nexus,,0
2013-11-22,2013-11-19,First Post,http://www.firstpost.com/politics/onion-tomato-price-hoardings-to-malign-party-cong-writes-to-ec-1238589.html,-3,traders nexus,,0
2013-11-23,2013-11-19,First Post,http://www.firstpost.com/politics/onion-tomato-price-hoardings-to-malign-party-cong-writes-to-ec-1238589.html,-4,traders nexus,,0
2013-11-24,2013-11-19,First Post,http://www.firstpost.com/politics/onion-tomato-price-hoardings-to-malign-party-cong-writes-to-ec-1238589.html,-5,traders nexus,,0
2013-11-27,2013-12-02,First Post,http://www.firstpost.com/politics/the-onion-trackers-of-delhi-what-sheila-dikshit-should-have-been-watching-1261901.html,5,not stated,,10
2013-11-28,2013-12-02,First Post,http://www.firstpost.com/politics/the-onion-trackers-of-delhi-what-sheila-dikshit-should-have-been-watching-1261901.html,4,not stated,,10
2013-11-29,2013-12-02,First Post,http://www.firstpost.com/politics/the-onion-trackers-of-delhi-what-sheila-dikshit-should-have-been-watching-1261901.html,3,not stated,,10
2013-11-30,2013-12-02,First Post,http://www.firstpost.com/politics/the-onion-trackers-of-delhi-what-sheila-dikshit-should-have-been-watching-1261901.html,2,not stated,,10
2013-12-01,2013-12-02,First Post,http://www.firstpost.com/politics/the-onion-trackers-of-delhi-what-sheila-dikshit-should-have-been-watching-1261901.html,1,not stated,,10
2013-12-02,2013-12-02,First Post,http://www.firstpost.com/politics/the-onion-trackers-of-delhi-what-sheila-dikshit-should-have-been-watching-1261901.html,0,not stated,,10
2013-12-03,2013-12-02,First Post,http://www.firstpost.com/politics/the-onion-trackers-of-delhi-what-sheila-dikshit-should-have-been-watching-1261901.html,-1,not stated,,10
2013-12-04,2013-12-02,First Post,http://www.firstpost.com/politics/the-onion-trackers-of-delhi-what-sheila-dikshit-should-have-been-watching-1261901.html,-2,not stated,,10
2013-12-05,2013-12-02,First Post,http://www.firstpost.com/politics/the-onion-trackers-of-delhi-what-sheila-dikshit-should-have-been-watching-1261901.html,-3,not stated,,10
2013-12-06,2013-12-02,First Post,http://www.firstpost.com/politics/the-onion-trackers-of-delhi-what-sheila-dikshit-should-have-been-watching-1261901.html,-4,not stated,,10
2013-12-07,2013-12-02,First Post,http://www.firstpost.com/politics/the-onion-trackers-of-delhi-what-sheila-dikshit-should-have-been-watching-1261901.html,-5,not stated,,10
2013-12-08,2013-12-13,The Economic Times,http://articles.economictimes.indiatimes.com/2015-09-11/news/66434886_1_lasalgaon-apmc-onion-prices-onion-exporters-association,5,not stated,no,None
2013-12-09,2013-12-13,The Economic Times,http://articles.economictimes.indiatimes.com/2015-09-11/news/66434886_1_lasalgaon-apmc-onion-prices-onion-exporters-association,4,not stated,no,None
2013-12-10,2013-12-13,The Economic Times,http://articles.economictimes.indiatimes.com/2015-09-11/news/66434886_1_lasalgaon-apmc-onion-prices-onion-exporters-association,3,not stated,no,None
2013-12-11,2013-12-13,The Economic Times,http://articles.economictimes.indiatimes.com/2015-09-11/news/66434886_1_lasalgaon-apmc-onion-prices-onion-exporters-association,2,not stated,no,None
2013-12-12,2013-12-13,The Economic Times,http://articles.economictimes.indiatimes.com/2015-09-11/news/66434886_1_lasalgaon-apmc-onion-prices-onion-exporters-association,1,not stated,no,None
2013-12-13,2013-12-13,The Economic Times,http://articles.economictimes.indiatimes.com/2015-09-11/news/66434886_1_lasalgaon-apmc-onion-prices-onion-exporters-association,0,not stated,no,None
2013-12-14,2013-12-13,The Economic Times,http://articles.economictimes.indiatimes.com/2015-09-11/news/66434886_1_lasalgaon-apmc-onion-prices-onion-exporters-association,-1,not stated,no,None
2013-12-15,2013-12-13,The Economic Times,http://articles.economictimes.indiatimes.com/2015-09-11/news/66434886_1_lasalgaon-apmc-onion-prices-onion-exporters-association,-2,not stated,no,None
2013-12-16,2013-12-13,The Economic Times,http://articles.economictimes.indiatimes.com/2015-09-11/news/66434886_1_lasalgaon-apmc-onion-prices-onion-exporters-association,-3,not stated,no,None
2013-12-17,2013-12-13,The Economic Times,http://articles.economictimes.indiatimes.com/2015-09-11/news/66434886_1_lasalgaon-apmc-onion-prices-onion-exporters-association,-4,not stated,no,None
2013-12-18,2013-12-13,The Economic Times,http://articles.economictimes.indiatimes.com/2015-09-11/news/66434886_1_lasalgaon-apmc-onion-prices-onion-exporters-association,-5,not stated,no,None
Graph Based Result:::
Date,Value
News Data
Start Date, End Date,News Source,Link,Days,Reason,Comment,Days Reported
VAR Result:::
Date,Value
News Data
Start Date, End Date,News Source,Link,Days,Reason,Comment,Days Reported
(1U2U3) Result:::
Date
2006-01-01 00:00:00
2006-01-02 00:00:00
2006-01-03 00:00:00
2006-01-04 00:00:00
2006-01-05 00:00:00
2006-01-06 00:00:00
2006-01-07 00:00:00
2006-01-08 00:00:00
2006-01-09 00:00:00
2006-01-10 00:00:00
2006-01-11 00:00:00
2006-01-12 00:00:00
2006-01-13 00:00:00
2006-01-14 00:00:00
2006-01-15 00:00:00
2006-01-31 00:00:00
2006-02-01 00:00:00
2006-02-02 00:00:00
2006-02-03 00:00:00
2006-02-04 00:00:00
2006-02-05 00:00:00
2006-02-06 00:00:00
2006-02-07 00:00:00
2006-02-08 00:00:00
2006-02-09 00:00:00
2006-02-10 00:00:00
2006-02-11 00:00:00
2006-02-12 00:00:00
2006-02-13 00:00:00
2006-02-14 00:00:00
2006-03-17 00:00:00
2006-03-18 00:00:00
2006-03-19 00:00:00
2006-03-20 00:00:00
2006-03-21 00:00:00
2006-03-22 00:00:00
2006-03-23 00:00:00
2006-03-24 00:00:00
2006-03-25 00:00:00
2006-03-26 00:00:00
2006-03-27 00:00:00
2006-03-28 00:00:00
2006-03-29 00:00:00
2006-03-30 00:00:00
2006-03-31 00:00:00
2006-04-01 00:00:00
2006-04-02 00:00:00
2006-04-03 00:00:00
2006-04-04 00:00:00
2006-04-05 00:00:00
2006-04-06 00:00:00
2006-04-07 00:00:00
2006-04-08 00:00:00
2006-04-09 00:00:00
2006-04-10 00:00:00
2006-04-11 00:00:00
2006-04-12 00:00:00
2006-04-13 00:00:00
2006-04-14 00:00:00
2006-04-15 00:00:00
2006-04-16 00:00:00
2006-04-17 00:00:00
2006-04-18 00:00:00
2006-04-19 00:00:00
2006-04-20 00:00:00
2006-04-21 00:00:00
2006-04-22 00:00:00
2006-04-23 00:00:00
2006-04-24 00:00:00
2006-04-25 00:00:00
2006-04-26 00:00:00
2006-04-27 00:00:00
2006-04-28 00:00:00
2006-04-29 00:00:00
2006-04-30 00:00:00
2006-05-16 00:00:00
2006-05-17 00:00:00
2006-05-18 00:00:00
2006-05-19 00:00:00
2006-05-20 00:00:00
2006-05-21 00:00:00
2006-05-22 00:00:00
2006-05-23 00:00:00
2006-05-24 00:00:00
2006-05-25 00:00:00
2006-05-26 00:00:00
2006-05-27 00:00:00
2006-05-28 00:00:00
2006-05-29 00:00:00
2006-05-30 00:00:00
2006-05-31 00:00:00
2006-06-01 00:00:00
2006-06-02 00:00:00
2006-06-03 00:00:00
2006-06-04 00:00:00
2006-06-05 00:00:00
2006-06-06 00:00:00
2006-06-07 00:00:00
2006-06-08 00:00:00
2006-06-09 00:00:00
2006-06-10 00:00:00
2006-06-11 00:00:00
2006-06-12 00:00:00
2006-06-13 00:00:00
2006-06-14 00:00:00
2006-06-30 00:00:00
2006-07-01 00:00:00
2006-07-02 00:00:00
2006-07-03 00:00:00
2006-07-04 00:00:00
2006-07-05 00:00:00
2006-07-06 00:00:00
2006-07-07 00:00:00
2006-07-08 00:00:00
2006-07-09 00:00:00
2006-07-10 00:00:00
2006-07-11 00:00:00
2006-07-12 00:00:00
2006-07-13 00:00:00
2006-07-14 00:00:00
2006-08-14 00:00:00
2006-08-15 00:00:00
2006-08-16 00:00:00
2006-08-17 00:00:00
2006-08-18 00:00:00
2006-08-19 00:00:00
2006-08-20 00:00:00
2006-08-21 00:00:00
2006-08-22 00:00:00
2006-08-23 00:00:00
2006-08-24 00:00:00
2006-08-25 00:00:00
2006-08-26 00:00:00
2006-08-27 00:00:00
2006-08-28 00:00:00
2006-09-13 00:00:00
2006-09-14 00:00:00
2006-09-15 00:00:00
2006-09-16 00:00:00
2006-09-17 00:00:00
2006-09-18 00:00:00
2006-09-19 00:00:00
2006-09-20 00:00:00
2006-09-21 00:00:00
2006-09-22 00:00:00
2006-09-23 00:00:00
2006-09-24 00:00:00
2006-09-25 00:00:00
2006-09-26 00:00:00
2006-09-27 00:00:00
2006-10-13 00:00:00
2006-10-14 00:00:00
2006-10-15 00:00:00
2006-10-16 00:00:00
2006-10-17 00:00:00
2006-10-18 00:00:00
2006-10-19 00:00:00
2006-10-20 00:00:00
2006-10-21 00:00:00
2006-10-22 00:00:00
2006-10-23 00:00:00
2006-10-24 00:00:00
2006-10-25 00:00:00
2006-10-26 00:00:00
2006-10-27 00:00:00
2006-10-28 00:00:00
2006-10-29 00:00:00
2006-10-30 00:00:00
2006-10-31 00:00:00
2006-11-01 00:00:00
2006-11-02 00:00:00
2006-11-03 00:00:00
2006-11-04 00:00:00
2006-11-05 00:00:00
2006-11-06 00:00:00
2006-11-07 00:00:00
2006-11-08 00:00:00
2006-11-09 00:00:00
2006-11-10 00:00:00
2006-11-11 00:00:00
2006-11-27 00:00:00
2006-11-28 00:00:00
2006-11-29 00:00:00
2006-11-30 00:00:00
2006-12-01 00:00:00
2006-12-02 00:00:00
2006-12-03 00:00:00
2006-12-04 00:00:00
2006-12-05 00:00:00
2006-12-06 00:00:00
2006-12-07 00:00:00
2006-12-08 00:00:00
2006-12-09 00:00:00
2006-12-10 00:00:00
2006-12-11 00:00:00
2006-12-12 00:00:00
2006-12-13 00:00:00
2006-12-14 00:00:00
2006-12-15 00:00:00
2006-12-16 00:00:00
2006-12-17 00:00:00
2006-12-18 00:00:00
2006-12-19 00:00:00
2006-12-20 00:00:00
2006-12-21 00:00:00
2006-12-22 00:00:00
2006-12-23 00:00:00
2006-12-24 00:00:00
2006-12-25 00:00:00
2006-12-26 00:00:00
2006-12-27 00:00:00
2006-12-28 00:00:00
2006-12-29 00:00:00
2006-12-30 00:00:00
2007-01-14 00:00:00
2007-01-15 00:00:00
2007-01-16 00:00:00
2007-01-17 00:00:00
2007-01-18 00:00:00
2007-01-19 00:00:00
2007-01-20 00:00:00
2007-01-28 00:00:00
2007-01-29 00:00:00
2007-01-30 00:00:00
2007-01-31 00:00:00
2007-02-01 00:00:00
2007-02-02 00:00:00
2007-02-03 00:00:00
2007-02-10 00:00:00
2007-02-11 00:00:00
2007-02-12 00:00:00
2007-02-13 00:00:00
2007-02-14 00:00:00
2007-02-15 00:00:00
2007-02-16 00:00:00
2007-02-17 00:00:00
2007-02-18 00:00:00
2007-02-19 00:00:00
2007-02-20 00:00:00
2007-02-21 00:00:00
2007-02-22 00:00:00
2007-02-23 00:00:00
2007-02-24 00:00:00
2007-02-25 00:00:00
2007-02-26 00:00:00
2007-02-27 00:00:00
2007-02-28 00:00:00
2007-03-01 00:00:00
2007-03-02 00:00:00
2007-03-03 00:00:00
2007-03-04 00:00:00
2007-03-05 00:00:00
2007-03-06 00:00:00
2007-03-07 00:00:00
2007-03-08 00:00:00
2007-03-09 00:00:00
2007-03-10 00:00:00
2007-03-11 00:00:00
2007-03-25 00:00:00
2007-03-26 00:00:00
2007-03-27 00:00:00
2007-03-28 00:00:00
2007-03-29 00:00:00
2007-03-30 00:00:00
2007-03-31 00:00:00
2007-04-29 00:00:00
2007-04-30 00:00:00
2007-05-01 00:00:00
2007-05-02 00:00:00
2007-05-03 00:00:00
2007-05-04 00:00:00
2007-05-05 00:00:00
2007-05-06 00:00:00
2007-05-07 00:00:00
2007-05-08 00:00:00
2007-05-09 00:00:00
2007-05-10 00:00:00
2007-05-11 00:00:00
2007-05-12 00:00:00
2007-05-20 00:00:00
2007-05-21 00:00:00
2007-05-22 00:00:00
2007-05-23 00:00:00
2007-05-24 00:00:00
2007-05-25 00:00:00
2007-05-26 00:00:00
2007-06-25 00:00:00
2007-06-26 00:00:00
2007-06-27 00:00:00
2007-06-28 00:00:00
2007-06-29 00:00:00
2007-06-30 00:00:00
2007-07-01 00:00:00
2007-07-02 00:00:00
2007-07-03 00:00:00
2007-07-04 00:00:00
2007-07-05 00:00:00
2007-07-06 00:00:00
2007-07-07 00:00:00
2007-07-08 00:00:00
2007-07-09 00:00:00
2007-07-10 00:00:00
2007-07-11 00:00:00
2007-07-12 00:00:00
2007-07-13 00:00:00
2007-07-14 00:00:00
2007-07-15 00:00:00
2007-07-16 00:00:00
2007-07-17 00:00:00
2007-07-18 00:00:00
2007-07-19 00:00:00
2007-07-20 00:00:00
2007-07-21 00:00:00
2007-07-22 00:00:00
2007-07-23 00:00:00
2007-07-24 00:00:00
2007-07-25 00:00:00
2007-07-26 00:00:00
2007-07-27 00:00:00
2007-07-28 00:00:00
2007-07-29 00:00:00
2007-07-30 00:00:00
2007-07-31 00:00:00
2007-08-01 00:00:00
2007-08-02 00:00:00
2007-08-03 00:00:00
2007-08-04 00:00:00
2007-08-05 00:00:00
2007-08-06 00:00:00
2007-08-07 00:00:00
2007-08-08 00:00:00
2007-08-09 00:00:00
2007-08-10 00:00:00
2007-08-11 00:00:00
2007-08-26 00:00:00
2007-08-27 00:00:00
2007-08-28 00:00:00
2007-08-29 00:00:00
2007-08-30 00:00:00
2007-08-31 00:00:00
2007-09-01 00:00:00
2007-09-30 00:00:00
2007-10-01 00:00:00
2007-10-02 00:00:00
2007-10-03 00:00:00
2007-10-04 00:00:00
2007-10-05 00:00:00
2007-10-06 00:00:00
2007-10-07 00:00:00
2007-10-08 00:00:00
2007-10-09 00:00:00
2007-10-10 00:00:00
2007-10-11 00:00:00
2007-10-12 00:00:00
2007-10-13 00:00:00
2007-10-14 00:00:00
2007-10-15 00:00:00
2007-10-16 00:00:00
2007-10-17 00:00:00
2007-10-18 00:00:00
2007-10-19 00:00:00
2007-10-20 00:00:00
2007-10-21 00:00:00
2007-10-22 00:00:00
2007-10-23 00:00:00
2007-10-24 00:00:00
2007-10-25 00:00:00
2007-10-26 00:00:00
2007-10-27 00:00:00
2007-10-28 00:00:00
2007-10-29 00:00:00
2007-10-30 00:00:00
2007-10-31 00:00:00
2007-11-01 00:00:00
2007-11-02 00:00:00
2007-11-03 00:00:00
2007-11-04 00:00:00
2007-11-05 00:00:00
2007-11-06 00:00:00
2007-11-07 00:00:00
2007-11-08 00:00:00
2007-11-09 00:00:00
2007-11-10 00:00:00
2007-11-11 00:00:00
2007-11-12 00:00:00
2007-11-13 00:00:00
2007-11-14 00:00:00
2007-11-15 00:00:00
2007-11-16 00:00:00
2007-11-17 00:00:00
2007-11-18 00:00:00
2007-11-19 00:00:00
2007-11-20 00:00:00
2007-11-21 00:00:00
2007-11-25 00:00:00
2007-11-26 00:00:00
2007-11-27 00:00:00
2007-11-28 00:00:00
2007-11-29 00:00:00
2007-11-30 00:00:00
2007-12-01 00:00:00
2007-12-22 00:00:00
2007-12-23 00:00:00
2007-12-24 00:00:00
2007-12-25 00:00:00
2007-12-26 00:00:00
2007-12-27 00:00:00
2007-12-28 00:00:00
2007-12-29 00:00:00
2007-12-30 00:00:00
2007-12-31 00:00:00
2008-01-01 00:00:00
2008-01-02 00:00:00
2008-01-03 00:00:00
2008-01-04 00:00:00
2008-01-05 00:00:00
2008-02-05 00:00:00
2008-02-06 00:00:00
2008-02-07 00:00:00
2008-02-08 00:00:00
2008-02-09 00:00:00
2008-02-10 00:00:00
2008-02-11 00:00:00
2008-02-12 00:00:00
2008-02-13 00:00:00
2008-02-14 00:00:00
2008-02-15 00:00:00
2008-02-16 00:00:00
2008-02-17 00:00:00
2008-02-18 00:00:00
2008-02-19 00:00:00
2008-03-09 00:00:00
2008-03-10 00:00:00
2008-03-11 00:00:00
2008-03-12 00:00:00
2008-03-13 00:00:00
2008-03-14 00:00:00
2008-03-15 00:00:00
2008-03-21 00:00:00
2008-03-22 00:00:00
2008-03-23 00:00:00
2008-03-24 00:00:00
2008-03-25 00:00:00
2008-03-26 00:00:00
2008-03-27 00:00:00
2008-03-28 00:00:00
2008-03-29 00:00:00
2008-03-30 00:00:00
2008-03-31 00:00:00
2008-04-01 00:00:00
2008-04-02 00:00:00
2008-04-03 00:00:00
2008-04-04 00:00:00
2008-04-27 00:00:00
2008-04-28 00:00:00
2008-04-29 00:00:00
2008-04-30 00:00:00
2008-05-01 00:00:00
2008-05-02 00:00:00
2008-05-03 00:00:00
2008-05-20 00:00:00
2008-05-21 00:00:00
2008-05-22 00:00:00
2008-05-23 00:00:00
2008-05-24 00:00:00
2008-05-25 00:00:00
2008-05-26 00:00:00
2008-05-27 00:00:00
2008-05-28 00:00:00
2008-05-29 00:00:00
2008-05-30 00:00:00
2008-05-31 00:00:00
2008-06-01 00:00:00
2008-06-02 00:00:00
2008-06-03 00:00:00
2008-06-04 00:00:00
2008-06-05 00:00:00
2008-06-06 00:00:00
2008-06-07 00:00:00
2008-06-08 00:00:00
2008-06-09 00:00:00
2008-06-10 00:00:00
2008-06-11 00:00:00
2008-06-12 00:00:00
2008-06-13 00:00:00
2008-06-14 00:00:00
2008-06-15 00:00:00
2008-06-16 00:00:00
2008-06-17 00:00:00
2008-06-18 00:00:00
2008-06-19 00:00:00
2008-06-20 00:00:00
2008-06-21 00:00:00
2008-06-22 00:00:00
2008-06-23 00:00:00
2008-06-24 00:00:00
2008-06-25 00:00:00
2008-06-26 00:00:00
2008-06-27 00:00:00
2008-06-28 00:00:00
2008-06-29 00:00:00
2008-06-30 00:00:00
2008-07-01 00:00:00
2008-07-02 00:00:00
2008-07-03 00:00:00
2008-07-04 00:00:00
2008-07-05 00:00:00
2008-07-06 00:00:00
2008-07-07 00:00:00
2008-07-08 00:00:00
2008-07-09 00:00:00
2008-07-10 00:00:00
2008-07-11 00:00:00
2008-07-12 00:00:00
2008-07-13 00:00:00
2008-07-14 00:00:00
2008-07-15 00:00:00
2008-07-16 00:00:00
2008-07-17 00:00:00
2008-07-18 00:00:00
2008-07-27 00:00:00
2008-07-28 00:00:00
2008-07-29 00:00:00
2008-07-30 00:00:00
2008-07-31 00:00:00
2008-08-01 00:00:00
2008-08-02 00:00:00
2008-08-03 00:00:00
2008-08-04 00:00:00
2008-08-05 00:00:00
2008-08-06 00:00:00
2008-08-07 00:00:00
2008-08-08 00:00:00
2008-08-09 00:00:00
2008-08-10 00:00:00
2008-08-11 00:00:00
2008-08-12 00:00:00
2008-08-13 00:00:00
2008-08-14 00:00:00
2008-08-15 00:00:00
2008-08-16 00:00:00
2008-08-17 00:00:00
2008-09-02 00:00:00
2008-09-03 00:00:00
2008-09-04 00:00:00
2008-09-05 00:00:00
2008-09-06 00:00:00
2008-09-07 00:00:00
2008-09-08 00:00:00
2008-09-09 00:00:00
2008-09-10 00:00:00
2008-09-11 00:00:00
2008-09-12 00:00:00
2008-09-13 00:00:00
2008-09-14 00:00:00
2008-09-15 00:00:00
2008-09-16 00:00:00
2008-11-23 00:00:00
2008-11-24 00:00:00
2008-11-25 00:00:00
2008-11-26 00:00:00
2008-11-27 00:00:00
2008-11-28 00:00:00
2008-11-29 00:00:00
2008-12-01 00:00:00
2008-12-02 00:00:00
2008-12-03 00:00:00
2008-12-04 00:00:00
2008-12-05 00:00:00
2008-12-06 00:00:00
2008-12-07 00:00:00
2008-12-08 00:00:00
2008-12-09 00:00:00
2008-12-10 00:00:00
2008-12-11 00:00:00
2008-12-12 00:00:00
2008-12-13 00:00:00
2008-12-14 00:00:00
2008-12-15 00:00:00
2008-12-28 00:00:00
2008-12-29 00:00:00
2008-12-30 00:00:00
2008-12-31 00:00:00
2009-01-01 00:00:00
2009-01-02 00:00:00
2009-01-03 00:00:00
2009-01-04 00:00:00
2009-01-05 00:00:00
2009-01-06 00:00:00
2009-01-07 00:00:00
2009-01-08 00:00:00
2009-01-09 00:00:00
2009-01-10 00:00:00
2009-01-11 00:00:00
2009-01-12 00:00:00
2009-01-13 00:00:00
2009-01-14 00:00:00
2009-01-18 00:00:00
2009-01-19 00:00:00
2009-01-20 00:00:00
2009-01-21 00:00:00
2009-01-22 00:00:00
2009-01-23 00:00:00
2009-01-24 00:00:00
2009-02-08 00:00:00
2009-02-09 00:00:00
2009-02-10 00:00:00
2009-02-11 00:00:00
2009-02-12 00:00:00
2009-02-13 00:00:00
2009-02-14 00:00:00
2009-02-15 00:00:00
2009-02-16 00:00:00
2009-02-17 00:00:00
2009-02-18 00:00:00
2009-02-19 00:00:00
2009-02-20 00:00:00
2009-02-21 00:00:00
2009-02-22 00:00:00
2009-02-23 00:00:00
2009-02-24 00:00:00
2009-02-25 00:00:00
2009-02-26 00:00:00
2009-02-27 00:00:00
2009-02-28 00:00:00
2009-03-16 00:00:00
2009-03-17 00:00:00
2009-03-18 00:00:00
2009-03-19 00:00:00
2009-03-20 00:00:00
2009-03-21 00:00:00
2009-03-22 00:00:00
2009-03-23 00:00:00
2009-03-24 00:00:00
2009-03-25 00:00:00
2009-03-26 00:00:00
2009-03-27 00:00:00
2009-03-28 00:00:00
2009-03-29 00:00:00
2009-03-30 00:00:00
2009-04-19 00:00:00
2009-04-20 00:00:00
2009-04-21 00:00:00
2009-04-22 00:00:00
2009-04-23 00:00:00
2009-04-24 00:00:00
2009-04-25 00:00:00
2009-04-30 00:00:00
2009-05-01 00:00:00
2009-05-02 00:00:00
2009-05-03 00:00:00
2009-05-04 00:00:00
2009-05-05 00:00:00
2009-05-06 00:00:00
2009-05-07 00:00:00
2009-05-08 00:00:00
2009-05-09 00:00:00
2009-05-10 00:00:00
2009-05-11 00:00:00
2009-05-12 00:00:00
2009-05-13 00:00:00
2009-05-14 00:00:00
2009-05-17 00:00:00
2009-05-18 00:00:00
2009-05-19 00:00:00
2009-05-20 00:00:00
2009-05-21 00:00:00
2009-05-22 00:00:00
2009-05-23 00:00:00
2009-05-24 00:00:00
2009-05-25 00:00:00
2009-05-26 00:00:00
2009-05-27 00:00:00
2009-05-28 00:00:00
2009-05-29 00:00:00
2009-05-30 00:00:00
2009-05-31 00:00:00
2009-06-01 00:00:00
2009-06-02 00:00:00
2009-06-03 00:00:00
2009-06-04 00:00:00
2009-06-05 00:00:00
2009-06-06 00:00:00
2009-06-07 00:00:00
2009-06-08 00:00:00
2009-06-09 00:00:00
2009-06-10 00:00:00
2009-06-11 00:00:00
2009-06-12 00:00:00
2009-06-13 00:00:00
2009-06-14 00:00:00
2009-06-15 00:00:00
2009-06-16 00:00:00
2009-06-17 00:00:00
2009-06-18 00:00:00
2009-06-19 00:00:00
2009-06-20 00:00:00
2009-06-21 00:00:00
2009-06-22 00:00:00
2009-06-23 00:00:00
2009-06-24 00:00:00
2009-06-25 00:00:00
2009-06-26 00:00:00
2009-06-27 00:00:00
2009-06-28 00:00:00
2009-06-29 00:00:00
2009-06-30 00:00:00
2009-07-01 00:00:00
2009-07-02 00:00:00
2009-07-03 00:00:00
2009-07-04 00:00:00
2009-08-13 00:00:00
2009-08-14 00:00:00
2009-08-15 00:00:00
2009-08-16 00:00:00
2009-08-17 00:00:00
2009-08-18 00:00:00
2009-08-19 00:00:00
2009-08-20 00:00:00
2009-08-21 00:00:00
2009-08-22 00:00:00
2009-08-23 00:00:00
2009-08-24 00:00:00
2009-08-25 00:00:00
2009-08-26 00:00:00
2009-08-27 00:00:00
2009-08-30 00:00:00
2009-08-31 00:00:00
2009-09-01 00:00:00
2009-09-02 00:00:00
2009-09-03 00:00:00
2009-09-04 00:00:00
2009-09-05 00:00:00
2009-10-25 00:00:00
2009-10-26 00:00:00
2009-10-27 00:00:00
2009-10-28 00:00:00
2009-10-29 00:00:00
2009-10-30 00:00:00
2009-10-31 00:00:00
2009-11-26 00:00:00
2009-11-27 00:00:00
2009-11-28 00:00:00
2009-11-29 00:00:00
2009-11-30 00:00:00
2009-12-01 00:00:00
2009-12-02 00:00:00
2009-12-03 00:00:00
2009-12-04 00:00:00
2009-12-05 00:00:00
2009-12-06 00:00:00
2009-12-07 00:00:00
2009-12-08 00:00:00
2009-12-09 00:00:00
2009-12-10 00:00:00
2009-12-26 00:00:00
2009-12-27 00:00:00
2009-12-28 00:00:00
2009-12-29 00:00:00
2009-12-30 00:00:00
2009-12-31 00:00:00
2010-01-01 00:00:00
2010-01-02 00:00:00
2010-01-03 00:00:00
2010-01-04 00:00:00
2010-01-05 00:00:00
2010-01-06 00:00:00
2010-01-07 00:00:00
2010-01-08 00:00:00
2010-01-09 00:00:00
2010-01-25 00:00:00
2010-01-26 00:00:00
2010-01-27 00:00:00
2010-01-28 00:00:00
2010-01-29 00:00:00
2010-01-30 00:00:00
2010-01-31 00:00:00
2010-02-01 00:00:00
2010-02-02 00:00:00
2010-02-03 00:00:00
2010-02-04 00:00:00
2010-02-05 00:00:00
2010-02-06 00:00:00
2010-02-07 00:00:00
2010-02-08 00:00:00
2010-03-07 00:00:00
2010-03-08 00:00:00
2010-03-09 00:00:00
2010-03-10 00:00:00
2010-03-11 00:00:00
2010-03-12 00:00:00
2010-03-13 00:00:00
2010-04-04 00:00:00
2010-04-05 00:00:00
2010-04-06 00:00:00
2010-04-07 00:00:00
2010-04-08 00:00:00
2010-04-09 00:00:00
2010-04-10 00:00:00
2010-04-18 00:00:00
2010-04-19 00:00:00
2010-04-20 00:00:00
2010-04-21 00:00:00
2010-04-22 00:00:00
2010-04-23 00:00:00
2010-04-24 00:00:00
2010-05-23 00:00:00
2010-05-24 00:00:00
2010-05-25 00:00:00
2010-05-26 00:00:00
2010-05-27 00:00:00
2010-05-28 00:00:00
2010-05-29 00:00:00
2010-08-22 00:00:00
2010-08-23 00:00:00
2010-08-24 00:00:00
2010-08-25 00:00:00
2010-08-26 00:00:00
2010-08-27 00:00:00
2010-08-28 00:00:00
2010-09-05 00:00:00
2010-09-06 00:00:00
2010-09-07 00:00:00
2010-09-08 00:00:00
2010-09-09 00:00:00
2010-09-10 00:00:00
2010-09-11 00:00:00
2010-09-12 00:00:00
2010-09-13 00:00:00
2010-09-14 00:00:00
2010-09-15 00:00:00
2010-09-16 00:00:00
2010-09-17 00:00:00
2010-09-18 00:00:00
2010-09-26 00:00:00
2010-09-27 00:00:00
2010-09-28 00:00:00
2010-09-29 00:00:00
2010-09-30 00:00:00
2010-10-01 00:00:00
2010-10-02 00:00:00
2010-12-19 00:00:00
2010-12-20 00:00:00
2010-12-21 00:00:00
2010-12-22 00:00:00
2010-12-23 00:00:00
2010-12-24 00:00:00
2010-12-25 00:00:00
2010-12-26 00:00:00
2010-12-27 00:00:00
2010-12-28 00:00:00
2010-12-29 00:00:00
2010-12-30 00:00:00
2010-12-31 00:00:00
2011-01-01 00:00:00
2011-01-02 00:00:00
2011-01-03 00:00:00
2011-01-04 00:00:00
2011-01-05 00:00:00
2011-01-06 00:00:00
2011-01-07 00:00:00
2011-01-08 00:00:00
2011-01-09 00:00:00
2011-01-10 00:00:00
2011-01-11 00:00:00
2011-01-12 00:00:00
2011-01-13 00:00:00
2011-01-14 00:00:00
2011-01-15 00:00:00
2011-01-16 00:00:00
2011-01-17 00:00:00
2011-01-18 00:00:00
2011-01-19 00:00:00
2011-01-20 00:00:00
2011-01-21 00:00:00
2011-01-22 00:00:00
2011-01-23 00:00:00
2011-01-24 00:00:00
2011-01-25 00:00:00
2011-01-26 00:00:00
2011-01-27 00:00:00
2011-01-28 00:00:00
2011-01-29 00:00:00
2011-01-30 00:00:00
2011-01-31 00:00:00
2011-02-01 00:00:00
2011-02-02 00:00:00
2011-02-03 00:00:00
2011-02-04 00:00:00
2011-02-05 00:00:00
2011-02-06 00:00:00
2011-02-07 00:00:00
2011-02-08 00:00:00
2011-02-09 00:00:00
2011-02-10 00:00:00
2011-02-11 00:00:00
2011-02-12 00:00:00
2011-02-13 00:00:00
2011-02-14 00:00:00
2011-02-15 00:00:00
2011-02-16 00:00:00
2011-02-17 00:00:00
2011-02-18 00:00:00
2011-02-19 00:00:00
2011-02-20 00:00:00
2011-02-21 00:00:00
2011-02-22 00:00:00
2011-02-23 00:00:00
2011-02-24 00:00:00
2011-02-25 00:00:00
2011-02-26 00:00:00
2011-03-06 00:00:00
2011-03-07 00:00:00
2011-03-08 00:00:00
2011-03-09 00:00:00
2011-03-10 00:00:00
2011-03-11 00:00:00
2011-03-12 00:00:00
2011-03-13 00:00:00
2011-03-14 00:00:00
2011-03-15 00:00:00
2011-03-16 00:00:00
2011-03-17 00:00:00
2011-03-18 00:00:00
2011-03-19 00:00:00
2011-04-17 00:00:00
2011-04-18 00:00:00
2011-04-19 00:00:00
2011-04-20 00:00:00
2011-04-21 00:00:00
2011-04-22 00:00:00
2011-04-23 00:00:00
2011-07-03 00:00:00
2011-07-04 00:00:00
2011-07-05 00:00:00
2011-07-06 00:00:00
2011-07-07 00:00:00
2011-07-08 00:00:00
2011-07-09 00:00:00
2011-07-17 00:00:00
2011-07-18 00:00:00
2011-07-19 00:00:00
2011-07-20 00:00:00
2011-07-21 00:00:00
2011-07-22 00:00:00
2011-07-23 00:00:00
2011-08-07 00:00:00
2011-08-08 00:00:00
2011-08-09 00:00:00
2011-08-10 00:00:00
2011-08-11 00:00:00
2011-08-12 00:00:00
2011-08-13 00:00:00
2011-08-14 00:00:00
2011-08-15 00:00:00
2011-08-16 00:00:00
2011-08-17 00:00:00
2011-08-18 00:00:00
2011-08-19 00:00:00
2011-08-20 00:00:00
2011-08-28 00:00:00
2011-08-29 00:00:00
2011-08-30 00:00:00
2011-08-31 00:00:00
2011-09-01 00:00:00
2011-09-02 00:00:00
2011-09-03 00:00:00
2011-11-20 00:00:00
2011-11-21 00:00:00
2011-11-22 00:00:00
2011-11-23 00:00:00
2011-11-24 00:00:00
2011-11-25 00:00:00
2011-11-26 00:00:00
2011-11-27 00:00:00
2011-11-28 00:00:00
2011-11-29 00:00:00
2011-11-30 00:00:00
2011-12-01 00:00:00
2011-12-02 00:00:00
2011-12-03 00:00:00
2011-12-11 00:00:00
2011-12-12 00:00:00
2011-12-13 00:00:00
2011-12-14 00:00:00
2011-12-15 00:00:00
2011-12-16 00:00:00
2011-12-17 00:00:00
2012-01-08 00:00:00
2012-01-09 00:00:00
2012-01-10 00:00:00
2012-01-11 00:00:00
2012-01-12 00:00:00
2012-01-13 00:00:00
2012-01-14 00:00:00
2012-07-08 00:00:00
2012-07-09 00:00:00
2012-07-10 00:00:00
2012-07-11 00:00:00
2012-07-12 00:00:00
2012-07-13 00:00:00
2012-07-14 00:00:00
2012-10-14 00:00:00
2012-10-15 00:00:00
2012-10-16 00:00:00
2012-10-17 00:00:00
2012-10-18 00:00:00
2012-10-19 00:00:00
2012-10-20 00:00:00
2012-10-21 00:00:00
2012-10-22 00:00:00
2012-10-23 00:00:00
2012-10-24 00:00:00
2012-10-25 00:00:00
2012-10-26 00:00:00
2012-10-27 00:00:00
2013-04-21 00:00:00
2013-04-22 00:00:00
2013-04-23 00:00:00
2013-04-24 00:00:00
2013-04-25 00:00:00
2013-04-26 00:00:00
2013-04-27 00:00:00
2013-04-28 00:00:00
2013-04-29 00:00:00
2013-04-30 00:00:00
2013-05-01 00:00:00
2013-05-02 00:00:00
2013-05-03 00:00:00
2013-05-04 00:00:00
2013-06-23 00:00:00
2013-06-24 00:00:00
2013-06-25 00:00:00
2013-06-26 00:00:00
2013-06-27 00:00:00
2013-06-28 00:00:00
2013-06-29 00:00:00
2013-06-30 00:00:00
2013-07-01 00:00:00
2013-07-02 00:00:00
2013-07-03 00:00:00
2013-07-04 00:00:00
2013-07-05 00:00:00
2013-07-06 00:00:00
2013-07-07 00:00:00
2013-07-08 00:00:00
2013-07-09 00:00:00
2013-07-10 00:00:00
2013-07-11 00:00:00
2013-07-12 00:00:00
2013-07-13 00:00:00
2013-07-14 00:00:00
2013-07-15 00:00:00
2013-07-16 00:00:00
2013-07-17 00:00:00
2013-07-18 00:00:00
2013-07-19 00:00:00
2013-07-20 00:00:00
2013-07-21 00:00:00
2013-07-22 00:00:00
2013-07-23 00:00:00
2013-07-24 00:00:00
2013-07-25 00:00:00
2013-07-26 00:00:00
2013-07-27 00:00:00
2013-07-28 00:00:00
2013-07-29 00:00:00
2013-07-30 00:00:00
2013-07-31 00:00:00
2013-08-01 00:00:00
2013-08-02 00:00:00
2013-08-03 00:00:00
2013-08-04 00:00:00
2013-08-05 00:00:00
2013-08-06 00:00:00
2013-08-07 00:00:00
2013-08-08 00:00:00
2013-08-09 00:00:00
2013-08-10 00:00:00
2013-08-11 00:00:00
2013-08-12 00:00:00
2013-08-13 00:00:00
2013-08-14 00:00:00
2013-08-15 00:00:00
2013-08-16 00:00:00
2013-08-17 00:00:00
2013-08-18 00:00:00
2013-08-19 00:00:00
2013-08-20 00:00:00
2013-08-21 00:00:00
2013-08-22 00:00:00
2013-08-23 00:00:00
2013-08-24 00:00:00
2013-08-25 00:00:00
2013-08-26 00:00:00
2013-08-27 00:00:00
2013-08-28 00:00:00
2013-08-29 00:00:00
2013-08-30 00:00:00
2013-08-31 00:00:00
2013-09-01 00:00:00
2013-09-02 00:00:00
2013-09-03 00:00:00
2013-09-04 00:00:00
2013-09-05 00:00:00
2013-09-06 00:00:00
2013-09-07 00:00:00
2013-09-08 00:00:00
2013-09-09 00:00:00
2013-09-10 00:00:00
2013-09-11 00:00:00
2013-09-12 00:00:00
2013-09-13 00:00:00
2013-09-14 00:00:00
2013-09-15 00:00:00
2013-09-16 00:00:00
2013-09-17 00:00:00
2013-09-18 00:00:00
2013-09-19 00:00:00
2013-09-20 00:00:00
2013-09-21 00:00:00
2013-09-22 00:00:00
2013-09-23 00:00:00
2013-09-24 00:00:00
2013-09-25 00:00:00
2013-09-26 00:00:00
2013-09-27 00:00:00
2013-09-28 00:00:00
2013-09-29 00:00:00
2013-09-30 00:00:00
2013-10-01 00:00:00
2013-10-02 00:00:00
2013-10-03 00:00:00
2013-10-04 00:00:00
2013-10-05 00:00:00
2013-10-06 00:00:00
2013-10-07 00:00:00
2013-10-08 00:00:00
2013-10-09 00:00:00
2013-10-10 00:00:00
2013-10-11 00:00:00
2013-10-12 00:00:00
2013-10-13 00:00:00
2013-10-14 00:00:00
2013-10-15 00:00:00
2013-10-16 00:00:00
2013-10-17 00:00:00
2013-10-18 00:00:00
2013-10-19 00:00:00
2013-10-20 00:00:00
2013-10-21 00:00:00
2013-10-22 00:00:00
2013-10-23 00:00:00
2013-10-24 00:00:00
2013-10-25 00:00:00
2013-10-26 00:00:00
2013-10-27 00:00:00
2013-10-28 00:00:00
2013-10-29 00:00:00
2013-10-30 00:00:00
2013-10-31 00:00:00
2013-11-01 00:00:00
2013-11-02 00:00:00
2013-11-03 00:00:00
2013-11-04 00:00:00
2013-11-05 00:00:00
2013-11-06 00:00:00
2013-11-07 00:00:00
2013-11-08 00:00:00
2013-11-09 00:00:00
2013-11-10 00:00:00
2013-11-11 00:00:00
2013-11-12 00:00:00
2013-11-13 00:00:00
2013-11-14 00:00:00
2013-11-15 00:00:00
2013-11-16 00:00:00
2013-11-17 00:00:00
2013-11-18 00:00:00
2013-11-19 00:00:00
2013-11-20 00:00:00
2013-11-21 00:00:00
2013-11-22 00:00:00
2013-11-23 00:00:00
2013-11-24 00:00:00
2013-11-25 00:00:00
2013-11-26 00:00:00
2013-11-27 00:00:00
2013-11-28 00:00:00
2013-11-29 00:00:00
2013-11-30 00:00:00
2013-12-01 00:00:00
2013-12-02 00:00:00
2013-12-03 00:00:00
2013-12-04 00:00:00
2013-12-05 00:00:00
2013-12-06 00:00:00
2013-12-07 00:00:00
2013-12-08 00:00:00
2013-12-09 00:00:00
2013-12-10 00:00:00
2013-12-11 00:00:00
2013-12-12 00:00:00
2013-12-13 00:00:00
2013-12-14 00:00:00
2013-12-15 00:00:00
2013-12-16 00:00:00
2013-12-17 00:00:00
2013-12-18 00:00:00
2013-12-19 00:00:00
2013-12-20 00:00:00
2013-12-22 00:00:00
2013-12-23 00:00:00
2013-12-24 00:00:00
2013-12-25 00:00:00
2013-12-26 00:00:00
2013-12-27 00:00:00
2013-12-28 00:00:00
2014-02-09 00:00:00
2014-02-10 00:00:00
2014-02-11 00:00:00
2014-02-12 00:00:00
2014-02-13 00:00:00
2014-02-14 00:00:00
2014-02-15 00:00:00
2014-06-29 00:00:00
2014-06-30 00:00:00
2014-07-01 00:00:00
2014-07-02 00:00:00
2014-07-03 00:00:00
2014-07-04 00:00:00
2014-07-05 00:00:00
2014-07-13 00:00:00
2014-07-14 00:00:00
2014-07-15 00:00:00
2014-07-16 00:00:00
2014-07-17 00:00:00
2014-07-18 00:00:00
2014-07-19 00:00:00
2014-07-28 00:00:00
2014-07-29 00:00:00
2014-07-30 00:00:00
2014-07-31 00:00:00
2014-08-01 00:00:00
2014-08-02 00:00:00
2014-08-03 00:00:00
2014-08-04 00:00:00
2014-08-05 00:00:00
2014-08-06 00:00:00
2014-08-07 00:00:00
2014-08-08 00:00:00
2014-08-09 00:00:00
2014-08-10 00:00:00
2014-08-11 00:00:00
2014-08-12 00:00:00
2014-08-13 00:00:00
2014-08-14 00:00:00
2014-08-15 00:00:00
2014-08-16 00:00:00
2014-08-17 00:00:00
2014-08-18 00:00:00
2014-08-19 00:00:00
2014-08-20 00:00:00
2014-08-21 00:00:00
2014-08-22 00:00:00
2014-08-23 00:00:00
2014-08-24 00:00:00
2014-08-25 00:00:00
2014-08-26 00:00:00
2014-08-27 00:00:00
2014-08-28 00:00:00
2014-08-29 00:00:00
2014-08-30 00:00:00
2014-08-31 00:00:00
2014-09-01 00:00:00
2014-09-02 00:00:00
2014-09-03 00:00:00
2014-09-04 00:00:00
2014-09-05 00:00:00
2014-09-06 00:00:00
2014-09-07 00:00:00
2014-09-08 00:00:00
2014-09-09 00:00:00
2014-09-14 00:00:00
2014-09-15 00:00:00
2014-09-16 00:00:00
2014-09-17 00:00:00
2014-10-01 00:00:00
2014-10-02 00:00:00
2014-10-03 00:00:00
2014-10-05 00:00:00
2014-10-06 00:00:00
2014-10-07 00:00:00
2014-10-12 00:00:00
2014-10-13 00:00:00
2014-10-25 00:00:00
2014-10-26 00:00:00
2014-10-27 00:00:00
2014-10-28 00:00:00
2014-11-02 00:00:00
2014-11-03 00:00:00
2014-11-04 00:00:00
2014-11-30 00:00:00
2014-12-01 00:00:00
2014-12-02 00:00:00
2014-12-03 00:00:00
2014-12-04 00:00:00
2014-12-05 00:00:00
2014-12-06 00:00:00
2015-02-22 00:00:00
2015-02-23 00:00:00
2015-02-24 00:00:00
2015-02-25 00:00:00
2015-02-26 00:00:00
2015-02-27 00:00:00
2015-02-28 00:00:00
2015-03-01 00:00:00
2015-03-02 00:00:00
2015-03-03 00:00:00
2015-03-04 00:00:00
2015-03-05 00:00:00
2015-03-06 00:00:00
2015-03-07 00:00:00
2015-04-05 00:00:00
2015-04-06 00:00:00
2015-04-07 00:00:00
2015-04-08 00:00:00
2015-04-09 00:00:00
2015-04-10 00:00:00
2015-04-11 00:00:00
2015-06-07 00:00:00
2015-06-08 00:00:00
2015-06-09 00:00:00
2015-06-10 00:00:00
2015-06-11 00:00:00
2015-06-12 00:00:00
2015-06-13 00:00:00
2015-06-21 00:00:00
2015-06-22 00:00:00
2015-06-23 00:00:00
2015-06-24 00:00:00
2015-06-25 00:00:00
2015-06-26 00:00:00
2015-06-27 00:00:00
News Data
Start Date, End Date,News Source,Link,Days,Reason,Comment,Days Reported
2010-12-19,2010-12-20,The Hindu,http://www.thehindu.com/business/Economy/imported-onion-arrive-from-pakistan/article965607.ece,1,not stated,,0
2010-12-20,2010-12-20,The Hindu,http://www.thehindu.com/business/Economy/imported-onion-arrive-from-pakistan/article965607.ece,0,not stated,,0
2010-12-21,2010-12-20,The Hindu,http://www.thehindu.com/business/Economy/imported-onion-arrive-from-pakistan/article965607.ece,-1,not stated,,0
2010-12-22,2010-12-20,The Hindu,http://www.thehindu.com/business/Economy/imported-onion-arrive-from-pakistan/article965607.ece,-2,not stated,,0
2010-12-23,2010-12-20,The Hindu,http://www.thehindu.com/business/Economy/imported-onion-arrive-from-pakistan/article965607.ece,-3,not stated,,0
2010-12-24,2010-12-20,The Hindu,http://www.thehindu.com/business/Economy/imported-onion-arrive-from-pakistan/article965607.ece,-4,not stated,,0
2010-12-25,2010-12-20,The Hindu,http://www.thehindu.com/business/Economy/imported-onion-arrive-from-pakistan/article965607.ece,-5,not stated,,0
2010-12-26,2010-12-21,The Economic Times,http://articles.economictimes.indiatimes.com/2010-12-21/news/27586208_1_minimum-export-price-onion-prices-mep,-5,traders nexus,,0
2010-12-27,2010-12-23,NDTV,http://www.ndtv.com/india-news/food-inflation-spikes-govt-blames-the-onion-442821,-4,traders nexus,,0
2010-12-28,2010-12-23,NDTV,http://www.ndtv.com/india-news/food-inflation-spikes-govt-blames-the-onion-442821,-5,traders nexus,,0
2010-12-31,2011-01-05,NDTV,http://www.ndtv.com/india-news/bjp-slams-government-over-split-views-on-inflation-444119,5,not stated,BJP slams government over split views on inflation,365
2011-01-01,2011-01-05,NDTV,http://www.ndtv.com/india-news/bjp-slams-government-over-split-views-on-inflation-444119,4,not stated,BJP slams government over split views on inflation,365
2011-01-02,2011-01-05,NDTV,http://www.ndtv.com/india-news/bjp-slams-government-over-split-views-on-inflation-444119,3,not stated,BJP slams government over split views on inflation,365
2011-01-03,2011-01-05,NDTV,http://www.ndtv.com/india-news/bjp-slams-government-over-split-views-on-inflation-444119,2,not stated,BJP slams government over split views on inflation,365
2011-01-04,2011-01-05,NDTV,http://www.ndtv.com/india-news/bjp-slams-government-over-split-views-on-inflation-444119,1,not stated,BJP slams government over split views on inflation,365
2011-01-05,2011-01-05,NDTV,http://www.ndtv.com/india-news/bjp-slams-government-over-split-views-on-inflation-444119,0,not stated,BJP slams government over split views on inflation,365
2011-01-06,2011-01-05,NDTV,http://www.ndtv.com/india-news/bjp-slams-government-over-split-views-on-inflation-444119,-1,not stated,BJP slams government over split views on inflation,365
2011-01-07,2011-01-05,NDTV,http://www.ndtv.com/india-news/bjp-slams-government-over-split-views-on-inflation-444119,-2,not stated,BJP slams government over split views on inflation,365
2011-01-08,2011-01-05,NDTV,http://www.ndtv.com/india-news/bjp-slams-government-over-split-views-on-inflation-444119,-3,not stated,BJP slams government over split views on inflation,365
2011-01-09,2011-01-05,NDTV,http://www.ndtv.com/india-news/bjp-slams-government-over-split-views-on-inflation-444119,-4,not stated,BJP slams government over split views on inflation,365
2011-01-10,2011-01-05,NDTV,http://www.ndtv.com/india-news/bjp-slams-government-over-split-views-on-inflation-444119,-5,not stated,BJP slams government over split views on inflation,365
2011-01-11,2011-01-06,The Times of India,http://timesofindia.indiatimes.com/business/india-business/-Retail-onion-prices-up-by-Rs-5-10/kg-on-Pak-export-ban-reports/articleshow/7230895.cms,-5,Pak banned export,,0
2011-01-12,2011-01-07,The Hindu,http://www.thehindu.com/business/act-swiftly-against-hoarders-pranab/article1051003.ece,-5,traders nexus,main article on inflation, but it says due to hoarding onion prices are high.,0
2013-06-28,2013-07-03,Business Standard,http://www.business-standard.com/article/markets/heavy-crop-damage-in-hilly-states-lifts-onion-potato-prices-113070300796_1.html,5,traders nexus,North India affected basically because of flood,15
2013-06-29,2013-07-03,Business Standard,http://www.business-standard.com/article/markets/heavy-crop-damage-in-hilly-states-lifts-onion-potato-prices-113070300796_1.html,4,traders nexus,North India affected basically because of flood,15
2013-06-30,2013-07-03,Business Standard,http://www.business-standard.com/article/markets/heavy-crop-damage-in-hilly-states-lifts-onion-potato-prices-113070300796_1.html,3,traders nexus,North India affected basically because of flood,15
2013-07-01,2013-07-03,Business Standard,http://www.business-standard.com/article/markets/heavy-crop-damage-in-hilly-states-lifts-onion-potato-prices-113070300796_1.html,2,traders nexus,North India affected basically because of flood,15
2013-07-02,2013-07-03,Business Standard,http://www.business-standard.com/article/markets/heavy-crop-damage-in-hilly-states-lifts-onion-potato-prices-113070300796_1.html,1,traders nexus,North India affected basically because of flood,15
2013-07-03,2013-07-03,Business Standard,http://www.business-standard.com/article/markets/heavy-crop-damage-in-hilly-states-lifts-onion-potato-prices-113070300796_1.html,0,traders nexus,North India affected basically because of flood,15
2013-07-04,2013-07-03,Business Standard,http://www.business-standard.com/article/markets/heavy-crop-damage-in-hilly-states-lifts-onion-potato-prices-113070300796_1.html,-1,traders nexus,North India affected basically because of flood,15
2013-07-05,2013-07-03,Business Standard,http://www.business-standard.com/article/markets/heavy-crop-damage-in-hilly-states-lifts-onion-potato-prices-113070300796_1.html,-2,traders nexus,North India affected basically because of flood,15
2013-07-06,2013-07-03,Business Standard,http://www.business-standard.com/article/markets/heavy-crop-damage-in-hilly-states-lifts-onion-potato-prices-113070300796_1.html,-3,traders nexus,North India affected basically because of flood,15
2013-07-07,2013-07-03,Business Standard,http://www.business-standard.com/article/markets/heavy-crop-damage-in-hilly-states-lifts-onion-potato-prices-113070300796_1.html,-4,traders nexus,North India affected basically because of flood,15
2013-07-08,2013-07-03,Business Standard,http://www.business-standard.com/article/markets/heavy-crop-damage-in-hilly-states-lifts-onion-potato-prices-113070300796_1.html,-5,traders nexus,North India affected basically because of flood,15
2013-07-12,2013-07-17,The Times of India,http://timesofindia.indiatimes.com/business/india-business/Onion-prices-at-two-and-a-half-year-high/articleshow/21125776.cms,5,unseasonal rainfall,no,None
2013-07-13,2013-07-17,The Times of India,http://timesofindia.indiatimes.com/business/india-business/Onion-prices-at-two-and-a-half-year-high/articleshow/21125776.cms,4,unseasonal rainfall,no,None
2013-07-14,2013-07-17,The Times of India,http://timesofindia.indiatimes.com/business/india-business/Onion-prices-at-two-and-a-half-year-high/articleshow/21125776.cms,3,unseasonal rainfall,no,None
2013-07-15,2013-07-17,The Times of India,http://timesofindia.indiatimes.com/business/india-business/Onion-prices-at-two-and-a-half-year-high/articleshow/21125776.cms,2,unseasonal rainfall,no,None
2013-07-16,2013-07-17,The Times of India,http://timesofindia.indiatimes.com/business/india-business/Onion-prices-at-two-and-a-half-year-high/articleshow/21125776.cms,1,unseasonal rainfall,no,None
2013-07-17,2013-07-17,The Times of India,http://timesofindia.indiatimes.com/business/india-business/Onion-prices-at-two-and-a-half-year-high/articleshow/21125776.cms,0,unseasonal rainfall,no,None
2013-07-18,2013-07-17,The Times of India,http://timesofindia.indiatimes.com/business/india-business/Onion-prices-at-two-and-a-half-year-high/articleshow/21125776.cms,-1,unseasonal rainfall,no,None
2013-07-19,2013-07-17,The Times of India,http://timesofindia.indiatimes.com/business/india-business/Onion-prices-at-two-and-a-half-year-high/articleshow/21125776.cms,-2,unseasonal rainfall,no,None
2013-07-20,2013-07-17,The Times of India,http://timesofindia.indiatimes.com/business/india-business/Onion-prices-at-two-and-a-half-year-high/articleshow/21125776.cms,-3,unseasonal rainfall,no,None
2013-07-21,2013-07-17,The Times of India,http://timesofindia.indiatimes.com/business/india-business/Onion-prices-at-two-and-a-half-year-high/articleshow/21125776.cms,-4,unseasonal rainfall,no,None
2013-07-22,2013-07-17,The Times of India,http://timesofindia.indiatimes.com/business/india-business/Onion-prices-at-two-and-a-half-year-high/articleshow/21125776.cms,-5,unseasonal rainfall,no,None
2013-07-23,2013-07-23,The Times of India,http://timesofindia.indiatimes.com/business/india-business/Onion-prices-more-than-double-to-Rs-36-40/kg-in-metros/articleshow/21272374.cms,0,low production,,0
2013-07-24,2013-07-23,The Times of India,http://timesofindia.indiatimes.com/business/india-business/Onion-prices-more-than-double-to-Rs-36-40/kg-in-metros/articleshow/21272374.cms,-1,low production,,0
2013-07-25,2013-07-23,The Times of India,http://timesofindia.indiatimes.com/business/india-business/Onion-prices-more-than-double-to-Rs-36-40/kg-in-metros/articleshow/21272374.cms,-2,low production,,0
2013-07-26,2013-07-23,The Times of India,http://timesofindia.indiatimes.com/business/india-business/Onion-prices-more-than-double-to-Rs-36-40/kg-in-metros/articleshow/21272374.cms,-3,low production,,0
2013-07-27,2013-07-23,The Times of India,http://timesofindia.indiatimes.com/business/india-business/Onion-prices-more-than-double-to-Rs-36-40/kg-in-metros/articleshow/21272374.cms,-4,low production,,0
2013-07-28,2013-07-23,The Times of India,http://timesofindia.indiatimes.com/business/india-business/Onion-prices-more-than-double-to-Rs-36-40/kg-in-metros/articleshow/21272374.cms,-5,low production,,0
2013-08-01,2013-08-06,The Hindu,http://www.thehindu.com/news/cities/Delhi/onion-prices-bring-tears-yet-again/article4995124.ece,5,low production,Even Hoaders are responsible to some extent,0
2013-08-02,2013-08-06,The Hindu,http://www.thehindu.com/news/cities/Delhi/onion-prices-bring-tears-yet-again/article4995124.ece,4,low production,Even Hoaders are responsible to some extent,0
2013-08-03,2013-08-06,The Hindu,http://www.thehindu.com/news/cities/Delhi/onion-prices-bring-tears-yet-again/article4995124.ece,3,low production,Even Hoaders are responsible to some extent,0
2013-08-04,2013-08-06,The Hindu,http://www.thehindu.com/news/cities/Delhi/onion-prices-bring-tears-yet-again/article4995124.ece,2,low production,Even Hoaders are responsible to some extent,0
2013-08-05,2013-08-06,The Hindu,http://www.thehindu.com/news/cities/Delhi/onion-prices-bring-tears-yet-again/article4995124.ece,1,low production,Even Hoaders are responsible to some extent,0
2013-08-06,2013-08-06,The Hindu,http://www.thehindu.com/news/cities/Delhi/onion-prices-bring-tears-yet-again/article4995124.ece,0,low production,Even Hoaders are responsible to some extent,0
2013-08-07,2013-08-06,The Hindu,http://www.thehindu.com/news/cities/Delhi/onion-prices-bring-tears-yet-again/article4995124.ece,-1,low production,Even Hoaders are responsible to some extent,0
2013-08-08,2013-08-06,The Hindu,http://www.thehindu.com/news/cities/Delhi/onion-prices-bring-tears-yet-again/article4995124.ece,-2,low production,Even Hoaders are responsible to some extent,0
2013-08-09,2013-08-06,The Hindu,http://www.thehindu.com/news/cities/Delhi/onion-prices-bring-tears-yet-again/article4995124.ece,-3,low production,Even Hoaders are responsible to some extent,0
2013-08-10,2013-08-06,The Hindu,http://www.thehindu.com/news/cities/Delhi/onion-prices-bring-tears-yet-again/article4995124.ece,-4,low production,Even Hoaders are responsible to some extent,0
2013-08-11,2013-08-06,The Hindu,http://www.thehindu.com/news/cities/Delhi/onion-prices-bring-tears-yet-again/article4995124.ece,-5,low production,Even Hoaders are responsible to some extent,0
2013-08-12,2013-08-11,DNA,http://www.dnaindia.com/india/report-onion-prices-rise-to-rs-55-60kg-hike-bring-tears-in-eyes-of-people-1873151,-1,low production,,10
2013-08-13,2013-08-11,DNA,http://www.dnaindia.com/india/report-onion-prices-rise-to-rs-55-60kg-hike-bring-tears-in-eyes-of-people-1873151,-2,low production,,10
2013-08-14,2013-08-11,DNA,http://www.dnaindia.com/india/report-onion-prices-rise-to-rs-55-60kg-hike-bring-tears-in-eyes-of-people-1873151,-3,low production,,10
2013-08-15,2013-08-11,DNA,http://www.dnaindia.com/india/report-onion-prices-rise-to-rs-55-60kg-hike-bring-tears-in-eyes-of-people-1873151,-4,low production,,10
2013-08-16,2013-08-11,DNA,http://www.dnaindia.com/india/report-onion-prices-rise-to-rs-55-60kg-hike-bring-tears-in-eyes-of-people-1873151,-5,low production,,10
2013-08-17,2013-08-13,Telegraph,http://www.telegraphindia.com/1130813/jsp/odisha/story_17226115.jsp,-4,low supply,,30
2013-08-18,2013-08-13,Telegraph,http://www.telegraphindia.com/1130813/jsp/odisha/story_17226115.jsp,-5,low supply,,30
2013-08-19,2013-08-14,The Hindu,http://www.thehindu.com/news/national/cos-meeting-to-wipe-onion-tears/article5019702.ece,-5,low supply,Possiblity of hoarding highlighted clearly,0
2013-08-20,2013-08-17,Zee News,http://zeenews.india.com/news/nation/will-give-onions-as-rakhi-gift-to-my-sisters-yashwant-sinha_869682.html,-3,traders nexus,BJP accuseed to traders, not stated by article author exactly,None
2013-08-21,2013-08-17,Zee News,http://zeenews.india.com/news/nation/will-give-onions-as-rakhi-gift-to-my-sisters-yashwant-sinha_869682.html,-4,traders nexus,BJP accuseed to traders, not stated by article author exactly,None
2013-08-22,2013-08-17,Zee News,http://zeenews.india.com/news/nation/will-give-onions-as-rakhi-gift-to-my-sisters-yashwant-sinha_869682.html,-5,traders nexus,BJP accuseed to traders, not stated by article author exactly,None
2013-08-23,2013-08-21,The Hindu,http://www.thehindu.com/business/Industry/onion-prices-jump-to-rs-80kg-again/article5044776.ece,-2,low supply,Prices hiked again,0
2013-08-24,2013-08-21,The Hindu,http://www.thehindu.com/business/Industry/onion-prices-jump-to-rs-80kg-again/article5044776.ece,-3,low supply,Prices hiked again,0
2013-08-25,2013-08-21,The Hindu,http://www.thehindu.com/business/Industry/onion-prices-jump-to-rs-80kg-again/article5044776.ece,-4,low supply,Prices hiked again,0
2013-08-26,2013-08-21,The Hindu,http://www.thehindu.com/business/Industry/onion-prices-jump-to-rs-80kg-again/article5044776.ece,-5,low supply,Prices hiked again,0
2013-08-27,2013-08-22,Money Control,http://www.moneycontrol.com/news/economy/onion-prices-shoot-back-to-rs-80kgmany-partsindia_939103.html,-5,not stated,,1
2013-08-29,2013-09-03,NDTV,http://www.ndtv.com/india-news/onion-prices-may-ease-when-south-india-crop-hits-market-government-533474,5,low supply,,0
2013-08-30,2013-09-03,NDTV,http://www.ndtv.com/india-news/onion-prices-may-ease-when-south-india-crop-hits-market-government-533474,4,low supply,,0
2013-08-31,2013-09-03,NDTV,http://www.ndtv.com/india-news/onion-prices-may-ease-when-south-india-crop-hits-market-government-533474,3,low supply,,0
2013-09-01,2013-09-03,NDTV,http://www.ndtv.com/india-news/onion-prices-may-ease-when-south-india-crop-hits-market-government-533474,2,low supply,,0
2013-09-02,2013-09-03,NDTV,http://www.ndtv.com/india-news/onion-prices-may-ease-when-south-india-crop-hits-market-government-533474,1,low supply,,0
2013-09-03,2013-09-03,NDTV,http://www.ndtv.com/india-news/onion-prices-may-ease-when-south-india-crop-hits-market-government-533474,0,low supply,,0
2013-09-04,2013-09-03,NDTV,http://www.ndtv.com/india-news/onion-prices-may-ease-when-south-india-crop-hits-market-government-533474,-1,low supply,,0
2013-09-05,2013-09-03,NDTV,http://www.ndtv.com/india-news/onion-prices-may-ease-when-south-india-crop-hits-market-government-533474,-2,low supply,,0
2013-09-06,2013-09-03,NDTV,http://www.ndtv.com/india-news/onion-prices-may-ease-when-south-india-crop-hits-market-government-533474,-3,low supply,,0
2013-09-07,2013-09-03,NDTV,http://www.ndtv.com/india-news/onion-prices-may-ease-when-south-india-crop-hits-market-government-533474,-4,low supply,,0
2013-09-08,2013-09-03,NDTV,http://www.ndtv.com/india-news/onion-prices-may-ease-when-south-india-crop-hits-market-government-533474,-5,low supply,,0
2013-09-13,2013-09-18,The Times of India,http://timesofindia.indiatimes.com/india/Onion-price-rise-may-be-due-to-hoarding-Centre/articleshow/22672225.cms,5,traders nexus,no,None
2013-09-14,2013-09-18,The Times of India,http://timesofindia.indiatimes.com/india/Onion-price-rise-may-be-due-to-hoarding-Centre/articleshow/22672225.cms,4,traders nexus,no,None
2013-09-15,2013-09-18,The Times of India,http://timesofindia.indiatimes.com/india/Onion-price-rise-may-be-due-to-hoarding-Centre/articleshow/22672225.cms,3,traders nexus,no,None
2013-09-16,2013-09-18,The Times of India,http://timesofindia.indiatimes.com/india/Onion-price-rise-may-be-due-to-hoarding-Centre/articleshow/22672225.cms,2,traders nexus,no,None
2013-09-17,2013-09-18,The Times of India,http://timesofindia.indiatimes.com/india/Onion-price-rise-may-be-due-to-hoarding-Centre/articleshow/22672225.cms,1,traders nexus,no,None
2013-09-18,2013-09-18,The Times of India,http://timesofindia.indiatimes.com/india/Onion-price-rise-may-be-due-to-hoarding-Centre/articleshow/22672225.cms,0,traders nexus,no,None
2013-09-19,2013-09-18,The Times of India,http://timesofindia.indiatimes.com/india/Onion-price-rise-may-be-due-to-hoarding-Centre/articleshow/22672225.cms,-1,traders nexus,no,None
2013-09-20,2013-09-18,The Times of India,http://timesofindia.indiatimes.com/india/Onion-price-rise-may-be-due-to-hoarding-Centre/articleshow/22672225.cms,-2,traders nexus,no,None
2013-09-21,2013-09-18,The Times of India,http://timesofindia.indiatimes.com/india/Onion-price-rise-may-be-due-to-hoarding-Centre/articleshow/22672225.cms,-3,traders nexus,no,None
2013-09-22,2013-09-18,The Times of India,http://timesofindia.indiatimes.com/india/Onion-price-rise-may-be-due-to-hoarding-Centre/articleshow/22672225.cms,-4,traders nexus,no,None
2013-09-23,2013-09-18,The Times of India,http://timesofindia.indiatimes.com/india/Onion-price-rise-may-be-due-to-hoarding-Centre/articleshow/22672225.cms,-5,traders nexus,no,None
2013-10-05,2013-10-10,The Economic Times,http://articles.economictimes.indiatimes.com/2013-10-10/news/42903314_1_export-price-price-rise-onion-prices,5,traders nexus,,0
2013-10-06,2013-10-10,The Economic Times,http://articles.economictimes.indiatimes.com/2013-10-10/news/42903314_1_export-price-price-rise-onion-prices,4,traders nexus,,0
2013-10-07,2013-10-10,The Economic Times,http://articles.economictimes.indiatimes.com/2013-10-10/news/42903314_1_export-price-price-rise-onion-prices,3,traders nexus,,0
2013-10-08,2013-10-10,The Economic Times,http://articles.economictimes.indiatimes.com/2013-10-10/news/42903314_1_export-price-price-rise-onion-prices,2,traders nexus,,0
2013-10-09,2013-10-10,The Economic Times,http://articles.economictimes.indiatimes.com/2013-10-10/news/42903314_1_export-price-price-rise-onion-prices,1,traders nexus,,0
2013-10-10,2013-10-10,The Economic Times,http://articles.economictimes.indiatimes.com/2013-10-10/news/42903314_1_export-price-price-rise-onion-prices,0,traders nexus,,0
2013-10-11,2013-10-10,The Economic Times,http://articles.economictimes.indiatimes.com/2013-10-10/news/42903314_1_export-price-price-rise-onion-prices,-1,traders nexus,,0
2013-10-12,2013-10-10,The Economic Times,http://articles.economictimes.indiatimes.com/2013-10-10/news/42903314_1_export-price-price-rise-onion-prices,-2,traders nexus,,0
2013-10-13,2013-10-10,The Economic Times,http://articles.economictimes.indiatimes.com/2013-10-10/news/42903314_1_export-price-price-rise-onion-prices,-3,traders nexus,,0
2013-10-14,2013-10-10,The Economic Times,http://articles.economictimes.indiatimes.com/2013-10-10/news/42903314_1_export-price-price-rise-onion-prices,-4,traders nexus,,0
2013-10-15,2013-10-10,The Economic Times,http://articles.economictimes.indiatimes.com/2013-10-10/news/42903314_1_export-price-price-rise-onion-prices,-5,traders nexus,,0
2013-10-17,2013-10-22,NDTV,http://profit.ndtv.com/news/cheat-sheet/article-why-onion-prices-are-inching-towards-rs-100-per-kg-370138,5,low supply,,0
2013-10-18,2013-10-22,NDTV,http://profit.ndtv.com/news/cheat-sheet/article-why-onion-prices-are-inching-towards-rs-100-per-kg-370138,4,low supply,,0
2013-10-19,2013-10-22,NDTV,http://profit.ndtv.com/news/cheat-sheet/article-why-onion-prices-are-inching-towards-rs-100-per-kg-370138,3,low supply,,0
2013-10-20,2013-10-22,NDTV,http://profit.ndtv.com/news/cheat-sheet/article-why-onion-prices-are-inching-towards-rs-100-per-kg-370138,2,low supply,,0
2013-10-21,2013-10-22,NDTV,http://profit.ndtv.com/news/cheat-sheet/article-why-onion-prices-are-inching-towards-rs-100-per-kg-370138,1,low supply,,0
2013-10-22,2013-10-22,NDTV,http://profit.ndtv.com/news/cheat-sheet/article-why-onion-prices-are-inching-towards-rs-100-per-kg-370138,0,low supply,,0
2013-10-23,2013-10-22,NDTV,http://profit.ndtv.com/news/cheat-sheet/article-why-onion-prices-are-inching-towards-rs-100-per-kg-370138,-1,low supply,,0
2013-10-24,2013-10-22,NDTV,http://profit.ndtv.com/news/cheat-sheet/article-why-onion-prices-are-inching-towards-rs-100-per-kg-370138,-2,low supply,,0
2013-10-25,2013-10-22,NDTV,http://profit.ndtv.com/news/cheat-sheet/article-why-onion-prices-are-inching-towards-rs-100-per-kg-370138,-3,low supply,,0
2013-10-26,2013-10-22,NDTV,http://profit.ndtv.com/news/cheat-sheet/article-why-onion-prices-are-inching-towards-rs-100-per-kg-370138,-4,low supply,,0
2013-10-27,2013-10-22,NDTV,http://profit.ndtv.com/news/cheat-sheet/article-why-onion-prices-are-inching-towards-rs-100-per-kg-370138,-5,low supply,,0
2013-10-28,2013-10-23,The Economic Times,http://articles.economictimes.indiatimes.com/2013-10-23/news/43326601_1_nafed-tender-onion-crop,-5,traders nexus,no,None
2013-10-29,2013-10-24,The Hindu,http://www.thehindu.com/business/Industry/india-floats-tender-for-import-of-onions/article5264970.ece,-5,traders nexus,,10
2013-10-30,2013-10-25,Money Control,http://www.moneycontrol.com/news/economy/onion-prices-remain-high-at-rs-100kg-crisis-to-continue_976318.html,-5,traders nexus,,7
2013-10-31,2013-10-26,NDTV,http://www.ndtv.com/india-news/chief-ministers-onion-mission-begins-in-assam-538929,-5,Not mentioned,,0
2013-11-01,2013-10-28,DNA,http://www.dnaindia.com/mumbai/report-dna-exclusive-traders-not-farmers-making-the-most-of-soaring-onion-price-1909850,-4,traders nexus,,0
2013-11-02,2013-10-28,DNA,http://www.dnaindia.com/mumbai/report-dna-exclusive-traders-not-farmers-making-the-most-of-soaring-onion-price-1909850,-5,traders nexus,,0
2013-11-03,2013-11-04,The Hindu,http://www.thehindu.com/business/markets/govt-hikes-onion-mep-to-1150-per-tonne-to-check-prices/article5313950.ece,1,low supply,,30
2013-11-04,2013-11-04,The Hindu,http://www.thehindu.com/business/markets/govt-hikes-onion-mep-to-1150-per-tonne-to-check-prices/article5313950.ece,0,low supply,,30
2013-11-05,2013-11-04,The Hindu,http://www.thehindu.com/business/markets/govt-hikes-onion-mep-to-1150-per-tonne-to-check-prices/article5313950.ece,-1,low supply,,30
2013-11-06,2013-11-04,The Hindu,http://www.thehindu.com/business/markets/govt-hikes-onion-mep-to-1150-per-tonne-to-check-prices/article5313950.ece,-2,low supply,,30
2013-11-07,2013-11-04,The Hindu,http://www.thehindu.com/business/markets/govt-hikes-onion-mep-to-1150-per-tonne-to-check-prices/article5313950.ece,-3,low supply,,30
2013-11-08,2013-11-04,The Hindu,http://www.thehindu.com/business/markets/govt-hikes-onion-mep-to-1150-per-tonne-to-check-prices/article5313950.ece,-4,low supply,,30
2013-11-09,2013-11-04,The Hindu,http://www.thehindu.com/business/markets/govt-hikes-onion-mep-to-1150-per-tonne-to-check-prices/article5313950.ece,-5,low supply,,30
2013-11-10,2013-11-06,The Hindu,http://www.thehindu.com/business/Industry/after-onions-tomato-prices-soar/article5317582.ece,-4,Increased prices of onion,,0
2013-11-11,2013-11-06,The Hindu,http://www.thehindu.com/business/Industry/after-onions-tomato-prices-soar/article5317582.ece,-5,Increased prices of onion,,0
2013-11-12,2013-11-13,The Times of India,http://timesofindia.indiatimes.com/india/No-let-up-in-prices-of-onion-potato-tomato/articleshow/25664320.cms,1,traders nexus,,12
2013-11-13,2013-11-13,The Times of India,http://timesofindia.indiatimes.com/india/No-let-up-in-prices-of-onion-potato-tomato/articleshow/25664320.cms,0,traders nexus,,12
2013-11-14,2013-11-13,The Times of India,http://timesofindia.indiatimes.com/india/No-let-up-in-prices-of-onion-potato-tomato/articleshow/25664320.cms,-1,traders nexus,,12
2013-11-15,2013-11-13,The Times of India,http://timesofindia.indiatimes.com/india/No-let-up-in-prices-of-onion-potato-tomato/articleshow/25664320.cms,-2,traders nexus,,12
2013-11-16,2013-11-13,The Times of India,http://timesofindia.indiatimes.com/india/No-let-up-in-prices-of-onion-potato-tomato/articleshow/25664320.cms,-3,traders nexus,,12
2013-11-17,2013-11-13,The Times of India,http://timesofindia.indiatimes.com/india/No-let-up-in-prices-of-onion-potato-tomato/articleshow/25664320.cms,-4,traders nexus,,12
2013-11-18,2013-11-13,The Times of India,http://timesofindia.indiatimes.com/india/No-let-up-in-prices-of-onion-potato-tomato/articleshow/25664320.cms,-5,traders nexus,,12
2013-11-19,2013-11-15,The Times of India,http://timesofindia.indiatimes.com/business/india-business/Onion-prices-up-278-tomato-122-in-one-year/articleshow/25780005.cms,-4,not stated,,365
2013-11-20,2013-11-15,The Times of India,http://timesofindia.indiatimes.com/business/india-business/Onion-prices-up-278-tomato-122-in-one-year/articleshow/25780005.cms,-5,not stated,,365
2013-11-21,2013-11-19,First Post,http://www.firstpost.com/politics/onion-tomato-price-hoardings-to-malign-party-cong-writes-to-ec-1238589.html,-2,traders nexus,,0
2013-11-22,2013-11-19,First Post,http://www.firstpost.com/politics/onion-tomato-price-hoardings-to-malign-party-cong-writes-to-ec-1238589.html,-3,traders nexus,,0
2013-11-23,2013-11-19,First Post,http://www.firstpost.com/politics/onion-tomato-price-hoardings-to-malign-party-cong-writes-to-ec-1238589.html,-4,traders nexus,,0
2013-11-24,2013-11-19,First Post,http://www.firstpost.com/politics/onion-tomato-price-hoardings-to-malign-party-cong-writes-to-ec-1238589.html,-5,traders nexus,,0
2013-11-27,2013-12-02,First Post,http://www.firstpost.com/politics/the-onion-trackers-of-delhi-what-sheila-dikshit-should-have-been-watching-1261901.html,5,not stated,,10
2013-11-28,2013-12-02,First Post,http://www.firstpost.com/politics/the-onion-trackers-of-delhi-what-sheila-dikshit-should-have-been-watching-1261901.html,4,not stated,,10
2013-11-29,2013-12-02,First Post,http://www.firstpost.com/politics/the-onion-trackers-of-delhi-what-sheila-dikshit-should-have-been-watching-1261901.html,3,not stated,,10
2013-11-30,2013-12-02,First Post,http://www.firstpost.com/politics/the-onion-trackers-of-delhi-what-sheila-dikshit-should-have-been-watching-1261901.html,2,not stated,,10
2013-12-01,2013-12-02,First Post,http://www.firstpost.com/politics/the-onion-trackers-of-delhi-what-sheila-dikshit-should-have-been-watching-1261901.html,1,not stated,,10
2013-12-02,2013-12-02,First Post,http://www.firstpost.com/politics/the-onion-trackers-of-delhi-what-sheila-dikshit-should-have-been-watching-1261901.html,0,not stated,,10
2013-12-03,2013-12-02,First Post,http://www.firstpost.com/politics/the-onion-trackers-of-delhi-what-sheila-dikshit-should-have-been-watching-1261901.html,-1,not stated,,10
2013-12-04,2013-12-02,First Post,http://www.firstpost.com/politics/the-onion-trackers-of-delhi-what-sheila-dikshit-should-have-been-watching-1261901.html,-2,not stated,,10
2013-12-05,2013-12-02,First Post,http://www.firstpost.com/politics/the-onion-trackers-of-delhi-what-sheila-dikshit-should-have-been-watching-1261901.html,-3,not stated,,10
2013-12-06,2013-12-02,First Post,http://www.firstpost.com/politics/the-onion-trackers-of-delhi-what-sheila-dikshit-should-have-been-watching-1261901.html,-4,not stated,,10
2013-12-07,2013-12-02,First Post,http://www.firstpost.com/politics/the-onion-trackers-of-delhi-what-sheila-dikshit-should-have-been-watching-1261901.html,-5,not stated,,10
2013-12-08,2013-12-13,The Economic Times,http://articles.economictimes.indiatimes.com/2015-09-11/news/66434886_1_lasalgaon-apmc-onion-prices-onion-exporters-association,5,not stated,no,None
2013-12-09,2013-12-13,The Economic Times,http://articles.economictimes.indiatimes.com/2015-09-11/news/66434886_1_lasalgaon-apmc-onion-prices-onion-exporters-association,4,not stated,no,None
2013-12-10,2013-12-13,The Economic Times,http://articles.economictimes.indiatimes.com/2015-09-11/news/66434886_1_lasalgaon-apmc-onion-prices-onion-exporters-association,3,not stated,no,None
2013-12-11,2013-12-13,The Economic Times,http://articles.economictimes.indiatimes.com/2015-09-11/news/66434886_1_lasalgaon-apmc-onion-prices-onion-exporters-association,2,not stated,no,None
2013-12-12,2013-12-13,The Economic Times,http://articles.economictimes.indiatimes.com/2015-09-11/news/66434886_1_lasalgaon-apmc-onion-prices-onion-exporters-association,1,not stated,no,None
2013-12-13,2013-12-13,The Economic Times,http://articles.economictimes.indiatimes.com/2015-09-11/news/66434886_1_lasalgaon-apmc-onion-prices-onion-exporters-association,0,not stated,no,None
2013-12-14,2013-12-13,The Economic Times,http://articles.economictimes.indiatimes.com/2015-09-11/news/66434886_1_lasalgaon-apmc-onion-prices-onion-exporters-association,-1,not stated,no,None
2013-12-15,2013-12-13,The Economic Times,http://articles.economictimes.indiatimes.com/2015-09-11/news/66434886_1_lasalgaon-apmc-onion-prices-onion-exporters-association,-2,not stated,no,None
2013-12-16,2013-12-13,The Economic Times,http://articles.economictimes.indiatimes.com/2015-09-11/news/66434886_1_lasalgaon-apmc-onion-prices-onion-exporters-association,-3,not stated,no,None
2013-12-17,2013-12-13,The Economic Times,http://articles.economictimes.indiatimes.com/2015-09-11/news/66434886_1_lasalgaon-apmc-onion-prices-onion-exporters-association,-4,not stated,no,None
2013-12-18,2013-12-13,The Economic Times,http://articles.economictimes.indiatimes.com/2015-09-11/news/66434886_1_lasalgaon-apmc-onion-prices-onion-exporters-association,-5,not stated,no,None
2014-06-29,2014-06-30,Money Control,http://www.moneycontrol.com/news/economy/risefood-prices-centre-swings-into-action_1115868.html,1,not stated,no,None
2014-06-30,2014-06-30,Money Control,http://www.moneycontrol.com/news/economy/risefood-prices-centre-swings-into-action_1115868.html,0,not stated,no,None
2014-07-01,2014-06-30,Money Control,http://www.moneycontrol.com/news/economy/risefood-prices-centre-swings-into-action_1115868.html,-1,not stated,no,None
2014-07-02,2014-06-30,Money Control,http://www.moneycontrol.com/news/economy/risefood-prices-centre-swings-into-action_1115868.html,-2,not stated,no,None
2014-07-03,2014-06-30,Money Control,http://www.moneycontrol.com/news/economy/risefood-prices-centre-swings-into-action_1115868.html,-3,not stated,no,None
2014-07-04,2014-06-30,Money Control,http://www.moneycontrol.com/news/economy/risefood-prices-centre-swings-into-action_1115868.html,-4,not stated,no,None
2014-07-05,2014-06-30,Money Control,http://www.moneycontrol.com/news/economy/risefood-prices-centre-swings-into-action_1115868.html,-5,not stated,no,None
2014-07-13,2014-07-13,The Times of India,http://timesofindia.indiatimes.com/india/Govt-to-check-onion-prices-with-imports/articleshow/38282324.cms,0,low production,,30
2014-07-14,2014-07-13,The Times of India,http://timesofindia.indiatimes.com/india/Govt-to-check-onion-prices-with-imports/articleshow/38282324.cms,-1,low production,,30
2014-07-15,2014-07-13,The Times of India,http://timesofindia.indiatimes.com/india/Govt-to-check-onion-prices-with-imports/articleshow/38282324.cms,-2,low production,,30
2014-07-16,2014-07-13,The Times of India,http://timesofindia.indiatimes.com/india/Govt-to-check-onion-prices-with-imports/articleshow/38282324.cms,-3,low production,,30
2014-07-17,2014-07-13,The Times of India,http://timesofindia.indiatimes.com/india/Govt-to-check-onion-prices-with-imports/articleshow/38282324.cms,-4,low production,,30
2014-07-18,2014-07-13,The Times of India,http://timesofindia.indiatimes.com/india/Govt-to-check-onion-prices-with-imports/articleshow/38282324.cms,-5,low production,,30
2014-07-19,2014-07-15,First Post,http://www.firstpost.com/india/why-modi-sarkaar-should-ready-itself-for-another-fight-with-inflation-1619551.html,-4,not stated,Title : Why Modi sarkaar should ready itself for another fight with inflation , but stated that onion prices are high as compared to last year,30
2015-06-10,2015-06-15,NDTV,http://profit.ndtv.com/news/economy/article-headline-inflation-771716,5,not stated,20 percent rise as compared to last year,365
2015-06-11,2015-06-15,NDTV,http://profit.ndtv.com/news/economy/article-headline-inflation-771716,4,not stated,20 percent rise as compared to last year,365
2015-06-12,2015-06-15,NDTV,http://profit.ndtv.com/news/economy/article-headline-inflation-771716,3,not stated,20 percent rise as compared to last year,365
2015-06-13,2015-06-15,NDTV,http://profit.ndtv.com/news/economy/article-headline-inflation-771716,2,not stated,20 percent rise as compared to last year,365
2015-06-22,2015-06-27,The Times of India,http://timesofindia.indiatimes.com/business/india-business/Govt-raises-minimum-export-price-of-onion-by-175/articleshow/47837967.cms,5,low production,increased by 30 percent in last 3 months,90
2015-06-23,2015-06-27,The Times of India,http://timesofindia.indiatimes.com/business/india-business/Govt-raises-minimum-export-price-of-onion-by-175/articleshow/47837967.cms,4,low production,increased by 30 percent in last 3 months,90
2015-06-24,2015-06-27,The Times of India,http://timesofindia.indiatimes.com/business/india-business/Govt-raises-minimum-export-price-of-onion-by-175/articleshow/47837967.cms,3,low production,increased by 30 percent in last 3 months,90
2015-06-25,2015-06-27,The Times of India,http://timesofindia.indiatimes.com/business/india-business/Govt-raises-minimum-export-price-of-onion-by-175/articleshow/47837967.cms,2,low production,increased by 30 percent in last 3 months,90
2015-06-26,2015-06-27,The Times of India,http://timesofindia.indiatimes.com/business/india-business/Govt-raises-minimum-export-price-of-onion-by-175/articleshow/47837967.cms,1,low production,increased by 30 percent in last 3 months,90
2015-06-27,2015-06-27,The Times of India,http://timesofindia.indiatimes.com/business/india-business/Govt-raises-minimum-export-price-of-onion-by-175/articleshow/47837967.cms,0,low production,increased by 30 percent in last 3 months,90
(4U5) Result:::
Date
News Data
Start Date, End Date,News Source,Link,Days,Reason,Comment,Days Reported
(1 U 2 U 3) ^ (4 U 5) Result:::
Date
News Data
Start Date, End Date,News Source,Link,Days,Reason,Comment,Days Reported
